treino_id,unique_id,ds,y,y_pred,diferença_%,flag,dataset,modelo,comentario,data_treino
2023_cluster_3,Aiuruoca,2023-12-31T00:00:00,1.6,1.318038,17.62,validacao,V44,LSTM,"/media/marcos/Marcos/Codigos/Predicao_Cafe_Arabica/Teste_2_reuniao_16_dez_ajuste_seed_15_01_2026/temp_models/trial_203
Modelo LSTM. Treino: 2012 a 2022. Validação: 2023. Teste: 2024.
Dataset: V44. Log Transform: Não.
Obs: ajuste de seed

Hyperparams:
input_size: 10, h: 1, lr: 0.00011784041988211478, batch: 32, encoder n layers: 3, decoder layers: 3",2026-01-15T23:58:45
2023_cluster_3,Albertina,2023-12-31T00:00:00,1.5,1.4040631,6.4,validacao,V44,LSTM,"/media/marcos/Marcos/Codigos/Predicao_Cafe_Arabica/Teste_2_reuniao_16_dez_ajuste_seed_15_01_2026/temp_models/trial_203
Modelo LSTM. Treino: 2012 a 2022. Validação: 2023. Teste: 2024.
Dataset: V44. Log Transform: Não.
Obs: ajuste de seed

Hyperparams:
input_size: 10, h: 1, lr: 0.00011784041988211478, batch: 32, encoder n layers: 3, decoder layers: 3",2026-01-15T23:58:45
2023_cluster_3,Baependi,2023-12-31T00:00:00,1.439779005524862,1.2449665,13.53,validacao,V44,LSTM,"/media/marcos/Marcos/Codigos/Predicao_Cafe_Arabica/Teste_2_reuniao_16_dez_ajuste_seed_15_01_2026/temp_models/trial_203
Modelo LSTM. Treino: 2012 a 2022. Validação: 2023. Teste: 2024.
Dataset: V44. Log Transform: Não.
Obs: ajuste de seed

Hyperparams:
input_size: 10, h: 1, lr: 0.00011784041988211478, batch: 32, encoder n layers: 3, decoder layers: 3",2026-01-15T23:58:45
2023_cluster_3,Bandeira_do_Sul,2023-12-31T00:00:00,1.5,1.3454368,10.3,validacao,V44,LSTM,"/media/marcos/Marcos/Codigos/Predicao_Cafe_Arabica/Teste_2_reuniao_16_dez_ajuste_seed_15_01_2026/temp_models/trial_203
Modelo LSTM. Treino: 2012 a 2022. Validação: 2023. Teste: 2024.
Dataset: V44. Log Transform: Não.
Obs: ajuste de seed

Hyperparams:
input_size: 10, h: 1, lr: 0.00011784041988211478, batch: 32, encoder n layers: 3, decoder layers: 3",2026-01-15T23:58:45
2023_cluster_3,Borda_da_Mata,2023-12-31T00:00:00,1.290476190476191,1.3712666,6.26,validacao,V44,LSTM,"/media/marcos/Marcos/Codigos/Predicao_Cafe_Arabica/Teste_2_reuniao_16_dez_ajuste_seed_15_01_2026/temp_models/trial_203
Modelo LSTM. Treino: 2012 a 2022. Validação: 2023. Teste: 2024.
Dataset: V44. Log Transform: Não.
Obs: ajuste de seed

Hyperparams:
input_size: 10, h: 1, lr: 0.00011784041988211478, batch: 32, encoder n layers: 3, decoder layers: 3",2026-01-15T23:58:45
2023_cluster_3,Brazopolis,2023-12-31T00:00:00,1.440389294403893,1.2980316,9.88,validacao,V44,LSTM,"/media/marcos/Marcos/Codigos/Predicao_Cafe_Arabica/Teste_2_reuniao_16_dez_ajuste_seed_15_01_2026/temp_models/trial_203
Modelo LSTM. Treino: 2012 a 2022. Validação: 2023. Teste: 2024.
Dataset: V44. Log Transform: Não.
Obs: ajuste de seed

Hyperparams:
input_size: 10, h: 1, lr: 0.00011784041988211478, batch: 32, encoder n layers: 3, decoder layers: 3",2026-01-15T23:58:45
2023_cluster_3,Bueno_Brandao,2023-12-31T00:00:00,1.379901960784314,1.4522947,5.25,validacao,V44,LSTM,"/media/marcos/Marcos/Codigos/Predicao_Cafe_Arabica/Teste_2_reuniao_16_dez_ajuste_seed_15_01_2026/temp_models/trial_203
Modelo LSTM. Treino: 2012 a 2022. Validação: 2023. Teste: 2024.
Dataset: V44. Log Transform: Não.
Obs: ajuste de seed

Hyperparams:
input_size: 10, h: 1, lr: 0.00011784041988211478, batch: 32, encoder n layers: 3, decoder layers: 3",2026-01-15T23:58:45
2023_cluster_3,Cachoeira_de_Minas,2023-12-31T00:00:00,1.620408163265306,1.6243705,0.24,validacao,V44,LSTM,"/media/marcos/Marcos/Codigos/Predicao_Cafe_Arabica/Teste_2_reuniao_16_dez_ajuste_seed_15_01_2026/temp_models/trial_203
Modelo LSTM. Treino: 2012 a 2022. Validação: 2023. Teste: 2024.
Dataset: V44. Log Transform: Não.
Obs: ajuste de seed

Hyperparams:
input_size: 10, h: 1, lr: 0.00011784041988211478, batch: 32, encoder n layers: 3, decoder layers: 3",2026-01-15T23:58:45
2023_cluster_3,Caldas,2023-12-31T00:00:00,1.56,1.3905427,10.86,validacao,V44,LSTM,"/media/marcos/Marcos/Codigos/Predicao_Cafe_Arabica/Teste_2_reuniao_16_dez_ajuste_seed_15_01_2026/temp_models/trial_203
Modelo LSTM. Treino: 2012 a 2022. Validação: 2023. Teste: 2024.
Dataset: V44. Log Transform: Não.
Obs: ajuste de seed

Hyperparams:
input_size: 10, h: 1, lr: 0.00011784041988211478, batch: 32, encoder n layers: 3, decoder layers: 3",2026-01-15T23:58:45
2023_cluster_3,Cambuquira,2023-12-31T00:00:00,1.56,1.390403,10.87,validacao,V44,LSTM,"/media/marcos/Marcos/Codigos/Predicao_Cafe_Arabica/Teste_2_reuniao_16_dez_ajuste_seed_15_01_2026/temp_models/trial_203
Modelo LSTM. Treino: 2012 a 2022. Validação: 2023. Teste: 2024.
Dataset: V44. Log Transform: Não.
Obs: ajuste de seed

Hyperparams:
input_size: 10, h: 1, lr: 0.00011784041988211478, batch: 32, encoder n layers: 3, decoder layers: 3",2026-01-15T23:58:45
2023_cluster_3,Campanha,2023-12-31T00:00:00,1.327075098814229,1.3426667,1.17,validacao,V44,LSTM,"/media/marcos/Marcos/Codigos/Predicao_Cafe_Arabica/Teste_2_reuniao_16_dez_ajuste_seed_15_01_2026/temp_models/trial_203
Modelo LSTM. Treino: 2012 a 2022. Validação: 2023. Teste: 2024.
Dataset: V44. Log Transform: Não.
Obs: ajuste de seed

Hyperparams:
input_size: 10, h: 1, lr: 0.00011784041988211478, batch: 32, encoder n layers: 3, decoder layers: 3",2026-01-15T23:58:45
2023_cluster_3,Careacu,2023-12-31T00:00:00,1.5,1.277646,14.82,validacao,V44,LSTM,"/media/marcos/Marcos/Codigos/Predicao_Cafe_Arabica/Teste_2_reuniao_16_dez_ajuste_seed_15_01_2026/temp_models/trial_203
Modelo LSTM. Treino: 2012 a 2022. Validação: 2023. Teste: 2024.
Dataset: V44. Log Transform: Não.
Obs: ajuste de seed

Hyperparams:
input_size: 10, h: 1, lr: 0.00011784041988211478, batch: 32, encoder n layers: 3, decoder layers: 3",2026-01-15T23:58:45
2023_cluster_3,Carmo_da_Cachoeira,2023-12-31T00:00:00,1.32,1.3758247,4.23,validacao,V44,LSTM,"/media/marcos/Marcos/Codigos/Predicao_Cafe_Arabica/Teste_2_reuniao_16_dez_ajuste_seed_15_01_2026/temp_models/trial_203
Modelo LSTM. Treino: 2012 a 2022. Validação: 2023. Teste: 2024.
Dataset: V44. Log Transform: Não.
Obs: ajuste de seed

Hyperparams:
input_size: 10, h: 1, lr: 0.00011784041988211478, batch: 32, encoder n layers: 3, decoder layers: 3",2026-01-15T23:58:45
2023_cluster_3,Carmo_de_Minas,2023-12-31T00:00:00,1.5,1.4088088,6.08,validacao,V44,LSTM,"/media/marcos/Marcos/Codigos/Predicao_Cafe_Arabica/Teste_2_reuniao_16_dez_ajuste_seed_15_01_2026/temp_models/trial_203
Modelo LSTM. Treino: 2012 a 2022. Validação: 2023. Teste: 2024.
Dataset: V44. Log Transform: Não.
Obs: ajuste de seed

Hyperparams:
input_size: 10, h: 1, lr: 0.00011784041988211478, batch: 32, encoder n layers: 3, decoder layers: 3",2026-01-15T23:58:45
2023_cluster_3,Carrancas,2023-12-31T00:00:00,1.214285714285714,1.3907763,14.53,validacao,V44,LSTM,"/media/marcos/Marcos/Codigos/Predicao_Cafe_Arabica/Teste_2_reuniao_16_dez_ajuste_seed_15_01_2026/temp_models/trial_203
Modelo LSTM. Treino: 2012 a 2022. Validação: 2023. Teste: 2024.
Dataset: V44. Log Transform: Não.
Obs: ajuste de seed

Hyperparams:
input_size: 10, h: 1, lr: 0.00011784041988211478, batch: 32, encoder n layers: 3, decoder layers: 3",2026-01-15T23:58:45
2023_cluster_3,Carvalhopolis,2023-12-31T00:00:00,1.560106382978723,1.449002,7.12,validacao,V44,LSTM,"/media/marcos/Marcos/Codigos/Predicao_Cafe_Arabica/Teste_2_reuniao_16_dez_ajuste_seed_15_01_2026/temp_models/trial_203
Modelo LSTM. Treino: 2012 a 2022. Validação: 2023. Teste: 2024.
Dataset: V44. Log Transform: Não.
Obs: ajuste de seed

Hyperparams:
input_size: 10, h: 1, lr: 0.00011784041988211478, batch: 32, encoder n layers: 3, decoder layers: 3",2026-01-15T23:58:45
2023_cluster_3,Conceicao_das_Pedras,2023-12-31T00:00:00,1.559888579387187,1.4836869,4.89,validacao,V44,LSTM,"/media/marcos/Marcos/Codigos/Predicao_Cafe_Arabica/Teste_2_reuniao_16_dez_ajuste_seed_15_01_2026/temp_models/trial_203
Modelo LSTM. Treino: 2012 a 2022. Validação: 2023. Teste: 2024.
Dataset: V44. Log Transform: Não.
Obs: ajuste de seed

Hyperparams:
input_size: 10, h: 1, lr: 0.00011784041988211478, batch: 32, encoder n layers: 3, decoder layers: 3",2026-01-15T23:58:45
2023_cluster_3,Conceicao_do_Rio_Verde,2023-12-31T00:00:00,1.44,1.5588509,8.25,validacao,V44,LSTM,"/media/marcos/Marcos/Codigos/Predicao_Cafe_Arabica/Teste_2_reuniao_16_dez_ajuste_seed_15_01_2026/temp_models/trial_203
Modelo LSTM. Treino: 2012 a 2022. Validação: 2023. Teste: 2024.
Dataset: V44. Log Transform: Não.
Obs: ajuste de seed

Hyperparams:
input_size: 10, h: 1, lr: 0.00011784041988211478, batch: 32, encoder n layers: 3, decoder layers: 3",2026-01-15T23:58:45
2023_cluster_3,Conceicao_dos_Ouros,2023-12-31T00:00:00,1.422222222222222,1.36085,4.32,validacao,V44,LSTM,"/media/marcos/Marcos/Codigos/Predicao_Cafe_Arabica/Teste_2_reuniao_16_dez_ajuste_seed_15_01_2026/temp_models/trial_203
Modelo LSTM. Treino: 2012 a 2022. Validação: 2023. Teste: 2024.
Dataset: V44. Log Transform: Não.
Obs: ajuste de seed

Hyperparams:
input_size: 10, h: 1, lr: 0.00011784041988211478, batch: 32, encoder n layers: 3, decoder layers: 3",2026-01-15T23:58:45
2023_cluster_3,Congonhal,2023-12-31T00:00:00,1.2,1.4873478,23.95,validacao,V44,LSTM,"/media/marcos/Marcos/Codigos/Predicao_Cafe_Arabica/Teste_2_reuniao_16_dez_ajuste_seed_15_01_2026/temp_models/trial_203
Modelo LSTM. Treino: 2012 a 2022. Validação: 2023. Teste: 2024.
Dataset: V44. Log Transform: Não.
Obs: ajuste de seed

Hyperparams:
input_size: 10, h: 1, lr: 0.00011784041988211478, batch: 32, encoder n layers: 3, decoder layers: 3",2026-01-15T23:58:45
2023_cluster_3,Cordislandia,2023-12-31T00:00:00,1.14,1.3627815,19.54,validacao,V44,LSTM,"/media/marcos/Marcos/Codigos/Predicao_Cafe_Arabica/Teste_2_reuniao_16_dez_ajuste_seed_15_01_2026/temp_models/trial_203
Modelo LSTM. Treino: 2012 a 2022. Validação: 2023. Teste: 2024.
Dataset: V44. Log Transform: Não.
Obs: ajuste de seed

Hyperparams:
input_size: 10, h: 1, lr: 0.00011784041988211478, batch: 32, encoder n layers: 3, decoder layers: 3",2026-01-15T23:58:45
2023_cluster_3,Cristina,2023-12-31T00:00:00,1.68,1.452034,13.57,validacao,V44,LSTM,"/media/marcos/Marcos/Codigos/Predicao_Cafe_Arabica/Teste_2_reuniao_16_dez_ajuste_seed_15_01_2026/temp_models/trial_203
Modelo LSTM. Treino: 2012 a 2022. Validação: 2023. Teste: 2024.
Dataset: V44. Log Transform: Não.
Obs: ajuste de seed

Hyperparams:
input_size: 10, h: 1, lr: 0.00011784041988211478, batch: 32, encoder n layers: 3, decoder layers: 3",2026-01-15T23:58:45
2023_cluster_3,Datas,2023-12-31T00:00:00,0.6666666666666666,1.0976636,64.65,validacao,V44,LSTM,"/media/marcos/Marcos/Codigos/Predicao_Cafe_Arabica/Teste_2_reuniao_16_dez_ajuste_seed_15_01_2026/temp_models/trial_203
Modelo LSTM. Treino: 2012 a 2022. Validação: 2023. Teste: 2024.
Dataset: V44. Log Transform: Não.
Obs: ajuste de seed

Hyperparams:
input_size: 10, h: 1, lr: 0.00011784041988211478, batch: 32, encoder n layers: 3, decoder layers: 3",2026-01-15T23:58:45
2023_cluster_3,Dom_Vicoso,2023-12-31T00:00:00,1.32,1.3473309,2.07,validacao,V44,LSTM,"/media/marcos/Marcos/Codigos/Predicao_Cafe_Arabica/Teste_2_reuniao_16_dez_ajuste_seed_15_01_2026/temp_models/trial_203
Modelo LSTM. Treino: 2012 a 2022. Validação: 2023. Teste: 2024.
Dataset: V44. Log Transform: Não.
Obs: ajuste de seed

Hyperparams:
input_size: 10, h: 1, lr: 0.00011784041988211478, batch: 32, encoder n layers: 3, decoder layers: 3",2026-01-15T23:58:45
2023_cluster_3,Fama,2023-12-31T00:00:00,1.559677419354839,1.3244658,15.08,validacao,V44,LSTM,"/media/marcos/Marcos/Codigos/Predicao_Cafe_Arabica/Teste_2_reuniao_16_dez_ajuste_seed_15_01_2026/temp_models/trial_203
Modelo LSTM. Treino: 2012 a 2022. Validação: 2023. Teste: 2024.
Dataset: V44. Log Transform: Não.
Obs: ajuste de seed

Hyperparams:
input_size: 10, h: 1, lr: 0.00011784041988211478, batch: 32, encoder n layers: 3, decoder layers: 3",2026-01-15T23:58:45
2023_cluster_3,Fortaleza_de_Minas,2023-12-31T00:00:00,1.5,1.3165562,12.23,validacao,V44,LSTM,"/media/marcos/Marcos/Codigos/Predicao_Cafe_Arabica/Teste_2_reuniao_16_dez_ajuste_seed_15_01_2026/temp_models/trial_203
Modelo LSTM. Treino: 2012 a 2022. Validação: 2023. Teste: 2024.
Dataset: V44. Log Transform: Não.
Obs: ajuste de seed

Hyperparams:
input_size: 10, h: 1, lr: 0.00011784041988211478, batch: 32, encoder n layers: 3, decoder layers: 3",2026-01-15T23:58:45
2023_cluster_3,Heliodora,2023-12-31T00:00:00,1.439872408293461,1.3520935,6.1,validacao,V44,LSTM,"/media/marcos/Marcos/Codigos/Predicao_Cafe_Arabica/Teste_2_reuniao_16_dez_ajuste_seed_15_01_2026/temp_models/trial_203
Modelo LSTM. Treino: 2012 a 2022. Validação: 2023. Teste: 2024.
Dataset: V44. Log Transform: Não.
Obs: ajuste de seed

Hyperparams:
input_size: 10, h: 1, lr: 0.00011784041988211478, batch: 32, encoder n layers: 3, decoder layers: 3",2026-01-15T23:58:45
2023_cluster_3,Ibitiura_de_Minas,2023-12-31T00:00:00,1.150344827586207,1.5914929,38.35,validacao,V44,LSTM,"/media/marcos/Marcos/Codigos/Predicao_Cafe_Arabica/Teste_2_reuniao_16_dez_ajuste_seed_15_01_2026/temp_models/trial_203
Modelo LSTM. Treino: 2012 a 2022. Validação: 2023. Teste: 2024.
Dataset: V44. Log Transform: Não.
Obs: ajuste de seed

Hyperparams:
input_size: 10, h: 1, lr: 0.00011784041988211478, batch: 32, encoder n layers: 3, decoder layers: 3",2026-01-15T23:58:45
2023_cluster_3,Inconfidentes,2023-12-31T00:00:00,1.740136054421769,1.6779068,3.58,validacao,V44,LSTM,"/media/marcos/Marcos/Codigos/Predicao_Cafe_Arabica/Teste_2_reuniao_16_dez_ajuste_seed_15_01_2026/temp_models/trial_203
Modelo LSTM. Treino: 2012 a 2022. Validação: 2023. Teste: 2024.
Dataset: V44. Log Transform: Não.
Obs: ajuste de seed

Hyperparams:
input_size: 10, h: 1, lr: 0.00011784041988211478, batch: 32, encoder n layers: 3, decoder layers: 3",2026-01-15T23:58:45
2023_cluster_3,Ingai,2023-12-31T00:00:00,1.619771863117871,1.4848514,8.33,validacao,V44,LSTM,"/media/marcos/Marcos/Codigos/Predicao_Cafe_Arabica/Teste_2_reuniao_16_dez_ajuste_seed_15_01_2026/temp_models/trial_203
Modelo LSTM. Treino: 2012 a 2022. Validação: 2023. Teste: 2024.
Dataset: V44. Log Transform: Não.
Obs: ajuste de seed

Hyperparams:
input_size: 10, h: 1, lr: 0.00011784041988211478, batch: 32, encoder n layers: 3, decoder layers: 3",2026-01-15T23:58:45
2023_cluster_3,Itajuba,2023-12-31T00:00:00,1.586206896551724,1.4862388,6.3,validacao,V44,LSTM,"/media/marcos/Marcos/Codigos/Predicao_Cafe_Arabica/Teste_2_reuniao_16_dez_ajuste_seed_15_01_2026/temp_models/trial_203
Modelo LSTM. Treino: 2012 a 2022. Validação: 2023. Teste: 2024.
Dataset: V44. Log Transform: Não.
Obs: ajuste de seed

Hyperparams:
input_size: 10, h: 1, lr: 0.00011784041988211478, batch: 32, encoder n layers: 3, decoder layers: 3",2026-01-15T23:58:45
2023_cluster_3,Itutinga,2023-12-31T00:00:00,1.5,1.471463,1.9,validacao,V44,LSTM,"/media/marcos/Marcos/Codigos/Predicao_Cafe_Arabica/Teste_2_reuniao_16_dez_ajuste_seed_15_01_2026/temp_models/trial_203
Modelo LSTM. Treino: 2012 a 2022. Validação: 2023. Teste: 2024.
Dataset: V44. Log Transform: Não.
Obs: ajuste de seed

Hyperparams:
input_size: 10, h: 1, lr: 0.00011784041988211478, batch: 32, encoder n layers: 3, decoder layers: 3",2026-01-15T23:58:45
2023_cluster_3,Jesuania,2023-12-31T00:00:00,1.26,1.3197461,4.74,validacao,V44,LSTM,"/media/marcos/Marcos/Codigos/Predicao_Cafe_Arabica/Teste_2_reuniao_16_dez_ajuste_seed_15_01_2026/temp_models/trial_203
Modelo LSTM. Treino: 2012 a 2022. Validação: 2023. Teste: 2024.
Dataset: V44. Log Transform: Não.
Obs: ajuste de seed

Hyperparams:
input_size: 10, h: 1, lr: 0.00011784041988211478, batch: 32, encoder n layers: 3, decoder layers: 3",2026-01-15T23:58:45
2023_cluster_3,Lambari,2023-12-31T00:00:00,1.56,1.3304877,14.71,validacao,V44,LSTM,"/media/marcos/Marcos/Codigos/Predicao_Cafe_Arabica/Teste_2_reuniao_16_dez_ajuste_seed_15_01_2026/temp_models/trial_203
Modelo LSTM. Treino: 2012 a 2022. Validação: 2023. Teste: 2024.
Dataset: V44. Log Transform: Não.
Obs: ajuste de seed

Hyperparams:
input_size: 10, h: 1, lr: 0.00011784041988211478, batch: 32, encoder n layers: 3, decoder layers: 3",2026-01-15T23:58:45
2023_cluster_3,Luminarias,2023-12-31T00:00:00,1.260224719101124,1.4556903,15.51,validacao,V44,LSTM,"/media/marcos/Marcos/Codigos/Predicao_Cafe_Arabica/Teste_2_reuniao_16_dez_ajuste_seed_15_01_2026/temp_models/trial_203
Modelo LSTM. Treino: 2012 a 2022. Validação: 2023. Teste: 2024.
Dataset: V44. Log Transform: Não.
Obs: ajuste de seed

Hyperparams:
input_size: 10, h: 1, lr: 0.00011784041988211478, batch: 32, encoder n layers: 3, decoder layers: 3",2026-01-15T23:58:45
2023_cluster_3,Maria_da_Fe,2023-12-31T00:00:00,1.422222222222222,1.4334916,0.79,validacao,V44,LSTM,"/media/marcos/Marcos/Codigos/Predicao_Cafe_Arabica/Teste_2_reuniao_16_dez_ajuste_seed_15_01_2026/temp_models/trial_203
Modelo LSTM. Treino: 2012 a 2022. Validação: 2023. Teste: 2024.
Dataset: V44. Log Transform: Não.
Obs: ajuste de seed

Hyperparams:
input_size: 10, h: 1, lr: 0.00011784041988211478, batch: 32, encoder n layers: 3, decoder layers: 3",2026-01-15T23:58:45
2023_cluster_3,Monsenhor_Paulo,2023-12-31T00:00:00,1.389931972789116,1.3839356,0.43,validacao,V44,LSTM,"/media/marcos/Marcos/Codigos/Predicao_Cafe_Arabica/Teste_2_reuniao_16_dez_ajuste_seed_15_01_2026/temp_models/trial_203
Modelo LSTM. Treino: 2012 a 2022. Validação: 2023. Teste: 2024.
Dataset: V44. Log Transform: Não.
Obs: ajuste de seed

Hyperparams:
input_size: 10, h: 1, lr: 0.00011784041988211478, batch: 32, encoder n layers: 3, decoder layers: 3",2026-01-15T23:58:45
2023_cluster_3,Monte_Siao,2023-12-31T00:00:00,1.5,1.2204459,18.64,validacao,V44,LSTM,"/media/marcos/Marcos/Codigos/Predicao_Cafe_Arabica/Teste_2_reuniao_16_dez_ajuste_seed_15_01_2026/temp_models/trial_203
Modelo LSTM. Treino: 2012 a 2022. Validação: 2023. Teste: 2024.
Dataset: V44. Log Transform: Não.
Obs: ajuste de seed

Hyperparams:
input_size: 10, h: 1, lr: 0.00011784041988211478, batch: 32, encoder n layers: 3, decoder layers: 3",2026-01-15T23:58:45
2023_cluster_3,Natercia,2023-12-31T00:00:00,1.5,1.4454248,3.64,validacao,V44,LSTM,"/media/marcos/Marcos/Codigos/Predicao_Cafe_Arabica/Teste_2_reuniao_16_dez_ajuste_seed_15_01_2026/temp_models/trial_203
Modelo LSTM. Treino: 2012 a 2022. Validação: 2023. Teste: 2024.
Dataset: V44. Log Transform: Não.
Obs: ajuste de seed

Hyperparams:
input_size: 10, h: 1, lr: 0.00011784041988211478, batch: 32, encoder n layers: 3, decoder layers: 3",2026-01-15T23:58:45
2023_cluster_3,Olimpio_Noronha,2023-12-31T00:00:00,1.2,1.2735358,6.13,validacao,V44,LSTM,"/media/marcos/Marcos/Codigos/Predicao_Cafe_Arabica/Teste_2_reuniao_16_dez_ajuste_seed_15_01_2026/temp_models/trial_203
Modelo LSTM. Treino: 2012 a 2022. Validação: 2023. Teste: 2024.
Dataset: V44. Log Transform: Não.
Obs: ajuste de seed

Hyperparams:
input_size: 10, h: 1, lr: 0.00011784041988211478, batch: 32, encoder n layers: 3, decoder layers: 3",2026-01-15T23:58:45
2023_cluster_3,Ouro_Fino,2023-12-31T00:00:00,1.68,1.4164437,15.69,validacao,V44,LSTM,"/media/marcos/Marcos/Codigos/Predicao_Cafe_Arabica/Teste_2_reuniao_16_dez_ajuste_seed_15_01_2026/temp_models/trial_203
Modelo LSTM. Treino: 2012 a 2022. Validação: 2023. Teste: 2024.
Dataset: V44. Log Transform: Não.
Obs: ajuste de seed

Hyperparams:
input_size: 10, h: 1, lr: 0.00011784041988211478, batch: 32, encoder n layers: 3, decoder layers: 3",2026-01-15T23:58:45
2023_cluster_3,Paraisopolis,2023-12-31T00:00:00,1.2,1.5079665,25.66,validacao,V44,LSTM,"/media/marcos/Marcos/Codigos/Predicao_Cafe_Arabica/Teste_2_reuniao_16_dez_ajuste_seed_15_01_2026/temp_models/trial_203
Modelo LSTM. Treino: 2012 a 2022. Validação: 2023. Teste: 2024.
Dataset: V44. Log Transform: Não.
Obs: ajuste de seed

Hyperparams:
input_size: 10, h: 1, lr: 0.00011784041988211478, batch: 32, encoder n layers: 3, decoder layers: 3",2026-01-15T23:58:45
2023_cluster_3,Pedralva,2023-12-31T00:00:00,1.67998417721519,1.4844623,11.64,validacao,V44,LSTM,"/media/marcos/Marcos/Codigos/Predicao_Cafe_Arabica/Teste_2_reuniao_16_dez_ajuste_seed_15_01_2026/temp_models/trial_203
Modelo LSTM. Treino: 2012 a 2022. Validação: 2023. Teste: 2024.
Dataset: V44. Log Transform: Não.
Obs: ajuste de seed

Hyperparams:
input_size: 10, h: 1, lr: 0.00011784041988211478, batch: 32, encoder n layers: 3, decoder layers: 3",2026-01-15T23:58:45
2023_cluster_3,Pirangucu,2023-12-31T00:00:00,1.333333333333333,1.2678001,4.91,validacao,V44,LSTM,"/media/marcos/Marcos/Codigos/Predicao_Cafe_Arabica/Teste_2_reuniao_16_dez_ajuste_seed_15_01_2026/temp_models/trial_203
Modelo LSTM. Treino: 2012 a 2022. Validação: 2023. Teste: 2024.
Dataset: V44. Log Transform: Não.
Obs: ajuste de seed

Hyperparams:
input_size: 10, h: 1, lr: 0.00011784041988211478, batch: 32, encoder n layers: 3, decoder layers: 3",2026-01-15T23:58:45
2023_cluster_3,Piranguinho,2023-12-31T00:00:00,1.460887949260042,1.3883,4.97,validacao,V44,LSTM,"/media/marcos/Marcos/Codigos/Predicao_Cafe_Arabica/Teste_2_reuniao_16_dez_ajuste_seed_15_01_2026/temp_models/trial_203
Modelo LSTM. Treino: 2012 a 2022. Validação: 2023. Teste: 2024.
Dataset: V44. Log Transform: Não.
Obs: ajuste de seed

Hyperparams:
input_size: 10, h: 1, lr: 0.00011784041988211478, batch: 32, encoder n layers: 3, decoder layers: 3",2026-01-15T23:58:45
2023_cluster_3,Poco_Fundo,2023-12-31T00:00:00,1.380160799652325,1.2367461,10.39,validacao,V44,LSTM,"/media/marcos/Marcos/Codigos/Predicao_Cafe_Arabica/Teste_2_reuniao_16_dez_ajuste_seed_15_01_2026/temp_models/trial_203
Modelo LSTM. Treino: 2012 a 2022. Validação: 2023. Teste: 2024.
Dataset: V44. Log Transform: Não.
Obs: ajuste de seed

Hyperparams:
input_size: 10, h: 1, lr: 0.00011784041988211478, batch: 32, encoder n layers: 3, decoder layers: 3",2026-01-15T23:58:45
2023_cluster_3,Pocos_de_Caldas,2023-12-31T00:00:00,1.5,1.3139539,12.4,validacao,V44,LSTM,"/media/marcos/Marcos/Codigos/Predicao_Cafe_Arabica/Teste_2_reuniao_16_dez_ajuste_seed_15_01_2026/temp_models/trial_203
Modelo LSTM. Treino: 2012 a 2022. Validação: 2023. Teste: 2024.
Dataset: V44. Log Transform: Não.
Obs: ajuste de seed

Hyperparams:
input_size: 10, h: 1, lr: 0.00011784041988211478, batch: 32, encoder n layers: 3, decoder layers: 3",2026-01-15T23:58:45
2023_cluster_3,Pouso_Alegre,2023-12-31T00:00:00,1.566666666666667,1.2909706,17.6,validacao,V44,LSTM,"/media/marcos/Marcos/Codigos/Predicao_Cafe_Arabica/Teste_2_reuniao_16_dez_ajuste_seed_15_01_2026/temp_models/trial_203
Modelo LSTM. Treino: 2012 a 2022. Validação: 2023. Teste: 2024.
Dataset: V44. Log Transform: Não.
Obs: ajuste de seed

Hyperparams:
input_size: 10, h: 1, lr: 0.00011784041988211478, batch: 32, encoder n layers: 3, decoder layers: 3",2026-01-15T23:58:45
2023_cluster_3,Pouso_Alto,2023-12-31T00:00:00,1.8,1.4534595,19.25,validacao,V44,LSTM,"/media/marcos/Marcos/Codigos/Predicao_Cafe_Arabica/Teste_2_reuniao_16_dez_ajuste_seed_15_01_2026/temp_models/trial_203
Modelo LSTM. Treino: 2012 a 2022. Validação: 2023. Teste: 2024.
Dataset: V44. Log Transform: Não.
Obs: ajuste de seed

Hyperparams:
input_size: 10, h: 1, lr: 0.00011784041988211478, batch: 32, encoder n layers: 3, decoder layers: 3",2026-01-15T23:58:45
2023_cluster_3,Santa_Rita_de_Caldas,2023-12-31T00:00:00,1.68,1.7608833,4.81,validacao,V44,LSTM,"/media/marcos/Marcos/Codigos/Predicao_Cafe_Arabica/Teste_2_reuniao_16_dez_ajuste_seed_15_01_2026/temp_models/trial_203
Modelo LSTM. Treino: 2012 a 2022. Validação: 2023. Teste: 2024.
Dataset: V44. Log Transform: Não.
Obs: ajuste de seed

Hyperparams:
input_size: 10, h: 1, lr: 0.00011784041988211478, batch: 32, encoder n layers: 3, decoder layers: 3",2026-01-15T23:58:45
2023_cluster_3,Santa_Rita_do_Sapucai,2023-12-31T00:00:00,1.38,1.4449301,4.71,validacao,V44,LSTM,"/media/marcos/Marcos/Codigos/Predicao_Cafe_Arabica/Teste_2_reuniao_16_dez_ajuste_seed_15_01_2026/temp_models/trial_203
Modelo LSTM. Treino: 2012 a 2022. Validação: 2023. Teste: 2024.
Dataset: V44. Log Transform: Não.
Obs: ajuste de seed

Hyperparams:
input_size: 10, h: 1, lr: 0.00011784041988211478, batch: 32, encoder n layers: 3, decoder layers: 3",2026-01-15T23:58:45
2023_cluster_3,Sao_Bento_Abade,2023-12-31T00:00:00,1.5,1.4570903,2.86,validacao,V44,LSTM,"/media/marcos/Marcos/Codigos/Predicao_Cafe_Arabica/Teste_2_reuniao_16_dez_ajuste_seed_15_01_2026/temp_models/trial_203
Modelo LSTM. Treino: 2012 a 2022. Validação: 2023. Teste: 2024.
Dataset: V44. Log Transform: Não.
Obs: ajuste de seed

Hyperparams:
input_size: 10, h: 1, lr: 0.00011784041988211478, batch: 32, encoder n layers: 3, decoder layers: 3",2026-01-15T23:58:45
2023_cluster_3,Sao_Goncalo_do_Sapucai,2023-12-31T00:00:00,1.2,1.4744928,22.87,validacao,V44,LSTM,"/media/marcos/Marcos/Codigos/Predicao_Cafe_Arabica/Teste_2_reuniao_16_dez_ajuste_seed_15_01_2026/temp_models/trial_203
Modelo LSTM. Treino: 2012 a 2022. Validação: 2023. Teste: 2024.
Dataset: V44. Log Transform: Não.
Obs: ajuste de seed

Hyperparams:
input_size: 10, h: 1, lr: 0.00011784041988211478, batch: 32, encoder n layers: 3, decoder layers: 3",2026-01-15T23:58:45
2023_cluster_3,Sao_Joao_da_Mata,2023-12-31T00:00:00,1.08,1.2182435,12.8,validacao,V44,LSTM,"/media/marcos/Marcos/Codigos/Predicao_Cafe_Arabica/Teste_2_reuniao_16_dez_ajuste_seed_15_01_2026/temp_models/trial_203
Modelo LSTM. Treino: 2012 a 2022. Validação: 2023. Teste: 2024.
Dataset: V44. Log Transform: Não.
Obs: ajuste de seed

Hyperparams:
input_size: 10, h: 1, lr: 0.00011784041988211478, batch: 32, encoder n layers: 3, decoder layers: 3",2026-01-15T23:58:45
2023_cluster_3,Sao_Joao_del_Rei,2023-12-31T00:00:00,1.799568965517241,1.5649996,13.03,validacao,V44,LSTM,"/media/marcos/Marcos/Codigos/Predicao_Cafe_Arabica/Teste_2_reuniao_16_dez_ajuste_seed_15_01_2026/temp_models/trial_203
Modelo LSTM. Treino: 2012 a 2022. Validação: 2023. Teste: 2024.
Dataset: V44. Log Transform: Não.
Obs: ajuste de seed

Hyperparams:
input_size: 10, h: 1, lr: 0.00011784041988211478, batch: 32, encoder n layers: 3, decoder layers: 3",2026-01-15T23:58:45
2023_cluster_3,Sao_Lourenco,2023-12-31T00:00:00,1.5,1.7363625,15.76,validacao,V44,LSTM,"/media/marcos/Marcos/Codigos/Predicao_Cafe_Arabica/Teste_2_reuniao_16_dez_ajuste_seed_15_01_2026/temp_models/trial_203
Modelo LSTM. Treino: 2012 a 2022. Validação: 2023. Teste: 2024.
Dataset: V44. Log Transform: Não.
Obs: ajuste de seed

Hyperparams:
input_size: 10, h: 1, lr: 0.00011784041988211478, batch: 32, encoder n layers: 3, decoder layers: 3",2026-01-15T23:58:45
2023_cluster_3,Sao_Sebastiao_da_Bela_Vista,2023-12-31T00:00:00,1.5,1.3499907,10.0,validacao,V44,LSTM,"/media/marcos/Marcos/Codigos/Predicao_Cafe_Arabica/Teste_2_reuniao_16_dez_ajuste_seed_15_01_2026/temp_models/trial_203
Modelo LSTM. Treino: 2012 a 2022. Validação: 2023. Teste: 2024.
Dataset: V44. Log Transform: Não.
Obs: ajuste de seed

Hyperparams:
input_size: 10, h: 1, lr: 0.00011784041988211478, batch: 32, encoder n layers: 3, decoder layers: 3",2026-01-15T23:58:45
2023_cluster_3,Sao_Tome_das_Letras,2023-12-31T00:00:00,1.09812734082397,1.3682587,24.6,validacao,V44,LSTM,"/media/marcos/Marcos/Codigos/Predicao_Cafe_Arabica/Teste_2_reuniao_16_dez_ajuste_seed_15_01_2026/temp_models/trial_203
Modelo LSTM. Treino: 2012 a 2022. Validação: 2023. Teste: 2024.
Dataset: V44. Log Transform: Não.
Obs: ajuste de seed

Hyperparams:
input_size: 10, h: 1, lr: 0.00011784041988211478, batch: 32, encoder n layers: 3, decoder layers: 3",2026-01-15T23:58:45
2023_cluster_3,Senador_Jose_Bento,2023-12-31T00:00:00,1.2,1.3029461,8.58,validacao,V44,LSTM,"/media/marcos/Marcos/Codigos/Predicao_Cafe_Arabica/Teste_2_reuniao_16_dez_ajuste_seed_15_01_2026/temp_models/trial_203
Modelo LSTM. Treino: 2012 a 2022. Validação: 2023. Teste: 2024.
Dataset: V44. Log Transform: Não.
Obs: ajuste de seed

Hyperparams:
input_size: 10, h: 1, lr: 0.00011784041988211478, batch: 32, encoder n layers: 3, decoder layers: 3",2026-01-15T23:58:45
2023_cluster_3,Serrania,2023-12-31T00:00:00,0.9,1.3123211,45.81,validacao,V44,LSTM,"/media/marcos/Marcos/Codigos/Predicao_Cafe_Arabica/Teste_2_reuniao_16_dez_ajuste_seed_15_01_2026/temp_models/trial_203
Modelo LSTM. Treino: 2012 a 2022. Validação: 2023. Teste: 2024.
Dataset: V44. Log Transform: Não.
Obs: ajuste de seed

Hyperparams:
input_size: 10, h: 1, lr: 0.00011784041988211478, batch: 32, encoder n layers: 3, decoder layers: 3",2026-01-15T23:58:45
2023_cluster_3,Silvianopolis,2023-12-31T00:00:00,1.13974358974359,1.0630518,6.73,validacao,V44,LSTM,"/media/marcos/Marcos/Codigos/Predicao_Cafe_Arabica/Teste_2_reuniao_16_dez_ajuste_seed_15_01_2026/temp_models/trial_203
Modelo LSTM. Treino: 2012 a 2022. Validação: 2023. Teste: 2024.
Dataset: V44. Log Transform: Não.
Obs: ajuste de seed

Hyperparams:
input_size: 10, h: 1, lr: 0.00011784041988211478, batch: 32, encoder n layers: 3, decoder layers: 3",2026-01-15T23:58:45
2023_cluster_3,Soledade_de_Minas,2023-12-31T00:00:00,1.5,1.7441674,16.28,validacao,V44,LSTM,"/media/marcos/Marcos/Codigos/Predicao_Cafe_Arabica/Teste_2_reuniao_16_dez_ajuste_seed_15_01_2026/temp_models/trial_203
Modelo LSTM. Treino: 2012 a 2022. Validação: 2023. Teste: 2024.
Dataset: V44. Log Transform: Não.
Obs: ajuste de seed

Hyperparams:
input_size: 10, h: 1, lr: 0.00011784041988211478, batch: 32, encoder n layers: 3, decoder layers: 3",2026-01-15T23:58:45
2023_cluster_3,Tocos_do_Moji,2023-12-31T00:00:00,1.5,1.3803958,7.97,validacao,V44,LSTM,"/media/marcos/Marcos/Codigos/Predicao_Cafe_Arabica/Teste_2_reuniao_16_dez_ajuste_seed_15_01_2026/temp_models/trial_203
Modelo LSTM. Treino: 2012 a 2022. Validação: 2023. Teste: 2024.
Dataset: V44. Log Transform: Não.
Obs: ajuste de seed

Hyperparams:
input_size: 10, h: 1, lr: 0.00011784041988211478, batch: 32, encoder n layers: 3, decoder layers: 3",2026-01-15T23:58:45
2023_cluster_3,Tres_Coracoes,2023-12-31T00:00:00,1.44,1.4222639,1.23,validacao,V44,LSTM,"/media/marcos/Marcos/Codigos/Predicao_Cafe_Arabica/Teste_2_reuniao_16_dez_ajuste_seed_15_01_2026/temp_models/trial_203
Modelo LSTM. Treino: 2012 a 2022. Validação: 2023. Teste: 2024.
Dataset: V44. Log Transform: Não.
Obs: ajuste de seed

Hyperparams:
input_size: 10, h: 1, lr: 0.00011784041988211478, batch: 32, encoder n layers: 3, decoder layers: 3",2026-01-15T23:58:45
2023_cluster_3,Turvolandia,2023-12-31T00:00:00,1.259748427672956,1.4680523,16.54,validacao,V44,LSTM,"/media/marcos/Marcos/Codigos/Predicao_Cafe_Arabica/Teste_2_reuniao_16_dez_ajuste_seed_15_01_2026/temp_models/trial_203
Modelo LSTM. Treino: 2012 a 2022. Validação: 2023. Teste: 2024.
Dataset: V44. Log Transform: Não.
Obs: ajuste de seed

Hyperparams:
input_size: 10, h: 1, lr: 0.00011784041988211478, batch: 32, encoder n layers: 3, decoder layers: 3",2026-01-15T23:58:45
2023_cluster_3,Virginia,2023-12-31T00:00:00,1.5,1.4660324,2.26,validacao,V44,LSTM,"/media/marcos/Marcos/Codigos/Predicao_Cafe_Arabica/Teste_2_reuniao_16_dez_ajuste_seed_15_01_2026/temp_models/trial_203
Modelo LSTM. Treino: 2012 a 2022. Validação: 2023. Teste: 2024.
Dataset: V44. Log Transform: Não.
Obs: ajuste de seed

Hyperparams:
input_size: 10, h: 1, lr: 0.00011784041988211478, batch: 32, encoder n layers: 3, decoder layers: 3",2026-01-15T23:58:45
2023_cluster_3,Aiuruoca,2024-12-31T00:00:00,1.8,1.3817044,23.24,teste,V44,LSTM,"/media/marcos/Marcos/Codigos/Predicao_Cafe_Arabica/Teste_2_reuniao_16_dez_ajuste_seed_15_01_2026/temp_models/trial_203
Modelo LSTM. Treino: 2012 a 2022. Validação: 2023. Teste: 2024.
Dataset: V44. Log Transform: Não.
Obs: ajuste de seed

Hyperparams:
input_size: 10, h: 1, lr: 0.00011784041988211478, batch: 32, encoder n layers: 3, decoder layers: 3",2026-01-15T23:58:45
2023_cluster_3,Albertina,2024-12-31T00:00:00,1.56,1.4430273,7.5,teste,V44,LSTM,"/media/marcos/Marcos/Codigos/Predicao_Cafe_Arabica/Teste_2_reuniao_16_dez_ajuste_seed_15_01_2026/temp_models/trial_203
Modelo LSTM. Treino: 2012 a 2022. Validação: 2023. Teste: 2024.
Dataset: V44. Log Transform: Não.
Obs: ajuste de seed

Hyperparams:
input_size: 10, h: 1, lr: 0.00011784041988211478, batch: 32, encoder n layers: 3, decoder layers: 3",2026-01-15T23:58:45
2023_cluster_3,Baependi,2024-12-31T00:00:00,1.439779005524862,1.2265399,14.81,teste,V44,LSTM,"/media/marcos/Marcos/Codigos/Predicao_Cafe_Arabica/Teste_2_reuniao_16_dez_ajuste_seed_15_01_2026/temp_models/trial_203
Modelo LSTM. Treino: 2012 a 2022. Validação: 2023. Teste: 2024.
Dataset: V44. Log Transform: Não.
Obs: ajuste de seed

Hyperparams:
input_size: 10, h: 1, lr: 0.00011784041988211478, batch: 32, encoder n layers: 3, decoder layers: 3",2026-01-15T23:58:45
2023_cluster_3,Bandeira_do_Sul,2024-12-31T00:00:00,1.5,1.3162084,12.25,teste,V44,LSTM,"/media/marcos/Marcos/Codigos/Predicao_Cafe_Arabica/Teste_2_reuniao_16_dez_ajuste_seed_15_01_2026/temp_models/trial_203
Modelo LSTM. Treino: 2012 a 2022. Validação: 2023. Teste: 2024.
Dataset: V44. Log Transform: Não.
Obs: ajuste de seed

Hyperparams:
input_size: 10, h: 1, lr: 0.00011784041988211478, batch: 32, encoder n layers: 3, decoder layers: 3",2026-01-15T23:58:45
2023_cluster_3,Borda_da_Mata,2024-12-31T00:00:00,1.5,1.3817537,7.88,teste,V44,LSTM,"/media/marcos/Marcos/Codigos/Predicao_Cafe_Arabica/Teste_2_reuniao_16_dez_ajuste_seed_15_01_2026/temp_models/trial_203
Modelo LSTM. Treino: 2012 a 2022. Validação: 2023. Teste: 2024.
Dataset: V44. Log Transform: Não.
Obs: ajuste de seed

Hyperparams:
input_size: 10, h: 1, lr: 0.00011784041988211478, batch: 32, encoder n layers: 3, decoder layers: 3",2026-01-15T23:58:45
2023_cluster_3,Brazopolis,2024-12-31T00:00:00,1.501216545012166,1.2721242,15.26,teste,V44,LSTM,"/media/marcos/Marcos/Codigos/Predicao_Cafe_Arabica/Teste_2_reuniao_16_dez_ajuste_seed_15_01_2026/temp_models/trial_203
Modelo LSTM. Treino: 2012 a 2022. Validação: 2023. Teste: 2024.
Dataset: V44. Log Transform: Não.
Obs: ajuste de seed

Hyperparams:
input_size: 10, h: 1, lr: 0.00011784041988211478, batch: 32, encoder n layers: 3, decoder layers: 3",2026-01-15T23:58:45
2023_cluster_3,Bueno_Brandao,2024-12-31T00:00:00,1.8,1.4114242,21.59,teste,V44,LSTM,"/media/marcos/Marcos/Codigos/Predicao_Cafe_Arabica/Teste_2_reuniao_16_dez_ajuste_seed_15_01_2026/temp_models/trial_203
Modelo LSTM. Treino: 2012 a 2022. Validação: 2023. Teste: 2024.
Dataset: V44. Log Transform: Não.
Obs: ajuste de seed

Hyperparams:
input_size: 10, h: 1, lr: 0.00011784041988211478, batch: 32, encoder n layers: 3, decoder layers: 3",2026-01-15T23:58:45
2023_cluster_3,Cachoeira_de_Minas,2024-12-31T00:00:00,1.73984375,1.6087043,7.54,teste,V44,LSTM,"/media/marcos/Marcos/Codigos/Predicao_Cafe_Arabica/Teste_2_reuniao_16_dez_ajuste_seed_15_01_2026/temp_models/trial_203
Modelo LSTM. Treino: 2012 a 2022. Validação: 2023. Teste: 2024.
Dataset: V44. Log Transform: Não.
Obs: ajuste de seed

Hyperparams:
input_size: 10, h: 1, lr: 0.00011784041988211478, batch: 32, encoder n layers: 3, decoder layers: 3",2026-01-15T23:58:45
2023_cluster_3,Caldas,2024-12-31T00:00:00,1.68,1.3688585,18.52,teste,V44,LSTM,"/media/marcos/Marcos/Codigos/Predicao_Cafe_Arabica/Teste_2_reuniao_16_dez_ajuste_seed_15_01_2026/temp_models/trial_203
Modelo LSTM. Treino: 2012 a 2022. Validação: 2023. Teste: 2024.
Dataset: V44. Log Transform: Não.
Obs: ajuste de seed

Hyperparams:
input_size: 10, h: 1, lr: 0.00011784041988211478, batch: 32, encoder n layers: 3, decoder layers: 3",2026-01-15T23:58:45
2023_cluster_3,Cambuquira,2024-12-31T00:00:00,1.74,1.3383727,23.08,teste,V44,LSTM,"/media/marcos/Marcos/Codigos/Predicao_Cafe_Arabica/Teste_2_reuniao_16_dez_ajuste_seed_15_01_2026/temp_models/trial_203
Modelo LSTM. Treino: 2012 a 2022. Validação: 2023. Teste: 2024.
Dataset: V44. Log Transform: Não.
Obs: ajuste de seed

Hyperparams:
input_size: 10, h: 1, lr: 0.00011784041988211478, batch: 32, encoder n layers: 3, decoder layers: 3",2026-01-15T23:58:45
2023_cluster_3,Campanha,2024-12-31T00:00:00,1.5689448441247,1.2649757,19.37,teste,V44,LSTM,"/media/marcos/Marcos/Codigos/Predicao_Cafe_Arabica/Teste_2_reuniao_16_dez_ajuste_seed_15_01_2026/temp_models/trial_203
Modelo LSTM. Treino: 2012 a 2022. Validação: 2023. Teste: 2024.
Dataset: V44. Log Transform: Não.
Obs: ajuste de seed

Hyperparams:
input_size: 10, h: 1, lr: 0.00011784041988211478, batch: 32, encoder n layers: 3, decoder layers: 3",2026-01-15T23:58:45
2023_cluster_3,Careacu,2024-12-31T00:00:00,1.560169491525424,1.305877,16.3,teste,V44,LSTM,"/media/marcos/Marcos/Codigos/Predicao_Cafe_Arabica/Teste_2_reuniao_16_dez_ajuste_seed_15_01_2026/temp_models/trial_203
Modelo LSTM. Treino: 2012 a 2022. Validação: 2023. Teste: 2024.
Dataset: V44. Log Transform: Não.
Obs: ajuste de seed

Hyperparams:
input_size: 10, h: 1, lr: 0.00011784041988211478, batch: 32, encoder n layers: 3, decoder layers: 3",2026-01-15T23:58:45
2023_cluster_3,Carmo_da_Cachoeira,2024-12-31T00:00:00,1.44,1.3091139,9.09,teste,V44,LSTM,"/media/marcos/Marcos/Codigos/Predicao_Cafe_Arabica/Teste_2_reuniao_16_dez_ajuste_seed_15_01_2026/temp_models/trial_203
Modelo LSTM. Treino: 2012 a 2022. Validação: 2023. Teste: 2024.
Dataset: V44. Log Transform: Não.
Obs: ajuste de seed

Hyperparams:
input_size: 10, h: 1, lr: 0.00011784041988211478, batch: 32, encoder n layers: 3, decoder layers: 3",2026-01-15T23:58:45
2023_cluster_3,Carmo_de_Minas,2024-12-31T00:00:00,1.56,1.409674,9.64,teste,V44,LSTM,"/media/marcos/Marcos/Codigos/Predicao_Cafe_Arabica/Teste_2_reuniao_16_dez_ajuste_seed_15_01_2026/temp_models/trial_203
Modelo LSTM. Treino: 2012 a 2022. Validação: 2023. Teste: 2024.
Dataset: V44. Log Transform: Não.
Obs: ajuste de seed

Hyperparams:
input_size: 10, h: 1, lr: 0.00011784041988211478, batch: 32, encoder n layers: 3, decoder layers: 3",2026-01-15T23:58:45
2023_cluster_3,Carrancas,2024-12-31T00:00:00,1.642857142857143,1.2923449,21.34,teste,V44,LSTM,"/media/marcos/Marcos/Codigos/Predicao_Cafe_Arabica/Teste_2_reuniao_16_dez_ajuste_seed_15_01_2026/temp_models/trial_203
Modelo LSTM. Treino: 2012 a 2022. Validação: 2023. Teste: 2024.
Dataset: V44. Log Transform: Não.
Obs: ajuste de seed

Hyperparams:
input_size: 10, h: 1, lr: 0.00011784041988211478, batch: 32, encoder n layers: 3, decoder layers: 3",2026-01-15T23:58:45
2023_cluster_3,Carvalhopolis,2024-12-31T00:00:00,1.62,1.4582497,9.98,teste,V44,LSTM,"/media/marcos/Marcos/Codigos/Predicao_Cafe_Arabica/Teste_2_reuniao_16_dez_ajuste_seed_15_01_2026/temp_models/trial_203
Modelo LSTM. Treino: 2012 a 2022. Validação: 2023. Teste: 2024.
Dataset: V44. Log Transform: Não.
Obs: ajuste de seed

Hyperparams:
input_size: 10, h: 1, lr: 0.00011784041988211478, batch: 32, encoder n layers: 3, decoder layers: 3",2026-01-15T23:58:45
2023_cluster_3,Conceicao_das_Pedras,2024-12-31T00:00:00,1.559888579387187,1.5190718,2.62,teste,V44,LSTM,"/media/marcos/Marcos/Codigos/Predicao_Cafe_Arabica/Teste_2_reuniao_16_dez_ajuste_seed_15_01_2026/temp_models/trial_203
Modelo LSTM. Treino: 2012 a 2022. Validação: 2023. Teste: 2024.
Dataset: V44. Log Transform: Não.
Obs: ajuste de seed

Hyperparams:
input_size: 10, h: 1, lr: 0.00011784041988211478, batch: 32, encoder n layers: 3, decoder layers: 3",2026-01-15T23:58:45
2023_cluster_3,Conceicao_do_Rio_Verde,2024-12-31T00:00:00,1.5,1.5098186,0.65,teste,V44,LSTM,"/media/marcos/Marcos/Codigos/Predicao_Cafe_Arabica/Teste_2_reuniao_16_dez_ajuste_seed_15_01_2026/temp_models/trial_203
Modelo LSTM. Treino: 2012 a 2022. Validação: 2023. Teste: 2024.
Dataset: V44. Log Transform: Não.
Obs: ajuste de seed

Hyperparams:
input_size: 10, h: 1, lr: 0.00011784041988211478, batch: 32, encoder n layers: 3, decoder layers: 3",2026-01-15T23:58:45
2023_cluster_3,Conceicao_dos_Ouros,2024-12-31T00:00:00,1.8,1.373685,23.68,teste,V44,LSTM,"/media/marcos/Marcos/Codigos/Predicao_Cafe_Arabica/Teste_2_reuniao_16_dez_ajuste_seed_15_01_2026/temp_models/trial_203
Modelo LSTM. Treino: 2012 a 2022. Validação: 2023. Teste: 2024.
Dataset: V44. Log Transform: Não.
Obs: ajuste de seed

Hyperparams:
input_size: 10, h: 1, lr: 0.00011784041988211478, batch: 32, encoder n layers: 3, decoder layers: 3",2026-01-15T23:58:45
2023_cluster_3,Congonhal,2024-12-31T00:00:00,1.8,1.4778599,17.9,teste,V44,LSTM,"/media/marcos/Marcos/Codigos/Predicao_Cafe_Arabica/Teste_2_reuniao_16_dez_ajuste_seed_15_01_2026/temp_models/trial_203
Modelo LSTM. Treino: 2012 a 2022. Validação: 2023. Teste: 2024.
Dataset: V44. Log Transform: Não.
Obs: ajuste de seed

Hyperparams:
input_size: 10, h: 1, lr: 0.00011784041988211478, batch: 32, encoder n layers: 3, decoder layers: 3",2026-01-15T23:58:45
2023_cluster_3,Cordislandia,2024-12-31T00:00:00,1.439887640449438,1.2812262,11.02,teste,V44,LSTM,"/media/marcos/Marcos/Codigos/Predicao_Cafe_Arabica/Teste_2_reuniao_16_dez_ajuste_seed_15_01_2026/temp_models/trial_203
Modelo LSTM. Treino: 2012 a 2022. Validação: 2023. Teste: 2024.
Dataset: V44. Log Transform: Não.
Obs: ajuste de seed

Hyperparams:
input_size: 10, h: 1, lr: 0.00011784041988211478, batch: 32, encoder n layers: 3, decoder layers: 3",2026-01-15T23:58:45
2023_cluster_3,Cristina,2024-12-31T00:00:00,1.619736842105263,1.3010403,19.68,teste,V44,LSTM,"/media/marcos/Marcos/Codigos/Predicao_Cafe_Arabica/Teste_2_reuniao_16_dez_ajuste_seed_15_01_2026/temp_models/trial_203
Modelo LSTM. Treino: 2012 a 2022. Validação: 2023. Teste: 2024.
Dataset: V44. Log Transform: Não.
Obs: ajuste de seed

Hyperparams:
input_size: 10, h: 1, lr: 0.00011784041988211478, batch: 32, encoder n layers: 3, decoder layers: 3",2026-01-15T23:58:45
2023_cluster_3,Datas,2024-12-31T00:00:00,1.0,0.992053,0.79,teste,V44,LSTM,"/media/marcos/Marcos/Codigos/Predicao_Cafe_Arabica/Teste_2_reuniao_16_dez_ajuste_seed_15_01_2026/temp_models/trial_203
Modelo LSTM. Treino: 2012 a 2022. Validação: 2023. Teste: 2024.
Dataset: V44. Log Transform: Não.
Obs: ajuste de seed

Hyperparams:
input_size: 10, h: 1, lr: 0.00011784041988211478, batch: 32, encoder n layers: 3, decoder layers: 3",2026-01-15T23:58:45
2023_cluster_3,Dom_Vicoso,2024-12-31T00:00:00,1.2,1.367328,13.94,teste,V44,LSTM,"/media/marcos/Marcos/Codigos/Predicao_Cafe_Arabica/Teste_2_reuniao_16_dez_ajuste_seed_15_01_2026/temp_models/trial_203
Modelo LSTM. Treino: 2012 a 2022. Validação: 2023. Teste: 2024.
Dataset: V44. Log Transform: Não.
Obs: ajuste de seed

Hyperparams:
input_size: 10, h: 1, lr: 0.00011784041988211478, batch: 32, encoder n layers: 3, decoder layers: 3",2026-01-15T23:58:45
2023_cluster_3,Fama,2024-12-31T00:00:00,1.679838709677419,1.3463138,19.85,teste,V44,LSTM,"/media/marcos/Marcos/Codigos/Predicao_Cafe_Arabica/Teste_2_reuniao_16_dez_ajuste_seed_15_01_2026/temp_models/trial_203
Modelo LSTM. Treino: 2012 a 2022. Validação: 2023. Teste: 2024.
Dataset: V44. Log Transform: Não.
Obs: ajuste de seed

Hyperparams:
input_size: 10, h: 1, lr: 0.00011784041988211478, batch: 32, encoder n layers: 3, decoder layers: 3",2026-01-15T23:58:45
2023_cluster_3,Fortaleza_de_Minas,2024-12-31T00:00:00,1.559842519685039,1.4058778,9.87,teste,V44,LSTM,"/media/marcos/Marcos/Codigos/Predicao_Cafe_Arabica/Teste_2_reuniao_16_dez_ajuste_seed_15_01_2026/temp_models/trial_203
Modelo LSTM. Treino: 2012 a 2022. Validação: 2023. Teste: 2024.
Dataset: V44. Log Transform: Não.
Obs: ajuste de seed

Hyperparams:
input_size: 10, h: 1, lr: 0.00011784041988211478, batch: 32, encoder n layers: 3, decoder layers: 3",2026-01-15T23:58:45
2023_cluster_3,Heliodora,2024-12-31T00:00:00,1.560125588697017,1.3778787,11.68,teste,V44,LSTM,"/media/marcos/Marcos/Codigos/Predicao_Cafe_Arabica/Teste_2_reuniao_16_dez_ajuste_seed_15_01_2026/temp_models/trial_203
Modelo LSTM. Treino: 2012 a 2022. Validação: 2023. Teste: 2024.
Dataset: V44. Log Transform: Não.
Obs: ajuste de seed

Hyperparams:
input_size: 10, h: 1, lr: 0.00011784041988211478, batch: 32, encoder n layers: 3, decoder layers: 3",2026-01-15T23:58:45
2023_cluster_3,Ibitiura_de_Minas,2024-12-31T00:00:00,1.360264900662252,1.4323328,5.3,teste,V44,LSTM,"/media/marcos/Marcos/Codigos/Predicao_Cafe_Arabica/Teste_2_reuniao_16_dez_ajuste_seed_15_01_2026/temp_models/trial_203
Modelo LSTM. Treino: 2012 a 2022. Validação: 2023. Teste: 2024.
Dataset: V44. Log Transform: Não.
Obs: ajuste de seed

Hyperparams:
input_size: 10, h: 1, lr: 0.00011784041988211478, batch: 32, encoder n layers: 3, decoder layers: 3",2026-01-15T23:58:45
2023_cluster_3,Inconfidentes,2024-12-31T00:00:00,1.8,1.6805562,6.64,teste,V44,LSTM,"/media/marcos/Marcos/Codigos/Predicao_Cafe_Arabica/Teste_2_reuniao_16_dez_ajuste_seed_15_01_2026/temp_models/trial_203
Modelo LSTM. Treino: 2012 a 2022. Validação: 2023. Teste: 2024.
Dataset: V44. Log Transform: Não.
Obs: ajuste de seed

Hyperparams:
input_size: 10, h: 1, lr: 0.00011784041988211478, batch: 32, encoder n layers: 3, decoder layers: 3",2026-01-15T23:58:45
2023_cluster_3,Ingai,2024-12-31T00:00:00,1.621004566210046,1.3989097,13.7,teste,V44,LSTM,"/media/marcos/Marcos/Codigos/Predicao_Cafe_Arabica/Teste_2_reuniao_16_dez_ajuste_seed_15_01_2026/temp_models/trial_203
Modelo LSTM. Treino: 2012 a 2022. Validação: 2023. Teste: 2024.
Dataset: V44. Log Transform: Não.
Obs: ajuste de seed

Hyperparams:
input_size: 10, h: 1, lr: 0.00011784041988211478, batch: 32, encoder n layers: 3, decoder layers: 3",2026-01-15T23:58:45
2023_cluster_3,Itajuba,2024-12-31T00:00:00,1.068965517241379,1.5576533,45.72,teste,V44,LSTM,"/media/marcos/Marcos/Codigos/Predicao_Cafe_Arabica/Teste_2_reuniao_16_dez_ajuste_seed_15_01_2026/temp_models/trial_203
Modelo LSTM. Treino: 2012 a 2022. Validação: 2023. Teste: 2024.
Dataset: V44. Log Transform: Não.
Obs: ajuste de seed

Hyperparams:
input_size: 10, h: 1, lr: 0.00011784041988211478, batch: 32, encoder n layers: 3, decoder layers: 3",2026-01-15T23:58:45
2023_cluster_3,Itutinga,2024-12-31T00:00:00,1.8,1.4512342,19.38,teste,V44,LSTM,"/media/marcos/Marcos/Codigos/Predicao_Cafe_Arabica/Teste_2_reuniao_16_dez_ajuste_seed_15_01_2026/temp_models/trial_203
Modelo LSTM. Treino: 2012 a 2022. Validação: 2023. Teste: 2024.
Dataset: V44. Log Transform: Não.
Obs: ajuste de seed

Hyperparams:
input_size: 10, h: 1, lr: 0.00011784041988211478, batch: 32, encoder n layers: 3, decoder layers: 3",2026-01-15T23:58:45
2023_cluster_3,Jesuania,2024-12-31T00:00:00,1.5,1.330196,11.32,teste,V44,LSTM,"/media/marcos/Marcos/Codigos/Predicao_Cafe_Arabica/Teste_2_reuniao_16_dez_ajuste_seed_15_01_2026/temp_models/trial_203
Modelo LSTM. Treino: 2012 a 2022. Validação: 2023. Teste: 2024.
Dataset: V44. Log Transform: Não.
Obs: ajuste de seed

Hyperparams:
input_size: 10, h: 1, lr: 0.00011784041988211478, batch: 32, encoder n layers: 3, decoder layers: 3",2026-01-15T23:58:45
2023_cluster_3,Lambari,2024-12-31T00:00:00,1.56,1.368461,12.28,teste,V44,LSTM,"/media/marcos/Marcos/Codigos/Predicao_Cafe_Arabica/Teste_2_reuniao_16_dez_ajuste_seed_15_01_2026/temp_models/trial_203
Modelo LSTM. Treino: 2012 a 2022. Validação: 2023. Teste: 2024.
Dataset: V44. Log Transform: Não.
Obs: ajuste de seed

Hyperparams:
input_size: 10, h: 1, lr: 0.00011784041988211478, batch: 32, encoder n layers: 3, decoder layers: 3",2026-01-15T23:58:45
2023_cluster_3,Luminarias,2024-12-31T00:00:00,1.380229885057471,1.337006,3.13,teste,V44,LSTM,"/media/marcos/Marcos/Codigos/Predicao_Cafe_Arabica/Teste_2_reuniao_16_dez_ajuste_seed_15_01_2026/temp_models/trial_203
Modelo LSTM. Treino: 2012 a 2022. Validação: 2023. Teste: 2024.
Dataset: V44. Log Transform: Não.
Obs: ajuste de seed

Hyperparams:
input_size: 10, h: 1, lr: 0.00011784041988211478, batch: 32, encoder n layers: 3, decoder layers: 3",2026-01-15T23:58:45
2023_cluster_3,Maria_da_Fe,2024-12-31T00:00:00,1.477777777777778,1.453197,1.66,teste,V44,LSTM,"/media/marcos/Marcos/Codigos/Predicao_Cafe_Arabica/Teste_2_reuniao_16_dez_ajuste_seed_15_01_2026/temp_models/trial_203
Modelo LSTM. Treino: 2012 a 2022. Validação: 2023. Teste: 2024.
Dataset: V44. Log Transform: Não.
Obs: ajuste de seed

Hyperparams:
input_size: 10, h: 1, lr: 0.00011784041988211478, batch: 32, encoder n layers: 3, decoder layers: 3",2026-01-15T23:58:45
2023_cluster_3,Monsenhor_Paulo,2024-12-31T00:00:00,1.589972899728997,1.3409402,15.66,teste,V44,LSTM,"/media/marcos/Marcos/Codigos/Predicao_Cafe_Arabica/Teste_2_reuniao_16_dez_ajuste_seed_15_01_2026/temp_models/trial_203
Modelo LSTM. Treino: 2012 a 2022. Validação: 2023. Teste: 2024.
Dataset: V44. Log Transform: Não.
Obs: ajuste de seed

Hyperparams:
input_size: 10, h: 1, lr: 0.00011784041988211478, batch: 32, encoder n layers: 3, decoder layers: 3",2026-01-15T23:58:45
2023_cluster_3,Monte_Siao,2024-12-31T00:00:00,1.5,1.2438166,17.08,teste,V44,LSTM,"/media/marcos/Marcos/Codigos/Predicao_Cafe_Arabica/Teste_2_reuniao_16_dez_ajuste_seed_15_01_2026/temp_models/trial_203
Modelo LSTM. Treino: 2012 a 2022. Validação: 2023. Teste: 2024.
Dataset: V44. Log Transform: Não.
Obs: ajuste de seed

Hyperparams:
input_size: 10, h: 1, lr: 0.00011784041988211478, batch: 32, encoder n layers: 3, decoder layers: 3",2026-01-15T23:58:45
2023_cluster_3,Natercia,2024-12-31T00:00:00,1.8,1.4749985,18.06,teste,V44,LSTM,"/media/marcos/Marcos/Codigos/Predicao_Cafe_Arabica/Teste_2_reuniao_16_dez_ajuste_seed_15_01_2026/temp_models/trial_203
Modelo LSTM. Treino: 2012 a 2022. Validação: 2023. Teste: 2024.
Dataset: V44. Log Transform: Não.
Obs: ajuste de seed

Hyperparams:
input_size: 10, h: 1, lr: 0.00011784041988211478, batch: 32, encoder n layers: 3, decoder layers: 3",2026-01-15T23:58:45
2023_cluster_3,Olimpio_Noronha,2024-12-31T00:00:00,1.5,1.2941346,13.72,teste,V44,LSTM,"/media/marcos/Marcos/Codigos/Predicao_Cafe_Arabica/Teste_2_reuniao_16_dez_ajuste_seed_15_01_2026/temp_models/trial_203
Modelo LSTM. Treino: 2012 a 2022. Validação: 2023. Teste: 2024.
Dataset: V44. Log Transform: Não.
Obs: ajuste de seed

Hyperparams:
input_size: 10, h: 1, lr: 0.00011784041988211478, batch: 32, encoder n layers: 3, decoder layers: 3",2026-01-15T23:58:45
2023_cluster_3,Ouro_Fino,2024-12-31T00:00:00,1.5,1.442205,3.85,teste,V44,LSTM,"/media/marcos/Marcos/Codigos/Predicao_Cafe_Arabica/Teste_2_reuniao_16_dez_ajuste_seed_15_01_2026/temp_models/trial_203
Modelo LSTM. Treino: 2012 a 2022. Validação: 2023. Teste: 2024.
Dataset: V44. Log Transform: Não.
Obs: ajuste de seed

Hyperparams:
input_size: 10, h: 1, lr: 0.00011784041988211478, batch: 32, encoder n layers: 3, decoder layers: 3",2026-01-15T23:58:45
2023_cluster_3,Paraisopolis,2024-12-31T00:00:00,1.506666666666667,1.4319297,4.96,teste,V44,LSTM,"/media/marcos/Marcos/Codigos/Predicao_Cafe_Arabica/Teste_2_reuniao_16_dez_ajuste_seed_15_01_2026/temp_models/trial_203
Modelo LSTM. Treino: 2012 a 2022. Validação: 2023. Teste: 2024.
Dataset: V44. Log Transform: Não.
Obs: ajuste de seed

Hyperparams:
input_size: 10, h: 1, lr: 0.00011784041988211478, batch: 32, encoder n layers: 3, decoder layers: 3",2026-01-15T23:58:45
2023_cluster_3,Pedralva,2024-12-31T00:00:00,1.560079051383399,1.5277945,2.07,teste,V44,LSTM,"/media/marcos/Marcos/Codigos/Predicao_Cafe_Arabica/Teste_2_reuniao_16_dez_ajuste_seed_15_01_2026/temp_models/trial_203
Modelo LSTM. Treino: 2012 a 2022. Validação: 2023. Teste: 2024.
Dataset: V44. Log Transform: Não.
Obs: ajuste de seed

Hyperparams:
input_size: 10, h: 1, lr: 0.00011784041988211478, batch: 32, encoder n layers: 3, decoder layers: 3",2026-01-15T23:58:45
2023_cluster_3,Pirangucu,2024-12-31T00:00:00,1.333333333333333,1.2917069,3.12,teste,V44,LSTM,"/media/marcos/Marcos/Codigos/Predicao_Cafe_Arabica/Teste_2_reuniao_16_dez_ajuste_seed_15_01_2026/temp_models/trial_203
Modelo LSTM. Treino: 2012 a 2022. Validação: 2023. Teste: 2024.
Dataset: V44. Log Transform: Não.
Obs: ajuste de seed

Hyperparams:
input_size: 10, h: 1, lr: 0.00011784041988211478, batch: 32, encoder n layers: 3, decoder layers: 3",2026-01-15T23:58:45
2023_cluster_3,Piranguinho,2024-12-31T00:00:00,1.68076109936575,1.423222,15.32,teste,V44,LSTM,"/media/marcos/Marcos/Codigos/Predicao_Cafe_Arabica/Teste_2_reuniao_16_dez_ajuste_seed_15_01_2026/temp_models/trial_203
Modelo LSTM. Treino: 2012 a 2022. Validação: 2023. Teste: 2024.
Dataset: V44. Log Transform: Não.
Obs: ajuste de seed

Hyperparams:
input_size: 10, h: 1, lr: 0.00011784041988211478, batch: 32, encoder n layers: 3, decoder layers: 3",2026-01-15T23:58:45
2023_cluster_3,Poco_Fundo,2024-12-31T00:00:00,1.380192991366176,1.2262018,11.16,teste,V44,LSTM,"/media/marcos/Marcos/Codigos/Predicao_Cafe_Arabica/Teste_2_reuniao_16_dez_ajuste_seed_15_01_2026/temp_models/trial_203
Modelo LSTM. Treino: 2012 a 2022. Validação: 2023. Teste: 2024.
Dataset: V44. Log Transform: Não.
Obs: ajuste de seed

Hyperparams:
input_size: 10, h: 1, lr: 0.00011784041988211478, batch: 32, encoder n layers: 3, decoder layers: 3",2026-01-15T23:58:45
2023_cluster_3,Pocos_de_Caldas,2024-12-31T00:00:00,1.74,1.2190073,29.94,teste,V44,LSTM,"/media/marcos/Marcos/Codigos/Predicao_Cafe_Arabica/Teste_2_reuniao_16_dez_ajuste_seed_15_01_2026/temp_models/trial_203
Modelo LSTM. Treino: 2012 a 2022. Validação: 2023. Teste: 2024.
Dataset: V44. Log Transform: Não.
Obs: ajuste de seed

Hyperparams:
input_size: 10, h: 1, lr: 0.00011784041988211478, batch: 32, encoder n layers: 3, decoder layers: 3",2026-01-15T23:58:45
2023_cluster_3,Pouso_Alegre,2024-12-31T00:00:00,1.787878787878788,1.342008,24.94,teste,V44,LSTM,"/media/marcos/Marcos/Codigos/Predicao_Cafe_Arabica/Teste_2_reuniao_16_dez_ajuste_seed_15_01_2026/temp_models/trial_203
Modelo LSTM. Treino: 2012 a 2022. Validação: 2023. Teste: 2024.
Dataset: V44. Log Transform: Não.
Obs: ajuste de seed

Hyperparams:
input_size: 10, h: 1, lr: 0.00011784041988211478, batch: 32, encoder n layers: 3, decoder layers: 3",2026-01-15T23:58:45
2023_cluster_3,Pouso_Alto,2024-12-31T00:00:00,1.53,1.51508,0.98,teste,V44,LSTM,"/media/marcos/Marcos/Codigos/Predicao_Cafe_Arabica/Teste_2_reuniao_16_dez_ajuste_seed_15_01_2026/temp_models/trial_203
Modelo LSTM. Treino: 2012 a 2022. Validação: 2023. Teste: 2024.
Dataset: V44. Log Transform: Não.
Obs: ajuste de seed

Hyperparams:
input_size: 10, h: 1, lr: 0.00011784041988211478, batch: 32, encoder n layers: 3, decoder layers: 3",2026-01-15T23:58:45
2023_cluster_3,Santa_Rita_de_Caldas,2024-12-31T00:00:00,1.8,1.7522527,2.65,teste,V44,LSTM,"/media/marcos/Marcos/Codigos/Predicao_Cafe_Arabica/Teste_2_reuniao_16_dez_ajuste_seed_15_01_2026/temp_models/trial_203
Modelo LSTM. Treino: 2012 a 2022. Validação: 2023. Teste: 2024.
Dataset: V44. Log Transform: Não.
Obs: ajuste de seed

Hyperparams:
input_size: 10, h: 1, lr: 0.00011784041988211478, batch: 32, encoder n layers: 3, decoder layers: 3",2026-01-15T23:58:45
2023_cluster_3,Santa_Rita_do_Sapucai,2024-12-31T00:00:00,1.5,1.4517541,3.22,teste,V44,LSTM,"/media/marcos/Marcos/Codigos/Predicao_Cafe_Arabica/Teste_2_reuniao_16_dez_ajuste_seed_15_01_2026/temp_models/trial_203
Modelo LSTM. Treino: 2012 a 2022. Validação: 2023. Teste: 2024.
Dataset: V44. Log Transform: Não.
Obs: ajuste de seed

Hyperparams:
input_size: 10, h: 1, lr: 0.00011784041988211478, batch: 32, encoder n layers: 3, decoder layers: 3",2026-01-15T23:58:45
2023_cluster_3,Sao_Bento_Abade,2024-12-31T00:00:00,1.5,1.3701845,8.65,teste,V44,LSTM,"/media/marcos/Marcos/Codigos/Predicao_Cafe_Arabica/Teste_2_reuniao_16_dez_ajuste_seed_15_01_2026/temp_models/trial_203
Modelo LSTM. Treino: 2012 a 2022. Validação: 2023. Teste: 2024.
Dataset: V44. Log Transform: Não.
Obs: ajuste de seed

Hyperparams:
input_size: 10, h: 1, lr: 0.00011784041988211478, batch: 32, encoder n layers: 3, decoder layers: 3",2026-01-15T23:58:45
2023_cluster_3,Sao_Goncalo_do_Sapucai,2024-12-31T00:00:00,1.5,1.4085459,6.1,teste,V44,LSTM,"/media/marcos/Marcos/Codigos/Predicao_Cafe_Arabica/Teste_2_reuniao_16_dez_ajuste_seed_15_01_2026/temp_models/trial_203
Modelo LSTM. Treino: 2012 a 2022. Validação: 2023. Teste: 2024.
Dataset: V44. Log Transform: Não.
Obs: ajuste de seed

Hyperparams:
input_size: 10, h: 1, lr: 0.00011784041988211478, batch: 32, encoder n layers: 3, decoder layers: 3",2026-01-15T23:58:45
2023_cluster_3,Sao_Joao_da_Mata,2024-12-31T00:00:00,1.32,1.1924341,9.66,teste,V44,LSTM,"/media/marcos/Marcos/Codigos/Predicao_Cafe_Arabica/Teste_2_reuniao_16_dez_ajuste_seed_15_01_2026/temp_models/trial_203
Modelo LSTM. Treino: 2012 a 2022. Validação: 2023. Teste: 2024.
Dataset: V44. Log Transform: Não.
Obs: ajuste de seed

Hyperparams:
input_size: 10, h: 1, lr: 0.00011784041988211478, batch: 32, encoder n layers: 3, decoder layers: 3",2026-01-15T23:58:45
2023_cluster_3,Sao_Joao_del_Rei,2024-12-31T00:00:00,1.80168776371308,1.6070638,10.8,teste,V44,LSTM,"/media/marcos/Marcos/Codigos/Predicao_Cafe_Arabica/Teste_2_reuniao_16_dez_ajuste_seed_15_01_2026/temp_models/trial_203
Modelo LSTM. Treino: 2012 a 2022. Validação: 2023. Teste: 2024.
Dataset: V44. Log Transform: Não.
Obs: ajuste de seed

Hyperparams:
input_size: 10, h: 1, lr: 0.00011784041988211478, batch: 32, encoder n layers: 3, decoder layers: 3",2026-01-15T23:58:45
2023_cluster_3,Sao_Lourenco,2024-12-31T00:00:00,1.38,1.7566918,27.3,teste,V44,LSTM,"/media/marcos/Marcos/Codigos/Predicao_Cafe_Arabica/Teste_2_reuniao_16_dez_ajuste_seed_15_01_2026/temp_models/trial_203
Modelo LSTM. Treino: 2012 a 2022. Validação: 2023. Teste: 2024.
Dataset: V44. Log Transform: Não.
Obs: ajuste de seed

Hyperparams:
input_size: 10, h: 1, lr: 0.00011784041988211478, batch: 32, encoder n layers: 3, decoder layers: 3",2026-01-15T23:58:45
2023_cluster_3,Sao_Sebastiao_da_Bela_Vista,2024-12-31T00:00:00,1.44,1.3756005,4.47,teste,V44,LSTM,"/media/marcos/Marcos/Codigos/Predicao_Cafe_Arabica/Teste_2_reuniao_16_dez_ajuste_seed_15_01_2026/temp_models/trial_203
Modelo LSTM. Treino: 2012 a 2022. Validação: 2023. Teste: 2024.
Dataset: V44. Log Transform: Não.
Obs: ajuste de seed

Hyperparams:
input_size: 10, h: 1, lr: 0.00011784041988211478, batch: 32, encoder n layers: 3, decoder layers: 3",2026-01-15T23:58:45
2023_cluster_3,Sao_Tome_das_Letras,2024-12-31T00:00:00,2.1,1.330545,36.64,teste,V44,LSTM,"/media/marcos/Marcos/Codigos/Predicao_Cafe_Arabica/Teste_2_reuniao_16_dez_ajuste_seed_15_01_2026/temp_models/trial_203
Modelo LSTM. Treino: 2012 a 2022. Validação: 2023. Teste: 2024.
Dataset: V44. Log Transform: Não.
Obs: ajuste de seed

Hyperparams:
input_size: 10, h: 1, lr: 0.00011784041988211478, batch: 32, encoder n layers: 3, decoder layers: 3",2026-01-15T23:58:45
2023_cluster_3,Senador_Jose_Bento,2024-12-31T00:00:00,0.9,1.3007876,44.53,teste,V44,LSTM,"/media/marcos/Marcos/Codigos/Predicao_Cafe_Arabica/Teste_2_reuniao_16_dez_ajuste_seed_15_01_2026/temp_models/trial_203
Modelo LSTM. Treino: 2012 a 2022. Validação: 2023. Teste: 2024.
Dataset: V44. Log Transform: Não.
Obs: ajuste de seed

Hyperparams:
input_size: 10, h: 1, lr: 0.00011784041988211478, batch: 32, encoder n layers: 3, decoder layers: 3",2026-01-15T23:58:45
2023_cluster_3,Serrania,2024-12-31T00:00:00,1.32,1.1944453,9.51,teste,V44,LSTM,"/media/marcos/Marcos/Codigos/Predicao_Cafe_Arabica/Teste_2_reuniao_16_dez_ajuste_seed_15_01_2026/temp_models/trial_203
Modelo LSTM. Treino: 2012 a 2022. Validação: 2023. Teste: 2024.
Dataset: V44. Log Transform: Não.
Obs: ajuste de seed

Hyperparams:
input_size: 10, h: 1, lr: 0.00011784041988211478, batch: 32, encoder n layers: 3, decoder layers: 3",2026-01-15T23:58:45
2023_cluster_3,Silvianopolis,2024-12-31T00:00:00,1.56025641025641,1.0885648,30.23,teste,V44,LSTM,"/media/marcos/Marcos/Codigos/Predicao_Cafe_Arabica/Teste_2_reuniao_16_dez_ajuste_seed_15_01_2026/temp_models/trial_203
Modelo LSTM. Treino: 2012 a 2022. Validação: 2023. Teste: 2024.
Dataset: V44. Log Transform: Não.
Obs: ajuste de seed

Hyperparams:
input_size: 10, h: 1, lr: 0.00011784041988211478, batch: 32, encoder n layers: 3, decoder layers: 3",2026-01-15T23:58:45
2023_cluster_3,Soledade_de_Minas,2024-12-31T00:00:00,1.5,1.7571791,17.15,teste,V44,LSTM,"/media/marcos/Marcos/Codigos/Predicao_Cafe_Arabica/Teste_2_reuniao_16_dez_ajuste_seed_15_01_2026/temp_models/trial_203
Modelo LSTM. Treino: 2012 a 2022. Validação: 2023. Teste: 2024.
Dataset: V44. Log Transform: Não.
Obs: ajuste de seed

Hyperparams:
input_size: 10, h: 1, lr: 0.00011784041988211478, batch: 32, encoder n layers: 3, decoder layers: 3",2026-01-15T23:58:45
2023_cluster_3,Tocos_do_Moji,2024-12-31T00:00:00,1.5,1.3689233,8.74,teste,V44,LSTM,"/media/marcos/Marcos/Codigos/Predicao_Cafe_Arabica/Teste_2_reuniao_16_dez_ajuste_seed_15_01_2026/temp_models/trial_203
Modelo LSTM. Treino: 2012 a 2022. Validação: 2023. Teste: 2024.
Dataset: V44. Log Transform: Não.
Obs: ajuste de seed

Hyperparams:
input_size: 10, h: 1, lr: 0.00011784041988211478, batch: 32, encoder n layers: 3, decoder layers: 3",2026-01-15T23:58:45
2023_cluster_3,Tres_Coracoes,2024-12-31T00:00:00,1.56,1.226342,21.39,teste,V44,LSTM,"/media/marcos/Marcos/Codigos/Predicao_Cafe_Arabica/Teste_2_reuniao_16_dez_ajuste_seed_15_01_2026/temp_models/trial_203
Modelo LSTM. Treino: 2012 a 2022. Validação: 2023. Teste: 2024.
Dataset: V44. Log Transform: Não.
Obs: ajuste de seed

Hyperparams:
input_size: 10, h: 1, lr: 0.00011784041988211478, batch: 32, encoder n layers: 3, decoder layers: 3",2026-01-15T23:58:45
2023_cluster_3,Turvolandia,2024-12-31T00:00:00,1.44,1.4257162,0.99,teste,V44,LSTM,"/media/marcos/Marcos/Codigos/Predicao_Cafe_Arabica/Teste_2_reuniao_16_dez_ajuste_seed_15_01_2026/temp_models/trial_203
Modelo LSTM. Treino: 2012 a 2022. Validação: 2023. Teste: 2024.
Dataset: V44. Log Transform: Não.
Obs: ajuste de seed

Hyperparams:
input_size: 10, h: 1, lr: 0.00011784041988211478, batch: 32, encoder n layers: 3, decoder layers: 3",2026-01-15T23:58:45
2023_cluster_3,Virginia,2024-12-31T00:00:00,1.66,1.4840484,10.6,teste,V44,LSTM,"/media/marcos/Marcos/Codigos/Predicao_Cafe_Arabica/Teste_2_reuniao_16_dez_ajuste_seed_15_01_2026/temp_models/trial_203
Modelo LSTM. Treino: 2012 a 2022. Validação: 2023. Teste: 2024.
Dataset: V44. Log Transform: Não.
Obs: ajuste de seed

Hyperparams:
input_size: 10, h: 1, lr: 0.00011784041988211478, batch: 32, encoder n layers: 3, decoder layers: 3",2026-01-15T23:58:45
