treino_id,unique_id,ds,y,y_pred,diferença_%,flag,dataset,modelo,comentario,data_treino
2020_cluster_2,Abre_Campo,2020-12-31T00:00:00,1.5,1.3074113,12.84,validacao,V44,LSTM,"/media/marcos/Marcos/Codigos/Predicao_Cafe_Arabica/Teste_2_reuniao_16_dez_ajuste_seed/temp_models/trial_180
Modelo LSTM. Treino: 2012 a 2019. Validação: 2020. Teste: 2021.
Dataset: V44.
Obs: ajuste de seed

Hyperparams:
input_size: 7h: 1lr: 0.00023877466888882177batch: 32encoder n layers: 2decoder layers: 2",2026-01-07T12:37:13
2020_cluster_2,Aimores,2020-12-31T00:00:00,2.063157894736842,1.4855335,28.0,validacao,V44,LSTM,"/media/marcos/Marcos/Codigos/Predicao_Cafe_Arabica/Teste_2_reuniao_16_dez_ajuste_seed/temp_models/trial_180
Modelo LSTM. Treino: 2012 a 2019. Validação: 2020. Teste: 2021.
Dataset: V44.
Obs: ajuste de seed

Hyperparams:
input_size: 7h: 1lr: 0.00023877466888882177batch: 32encoder n layers: 2decoder layers: 2",2026-01-07T12:37:13
2020_cluster_2,Alvarenga,2020-12-31T00:00:00,0.9,0.8342148,7.31,validacao,V44,LSTM,"/media/marcos/Marcos/Codigos/Predicao_Cafe_Arabica/Teste_2_reuniao_16_dez_ajuste_seed/temp_models/trial_180
Modelo LSTM. Treino: 2012 a 2019. Validação: 2020. Teste: 2021.
Dataset: V44.
Obs: ajuste de seed

Hyperparams:
input_size: 7h: 1lr: 0.00023877466888882177batch: 32encoder n layers: 2decoder layers: 2",2026-01-07T12:37:13
2020_cluster_2,Andrelandia,2020-12-31T00:00:00,1.8000000000000003,1.3036478,27.58,validacao,V44,LSTM,"/media/marcos/Marcos/Codigos/Predicao_Cafe_Arabica/Teste_2_reuniao_16_dez_ajuste_seed/temp_models/trial_180
Modelo LSTM. Treino: 2012 a 2019. Validação: 2020. Teste: 2021.
Dataset: V44.
Obs: ajuste de seed

Hyperparams:
input_size: 7h: 1lr: 0.00023877466888882177batch: 32encoder n layers: 2decoder layers: 2",2026-01-07T12:37:13
2020_cluster_2,Antonio_Dias,2020-12-31T00:00:00,1.333333333333333,0.9567713,28.24,validacao,V44,LSTM,"/media/marcos/Marcos/Codigos/Predicao_Cafe_Arabica/Teste_2_reuniao_16_dez_ajuste_seed/temp_models/trial_180
Modelo LSTM. Treino: 2012 a 2019. Validação: 2020. Teste: 2021.
Dataset: V44.
Obs: ajuste de seed

Hyperparams:
input_size: 7h: 1lr: 0.00023877466888882177batch: 32encoder n layers: 2decoder layers: 2",2026-01-07T12:37:13
2020_cluster_2,Antonio_Prado_de_Minas,2020-12-31T00:00:00,1.5,0.6640338,55.73,validacao,V44,LSTM,"/media/marcos/Marcos/Codigos/Predicao_Cafe_Arabica/Teste_2_reuniao_16_dez_ajuste_seed/temp_models/trial_180
Modelo LSTM. Treino: 2012 a 2019. Validação: 2020. Teste: 2021.
Dataset: V44.
Obs: ajuste de seed

Hyperparams:
input_size: 7h: 1lr: 0.00023877466888882177batch: 32encoder n layers: 2decoder layers: 2",2026-01-07T12:37:13
2020_cluster_2,Bocaiuva,2020-12-31T00:00:00,1.622950819672131,1.8198634,12.13,validacao,V44,LSTM,"/media/marcos/Marcos/Codigos/Predicao_Cafe_Arabica/Teste_2_reuniao_16_dez_ajuste_seed/temp_models/trial_180
Modelo LSTM. Treino: 2012 a 2019. Validação: 2020. Teste: 2021.
Dataset: V44.
Obs: ajuste de seed

Hyperparams:
input_size: 7h: 1lr: 0.00023877466888882177batch: 32encoder n layers: 2decoder layers: 2",2026-01-07T12:37:13
2020_cluster_2,Bom_Jesus_do_Amparo,2020-12-31T00:00:00,1.5,1.2826954,14.49,validacao,V44,LSTM,"/media/marcos/Marcos/Codigos/Predicao_Cafe_Arabica/Teste_2_reuniao_16_dez_ajuste_seed/temp_models/trial_180
Modelo LSTM. Treino: 2012 a 2019. Validação: 2020. Teste: 2021.
Dataset: V44.
Obs: ajuste de seed

Hyperparams:
input_size: 7h: 1lr: 0.00023877466888882177batch: 32encoder n layers: 2decoder layers: 2",2026-01-07T12:37:13
2020_cluster_2,Campo_Belo,2020-12-31T00:00:00,1.8000000000000003,1.0457513,41.9,validacao,V44,LSTM,"/media/marcos/Marcos/Codigos/Predicao_Cafe_Arabica/Teste_2_reuniao_16_dez_ajuste_seed/temp_models/trial_180
Modelo LSTM. Treino: 2012 a 2019. Validação: 2020. Teste: 2021.
Dataset: V44.
Obs: ajuste de seed

Hyperparams:
input_size: 7h: 1lr: 0.00023877466888882177batch: 32encoder n layers: 2decoder layers: 2",2026-01-07T12:37:13
2020_cluster_2,Capela_Nova,2020-12-31T00:00:00,1.8000000000000003,1.8100148,0.56,validacao,V44,LSTM,"/media/marcos/Marcos/Codigos/Predicao_Cafe_Arabica/Teste_2_reuniao_16_dez_ajuste_seed/temp_models/trial_180
Modelo LSTM. Treino: 2012 a 2019. Validação: 2020. Teste: 2021.
Dataset: V44.
Obs: ajuste de seed

Hyperparams:
input_size: 7h: 1lr: 0.00023877466888882177batch: 32encoder n layers: 2decoder layers: 2",2026-01-07T12:37:13
2020_cluster_2,Capitao_Eneas,2020-12-31T00:00:00,3.0,1.0549085,64.84,validacao,V44,LSTM,"/media/marcos/Marcos/Codigos/Predicao_Cafe_Arabica/Teste_2_reuniao_16_dez_ajuste_seed/temp_models/trial_180
Modelo LSTM. Treino: 2012 a 2019. Validação: 2020. Teste: 2021.
Dataset: V44.
Obs: ajuste de seed

Hyperparams:
input_size: 7h: 1lr: 0.00023877466888882177batch: 32encoder n layers: 2decoder layers: 2",2026-01-07T12:37:13
2020_cluster_2,Casa_Grande,2020-12-31T00:00:00,1.553846153846154,1.2638156,18.67,validacao,V44,LSTM,"/media/marcos/Marcos/Codigos/Predicao_Cafe_Arabica/Teste_2_reuniao_16_dez_ajuste_seed/temp_models/trial_180
Modelo LSTM. Treino: 2012 a 2019. Validação: 2020. Teste: 2021.
Dataset: V44.
Obs: ajuste de seed

Hyperparams:
input_size: 7h: 1lr: 0.00023877466888882177batch: 32encoder n layers: 2decoder layers: 2",2026-01-07T12:37:13
2020_cluster_2,Cataguases,2020-12-31T00:00:00,1.25,0.47965527,61.63,validacao,V44,LSTM,"/media/marcos/Marcos/Codigos/Predicao_Cafe_Arabica/Teste_2_reuniao_16_dez_ajuste_seed/temp_models/trial_180
Modelo LSTM. Treino: 2012 a 2019. Validação: 2020. Teste: 2021.
Dataset: V44.
Obs: ajuste de seed

Hyperparams:
input_size: 7h: 1lr: 0.00023877466888882177batch: 32encoder n layers: 2decoder layers: 2",2026-01-07T12:37:13
2020_cluster_2,Caxambu,2020-12-31T00:00:00,1.3265306122448983,1.0404828,21.56,validacao,V44,LSTM,"/media/marcos/Marcos/Codigos/Predicao_Cafe_Arabica/Teste_2_reuniao_16_dez_ajuste_seed/temp_models/trial_180
Modelo LSTM. Treino: 2012 a 2019. Validação: 2020. Teste: 2021.
Dataset: V44.
Obs: ajuste de seed

Hyperparams:
input_size: 7h: 1lr: 0.00023877466888882177batch: 32encoder n layers: 2decoder layers: 2",2026-01-07T12:37:13
2020_cluster_2,Coimbra,2020-12-31T00:00:00,1.8000000000000003,1.5141419,15.88,validacao,V44,LSTM,"/media/marcos/Marcos/Codigos/Predicao_Cafe_Arabica/Teste_2_reuniao_16_dez_ajuste_seed/temp_models/trial_180
Modelo LSTM. Treino: 2012 a 2019. Validação: 2020. Teste: 2021.
Dataset: V44.
Obs: ajuste de seed

Hyperparams:
input_size: 7h: 1lr: 0.00023877466888882177batch: 32encoder n layers: 2decoder layers: 2",2026-01-07T12:37:13
2020_cluster_2,Conselheiro_Pena,2020-12-31T00:00:00,1.55981308411215,1.2291547,21.2,validacao,V44,LSTM,"/media/marcos/Marcos/Codigos/Predicao_Cafe_Arabica/Teste_2_reuniao_16_dez_ajuste_seed/temp_models/trial_180
Modelo LSTM. Treino: 2012 a 2019. Validação: 2020. Teste: 2021.
Dataset: V44.
Obs: ajuste de seed

Hyperparams:
input_size: 7h: 1lr: 0.00023877466888882177batch: 32encoder n layers: 2decoder layers: 2",2026-01-07T12:37:13
2020_cluster_2,Corrego_Novo,2020-12-31T00:00:00,1.2545454545454553,0.7474855,40.42,validacao,V44,LSTM,"/media/marcos/Marcos/Codigos/Predicao_Cafe_Arabica/Teste_2_reuniao_16_dez_ajuste_seed/temp_models/trial_180
Modelo LSTM. Treino: 2012 a 2019. Validação: 2020. Teste: 2021.
Dataset: V44.
Obs: ajuste de seed

Hyperparams:
input_size: 7h: 1lr: 0.00023877466888882177batch: 32encoder n layers: 2decoder layers: 2",2026-01-07T12:37:13
2020_cluster_2,Cruzilia,2020-12-31T00:00:00,1.2,1.1789222,1.76,validacao,V44,LSTM,"/media/marcos/Marcos/Codigos/Predicao_Cafe_Arabica/Teste_2_reuniao_16_dez_ajuste_seed/temp_models/trial_180
Modelo LSTM. Treino: 2012 a 2019. Validação: 2020. Teste: 2021.
Dataset: V44.
Obs: ajuste de seed

Hyperparams:
input_size: 7h: 1lr: 0.00023877466888882177batch: 32encoder n layers: 2decoder layers: 2",2026-01-07T12:37:13
2020_cluster_2,Divisopolis,2020-12-31T00:00:00,1.34029484029484,1.0402043,22.39,validacao,V44,LSTM,"/media/marcos/Marcos/Codigos/Predicao_Cafe_Arabica/Teste_2_reuniao_16_dez_ajuste_seed/temp_models/trial_180
Modelo LSTM. Treino: 2012 a 2019. Validação: 2020. Teste: 2021.
Dataset: V44.
Obs: ajuste de seed

Hyperparams:
input_size: 7h: 1lr: 0.00023877466888882177batch: 32encoder n layers: 2decoder layers: 2",2026-01-07T12:37:13
2020_cluster_2,Esmeraldas,2020-12-31T00:00:00,2.096153846153846,1.7321951,17.36,validacao,V44,LSTM,"/media/marcos/Marcos/Codigos/Predicao_Cafe_Arabica/Teste_2_reuniao_16_dez_ajuste_seed/temp_models/trial_180
Modelo LSTM. Treino: 2012 a 2019. Validação: 2020. Teste: 2021.
Dataset: V44.
Obs: ajuste de seed

Hyperparams:
input_size: 7h: 1lr: 0.00023877466888882177batch: 32encoder n layers: 2decoder layers: 2",2026-01-07T12:37:13
2020_cluster_2,Espirito_Santo_do_Dourado,2020-12-31T00:00:00,1.619148936170213,1.1273208,30.38,validacao,V44,LSTM,"/media/marcos/Marcos/Codigos/Predicao_Cafe_Arabica/Teste_2_reuniao_16_dez_ajuste_seed/temp_models/trial_180
Modelo LSTM. Treino: 2012 a 2019. Validação: 2020. Teste: 2021.
Dataset: V44.
Obs: ajuste de seed

Hyperparams:
input_size: 7h: 1lr: 0.00023877466888882177batch: 32encoder n layers: 2decoder layers: 2",2026-01-07T12:37:13
2020_cluster_2,Eugenopolis,2020-12-31T00:00:00,1.8000000000000003,0.8992758,50.04,validacao,V44,LSTM,"/media/marcos/Marcos/Codigos/Predicao_Cafe_Arabica/Teste_2_reuniao_16_dez_ajuste_seed/temp_models/trial_180
Modelo LSTM. Treino: 2012 a 2019. Validação: 2020. Teste: 2021.
Dataset: V44.
Obs: ajuste de seed

Hyperparams:
input_size: 7h: 1lr: 0.00023877466888882177batch: 32encoder n layers: 2decoder layers: 2",2026-01-07T12:37:13
2020_cluster_2,Felicio_dos_Santos,2020-12-31T00:00:00,3.548821548821549,1.7883333,49.61,validacao,V44,LSTM,"/media/marcos/Marcos/Codigos/Predicao_Cafe_Arabica/Teste_2_reuniao_16_dez_ajuste_seed/temp_models/trial_180
Modelo LSTM. Treino: 2012 a 2019. Validação: 2020. Teste: 2021.
Dataset: V44.
Obs: ajuste de seed

Hyperparams:
input_size: 7h: 1lr: 0.00023877466888882177batch: 32encoder n layers: 2decoder layers: 2",2026-01-07T12:37:13
2020_cluster_2,Formiga,2020-12-31T00:00:00,1.441791044776119,1.2951881,10.17,validacao,V44,LSTM,"/media/marcos/Marcos/Codigos/Predicao_Cafe_Arabica/Teste_2_reuniao_16_dez_ajuste_seed/temp_models/trial_180
Modelo LSTM. Treino: 2012 a 2019. Validação: 2020. Teste: 2021.
Dataset: V44.
Obs: ajuste de seed

Hyperparams:
input_size: 7h: 1lr: 0.00023877466888882177batch: 32encoder n layers: 2decoder layers: 2",2026-01-07T12:37:13
2020_cluster_2,Guaraciaba,2020-12-31T00:00:00,1.2,1.2371849,3.1,validacao,V44,LSTM,"/media/marcos/Marcos/Codigos/Predicao_Cafe_Arabica/Teste_2_reuniao_16_dez_ajuste_seed/temp_models/trial_180
Modelo LSTM. Treino: 2012 a 2019. Validação: 2020. Teste: 2021.
Dataset: V44.
Obs: ajuste de seed

Hyperparams:
input_size: 7h: 1lr: 0.00023877466888882177batch: 32encoder n layers: 2decoder layers: 2",2026-01-07T12:37:13
2020_cluster_2,Guiricema,2020-12-31T00:00:00,2.4,1.5243716,36.48,validacao,V44,LSTM,"/media/marcos/Marcos/Codigos/Predicao_Cafe_Arabica/Teste_2_reuniao_16_dez_ajuste_seed/temp_models/trial_180
Modelo LSTM. Treino: 2012 a 2019. Validação: 2020. Teste: 2021.
Dataset: V44.
Obs: ajuste de seed

Hyperparams:
input_size: 7h: 1lr: 0.00023877466888882177batch: 32encoder n layers: 2decoder layers: 2",2026-01-07T12:37:13
2020_cluster_2,Iapu,2020-12-31T00:00:00,1.0,1.7908962,79.09,validacao,V44,LSTM,"/media/marcos/Marcos/Codigos/Predicao_Cafe_Arabica/Teste_2_reuniao_16_dez_ajuste_seed/temp_models/trial_180
Modelo LSTM. Treino: 2012 a 2019. Validação: 2020. Teste: 2021.
Dataset: V44.
Obs: ajuste de seed

Hyperparams:
input_size: 7h: 1lr: 0.00023877466888882177batch: 32encoder n layers: 2decoder layers: 2",2026-01-07T12:37:13
2020_cluster_2,Ijaci,2020-12-31T00:00:00,2.458064516129032,1.2431071,49.43,validacao,V44,LSTM,"/media/marcos/Marcos/Codigos/Predicao_Cafe_Arabica/Teste_2_reuniao_16_dez_ajuste_seed/temp_models/trial_180
Modelo LSTM. Treino: 2012 a 2019. Validação: 2020. Teste: 2021.
Dataset: V44.
Obs: ajuste de seed

Hyperparams:
input_size: 7h: 1lr: 0.00023877466888882177batch: 32encoder n layers: 2decoder layers: 2",2026-01-07T12:37:13
2020_cluster_2,Imbe_de_Minas,2020-12-31T00:00:00,1.439877300613497,1.0978857,23.75,validacao,V44,LSTM,"/media/marcos/Marcos/Codigos/Predicao_Cafe_Arabica/Teste_2_reuniao_16_dez_ajuste_seed/temp_models/trial_180
Modelo LSTM. Treino: 2012 a 2019. Validação: 2020. Teste: 2021.
Dataset: V44.
Obs: ajuste de seed

Hyperparams:
input_size: 7h: 1lr: 0.00023877466888882177batch: 32encoder n layers: 2decoder layers: 2",2026-01-07T12:37:13
2020_cluster_2,Inhapim,2020-12-31T00:00:00,1.8000000000000003,1.6731818,7.05,validacao,V44,LSTM,"/media/marcos/Marcos/Codigos/Predicao_Cafe_Arabica/Teste_2_reuniao_16_dez_ajuste_seed/temp_models/trial_180
Modelo LSTM. Treino: 2012 a 2019. Validação: 2020. Teste: 2021.
Dataset: V44.
Obs: ajuste de seed

Hyperparams:
input_size: 7h: 1lr: 0.00023877466888882177batch: 32encoder n layers: 2decoder layers: 2",2026-01-07T12:37:13
2020_cluster_2,Irai_de_Minas,2020-12-31T00:00:00,3.3595092024539883,1.3841058,58.8,validacao,V44,LSTM,"/media/marcos/Marcos/Codigos/Predicao_Cafe_Arabica/Teste_2_reuniao_16_dez_ajuste_seed/temp_models/trial_180
Modelo LSTM. Treino: 2012 a 2019. Validação: 2020. Teste: 2021.
Dataset: V44.
Obs: ajuste de seed

Hyperparams:
input_size: 7h: 1lr: 0.00023877466888882177batch: 32encoder n layers: 2decoder layers: 2",2026-01-07T12:37:13
2020_cluster_2,Itamarati_de_Minas,2020-12-31T00:00:00,1.2,0.85034174,29.14,validacao,V44,LSTM,"/media/marcos/Marcos/Codigos/Predicao_Cafe_Arabica/Teste_2_reuniao_16_dez_ajuste_seed/temp_models/trial_180
Modelo LSTM. Treino: 2012 a 2019. Validação: 2020. Teste: 2021.
Dataset: V44.
Obs: ajuste de seed

Hyperparams:
input_size: 7h: 1lr: 0.00023877466888882177batch: 32encoder n layers: 2decoder layers: 2",2026-01-07T12:37:13
2020_cluster_2,Jequeri,2020-12-31T00:00:00,2.1,1.270811,39.49,validacao,V44,LSTM,"/media/marcos/Marcos/Codigos/Predicao_Cafe_Arabica/Teste_2_reuniao_16_dez_ajuste_seed/temp_models/trial_180
Modelo LSTM. Treino: 2012 a 2019. Validação: 2020. Teste: 2021.
Dataset: V44.
Obs: ajuste de seed

Hyperparams:
input_size: 7h: 1lr: 0.00023877466888882177batch: 32encoder n layers: 2decoder layers: 2",2026-01-07T12:37:13
2020_cluster_2,Lamim,2020-12-31T00:00:00,2.387096774193548,1.2799582,46.38,validacao,V44,LSTM,"/media/marcos/Marcos/Codigos/Predicao_Cafe_Arabica/Teste_2_reuniao_16_dez_ajuste_seed/temp_models/trial_180
Modelo LSTM. Treino: 2012 a 2019. Validação: 2020. Teste: 2021.
Dataset: V44.
Obs: ajuste de seed

Hyperparams:
input_size: 7h: 1lr: 0.00023877466888882177batch: 32encoder n layers: 2decoder layers: 2",2026-01-07T12:37:13
2020_cluster_2,Mar_de_Espanha,2020-12-31T00:00:00,1.8000000000000003,1.5618994,13.23,validacao,V44,LSTM,"/media/marcos/Marcos/Codigos/Predicao_Cafe_Arabica/Teste_2_reuniao_16_dez_ajuste_seed/temp_models/trial_180
Modelo LSTM. Treino: 2012 a 2019. Validação: 2020. Teste: 2021.
Dataset: V44.
Obs: ajuste de seed

Hyperparams:
input_size: 7h: 1lr: 0.00023877466888882177batch: 32encoder n layers: 2decoder layers: 2",2026-01-07T12:37:13
2020_cluster_2,Mata_Verde,2020-12-31T00:00:00,1.319688109161793,1.0731802,18.68,validacao,V44,LSTM,"/media/marcos/Marcos/Codigos/Predicao_Cafe_Arabica/Teste_2_reuniao_16_dez_ajuste_seed/temp_models/trial_180
Modelo LSTM. Treino: 2012 a 2019. Validação: 2020. Teste: 2021.
Dataset: V44.
Obs: ajuste de seed

Hyperparams:
input_size: 7h: 1lr: 0.00023877466888882177batch: 32encoder n layers: 2decoder layers: 2",2026-01-07T12:37:13
2020_cluster_2,Monte_Alegre_de_Minas,2020-12-31T00:00:00,3.0,1.6291684,45.69,validacao,V44,LSTM,"/media/marcos/Marcos/Codigos/Predicao_Cafe_Arabica/Teste_2_reuniao_16_dez_ajuste_seed/temp_models/trial_180
Modelo LSTM. Treino: 2012 a 2019. Validação: 2020. Teste: 2021.
Dataset: V44.
Obs: ajuste de seed

Hyperparams:
input_size: 7h: 1lr: 0.00023877466888882177batch: 32encoder n layers: 2decoder layers: 2",2026-01-07T12:37:13
2020_cluster_2,Nova_Era,2020-12-31T00:00:00,1.565217391304348,1.5218818,2.77,validacao,V44,LSTM,"/media/marcos/Marcos/Codigos/Predicao_Cafe_Arabica/Teste_2_reuniao_16_dez_ajuste_seed/temp_models/trial_180
Modelo LSTM. Treino: 2012 a 2019. Validação: 2020. Teste: 2021.
Dataset: V44.
Obs: ajuste de seed

Hyperparams:
input_size: 7h: 1lr: 0.00023877466888882177batch: 32encoder n layers: 2decoder layers: 2",2026-01-07T12:37:13
2020_cluster_2,Nova_Ponte,2020-12-31T00:00:00,1.8591549295774648,1.403162,24.53,validacao,V44,LSTM,"/media/marcos/Marcos/Codigos/Predicao_Cafe_Arabica/Teste_2_reuniao_16_dez_ajuste_seed/temp_models/trial_180
Modelo LSTM. Treino: 2012 a 2019. Validação: 2020. Teste: 2021.
Dataset: V44.
Obs: ajuste de seed

Hyperparams:
input_size: 7h: 1lr: 0.00023877466888882177batch: 32encoder n layers: 2decoder layers: 2",2026-01-07T12:37:13
2020_cluster_2,Paula_Candido,2020-12-31T00:00:00,1.62,1.308465,19.23,validacao,V44,LSTM,"/media/marcos/Marcos/Codigos/Predicao_Cafe_Arabica/Teste_2_reuniao_16_dez_ajuste_seed/temp_models/trial_180
Modelo LSTM. Treino: 2012 a 2019. Validação: 2020. Teste: 2021.
Dataset: V44.
Obs: ajuste de seed

Hyperparams:
input_size: 7h: 1lr: 0.00023877466888882177batch: 32encoder n layers: 2decoder layers: 2",2026-01-07T12:37:13
2020_cluster_2,Pecanha,2020-12-31T00:00:00,1.9999999999999996,1.6065686,19.67,validacao,V44,LSTM,"/media/marcos/Marcos/Codigos/Predicao_Cafe_Arabica/Teste_2_reuniao_16_dez_ajuste_seed/temp_models/trial_180
Modelo LSTM. Treino: 2012 a 2019. Validação: 2020. Teste: 2021.
Dataset: V44.
Obs: ajuste de seed

Hyperparams:
input_size: 7h: 1lr: 0.00023877466888882177batch: 32encoder n layers: 2decoder layers: 2",2026-01-07T12:37:13
2020_cluster_2,Pedra_Bonita,2020-12-31T00:00:00,1.7400000000000002,0.9953737,42.79,validacao,V44,LSTM,"/media/marcos/Marcos/Codigos/Predicao_Cafe_Arabica/Teste_2_reuniao_16_dez_ajuste_seed/temp_models/trial_180
Modelo LSTM. Treino: 2012 a 2019. Validação: 2020. Teste: 2021.
Dataset: V44.
Obs: ajuste de seed

Hyperparams:
input_size: 7h: 1lr: 0.00023877466888882177batch: 32encoder n layers: 2decoder layers: 2",2026-01-07T12:37:13
2020_cluster_2,Pedra_Dourada,2020-12-31T00:00:00,1.44,0.93084407,35.36,validacao,V44,LSTM,"/media/marcos/Marcos/Codigos/Predicao_Cafe_Arabica/Teste_2_reuniao_16_dez_ajuste_seed/temp_models/trial_180
Modelo LSTM. Treino: 2012 a 2019. Validação: 2020. Teste: 2021.
Dataset: V44.
Obs: ajuste de seed

Hyperparams:
input_size: 7h: 1lr: 0.00023877466888882177batch: 32encoder n layers: 2decoder layers: 2",2026-01-07T12:37:13
2020_cluster_2,Pedra_do_Anta,2020-12-31T00:00:00,1.5,1.2840141,14.4,validacao,V44,LSTM,"/media/marcos/Marcos/Codigos/Predicao_Cafe_Arabica/Teste_2_reuniao_16_dez_ajuste_seed/temp_models/trial_180
Modelo LSTM. Treino: 2012 a 2019. Validação: 2020. Teste: 2021.
Dataset: V44.
Obs: ajuste de seed

Hyperparams:
input_size: 7h: 1lr: 0.00023877466888882177batch: 32encoder n layers: 2decoder layers: 2",2026-01-07T12:37:13
2020_cluster_2,Piedade_de_Caratinga,2020-12-31T00:00:00,1.8000000000000003,1.615984,10.22,validacao,V44,LSTM,"/media/marcos/Marcos/Codigos/Predicao_Cafe_Arabica/Teste_2_reuniao_16_dez_ajuste_seed/temp_models/trial_180
Modelo LSTM. Treino: 2012 a 2019. Validação: 2020. Teste: 2021.
Dataset: V44.
Obs: ajuste de seed

Hyperparams:
input_size: 7h: 1lr: 0.00023877466888882177batch: 32encoder n layers: 2decoder layers: 2",2026-01-07T12:37:13
2020_cluster_2,Pocrane,2020-12-31T00:00:00,1.258064516129032,1.098993,12.64,validacao,V44,LSTM,"/media/marcos/Marcos/Codigos/Predicao_Cafe_Arabica/Teste_2_reuniao_16_dez_ajuste_seed/temp_models/trial_180
Modelo LSTM. Treino: 2012 a 2019. Validação: 2020. Teste: 2021.
Dataset: V44.
Obs: ajuste de seed

Hyperparams:
input_size: 7h: 1lr: 0.00023877466888882177batch: 32encoder n layers: 2decoder layers: 2",2026-01-07T12:37:13
2020_cluster_2,Presidente_Bernardes,2020-12-31T00:00:00,1.5,1.2667079,15.55,validacao,V44,LSTM,"/media/marcos/Marcos/Codigos/Predicao_Cafe_Arabica/Teste_2_reuniao_16_dez_ajuste_seed/temp_models/trial_180
Modelo LSTM. Treino: 2012 a 2019. Validação: 2020. Teste: 2021.
Dataset: V44.
Obs: ajuste de seed

Hyperparams:
input_size: 7h: 1lr: 0.00023877466888882177batch: 32encoder n layers: 2decoder layers: 2",2026-01-07T12:37:13
2020_cluster_2,Sabinopolis,2020-12-31T00:00:00,1.0,1.2753019,27.53,validacao,V44,LSTM,"/media/marcos/Marcos/Codigos/Predicao_Cafe_Arabica/Teste_2_reuniao_16_dez_ajuste_seed/temp_models/trial_180
Modelo LSTM. Treino: 2012 a 2019. Validação: 2020. Teste: 2021.
Dataset: V44.
Obs: ajuste de seed

Hyperparams:
input_size: 7h: 1lr: 0.00023877466888882177batch: 32encoder n layers: 2decoder layers: 2",2026-01-07T12:37:13
2020_cluster_2,Santa_Barbara,2020-12-31T00:00:00,1.142857142857143,1.0626404,7.02,validacao,V44,LSTM,"/media/marcos/Marcos/Codigos/Predicao_Cafe_Arabica/Teste_2_reuniao_16_dez_ajuste_seed/temp_models/trial_180
Modelo LSTM. Treino: 2012 a 2019. Validação: 2020. Teste: 2021.
Dataset: V44.
Obs: ajuste de seed

Hyperparams:
input_size: 7h: 1lr: 0.00023877466888882177batch: 32encoder n layers: 2decoder layers: 2",2026-01-07T12:37:13
2020_cluster_2,Santo_Antonio_do_Grama,2020-12-31T00:00:00,1.695652173913043,1.089673,35.74,validacao,V44,LSTM,"/media/marcos/Marcos/Codigos/Predicao_Cafe_Arabica/Teste_2_reuniao_16_dez_ajuste_seed/temp_models/trial_180
Modelo LSTM. Treino: 2012 a 2019. Validação: 2020. Teste: 2021.
Dataset: V44.
Obs: ajuste de seed

Hyperparams:
input_size: 7h: 1lr: 0.00023877466888882177batch: 32encoder n layers: 2decoder layers: 2",2026-01-07T12:37:13
2020_cluster_2,Sao_Domingos_do_Prata,2020-12-31T00:00:00,0.8846153846153846,0.7833488,11.45,validacao,V44,LSTM,"/media/marcos/Marcos/Codigos/Predicao_Cafe_Arabica/Teste_2_reuniao_16_dez_ajuste_seed/temp_models/trial_180
Modelo LSTM. Treino: 2012 a 2019. Validação: 2020. Teste: 2021.
Dataset: V44.
Obs: ajuste de seed

Hyperparams:
input_size: 7h: 1lr: 0.00023877466888882177batch: 32encoder n layers: 2decoder layers: 2",2026-01-07T12:37:13
2020_cluster_2,Sao_Geraldo,2020-12-31T00:00:00,1.8000000000000003,0.69661593,61.3,validacao,V44,LSTM,"/media/marcos/Marcos/Codigos/Predicao_Cafe_Arabica/Teste_2_reuniao_16_dez_ajuste_seed/temp_models/trial_180
Modelo LSTM. Treino: 2012 a 2019. Validação: 2020. Teste: 2021.
Dataset: V44.
Obs: ajuste de seed

Hyperparams:
input_size: 7h: 1lr: 0.00023877466888882177batch: 32encoder n layers: 2decoder layers: 2",2026-01-07T12:37:13
2020_cluster_2,Sao_Jose_da_Barra,2020-12-31T00:00:00,2.537024221453287,1.5156281,40.26,validacao,V44,LSTM,"/media/marcos/Marcos/Codigos/Predicao_Cafe_Arabica/Teste_2_reuniao_16_dez_ajuste_seed/temp_models/trial_180
Modelo LSTM. Treino: 2012 a 2019. Validação: 2020. Teste: 2021.
Dataset: V44.
Obs: ajuste de seed

Hyperparams:
input_size: 7h: 1lr: 0.00023877466888882177batch: 32encoder n layers: 2decoder layers: 2",2026-01-07T12:37:13
2020_cluster_2,Sao_Jose_do_Alegre,2020-12-31T00:00:00,1.359090909090909,1.5064375,10.84,validacao,V44,LSTM,"/media/marcos/Marcos/Codigos/Predicao_Cafe_Arabica/Teste_2_reuniao_16_dez_ajuste_seed/temp_models/trial_180
Modelo LSTM. Treino: 2012 a 2019. Validação: 2020. Teste: 2021.
Dataset: V44.
Obs: ajuste de seed

Hyperparams:
input_size: 7h: 1lr: 0.00023877466888882177batch: 32encoder n layers: 2decoder layers: 2",2026-01-07T12:37:13
2020_cluster_2,Sao_Miguel_do_Anta,2020-12-31T00:00:00,1.5,1.2432551,17.12,validacao,V44,LSTM,"/media/marcos/Marcos/Codigos/Predicao_Cafe_Arabica/Teste_2_reuniao_16_dez_ajuste_seed/temp_models/trial_180
Modelo LSTM. Treino: 2012 a 2019. Validação: 2020. Teste: 2021.
Dataset: V44.
Obs: ajuste de seed

Hyperparams:
input_size: 7h: 1lr: 0.00023877466888882177batch: 32encoder n layers: 2decoder layers: 2",2026-01-07T12:37:13
2020_cluster_2,Sao_Sebastiao_da_Vargem_Alegre,2020-12-31T00:00:00,1.8000000000000003,0.99079424,44.96,validacao,V44,LSTM,"/media/marcos/Marcos/Codigos/Predicao_Cafe_Arabica/Teste_2_reuniao_16_dez_ajuste_seed/temp_models/trial_180
Modelo LSTM. Treino: 2012 a 2019. Validação: 2020. Teste: 2021.
Dataset: V44.
Obs: ajuste de seed

Hyperparams:
input_size: 7h: 1lr: 0.00023877466888882177batch: 32encoder n layers: 2decoder layers: 2",2026-01-07T12:37:13
2020_cluster_2,Sao_Sebastiao_do_Anta,2020-12-31T00:00:00,1.8000000000000003,1.6952225,5.82,validacao,V44,LSTM,"/media/marcos/Marcos/Codigos/Predicao_Cafe_Arabica/Teste_2_reuniao_16_dez_ajuste_seed/temp_models/trial_180
Modelo LSTM. Treino: 2012 a 2019. Validação: 2020. Teste: 2021.
Dataset: V44.
Obs: ajuste de seed

Hyperparams:
input_size: 7h: 1lr: 0.00023877466888882177batch: 32encoder n layers: 2decoder layers: 2",2026-01-07T12:37:13
2020_cluster_2,Senhora_dos_Remedios,2020-12-31T00:00:00,1.8000000000000003,1.3744191,23.64,validacao,V44,LSTM,"/media/marcos/Marcos/Codigos/Predicao_Cafe_Arabica/Teste_2_reuniao_16_dez_ajuste_seed/temp_models/trial_180
Modelo LSTM. Treino: 2012 a 2019. Validação: 2020. Teste: 2021.
Dataset: V44.
Obs: ajuste de seed

Hyperparams:
input_size: 7h: 1lr: 0.00023877466888882177batch: 32encoder n layers: 2decoder layers: 2",2026-01-07T12:37:13
2020_cluster_2,Teixeiras,2020-12-31T00:00:00,1.5,1.0558711,29.61,validacao,V44,LSTM,"/media/marcos/Marcos/Codigos/Predicao_Cafe_Arabica/Teste_2_reuniao_16_dez_ajuste_seed/temp_models/trial_180
Modelo LSTM. Treino: 2012 a 2019. Validação: 2020. Teste: 2021.
Dataset: V44.
Obs: ajuste de seed

Hyperparams:
input_size: 7h: 1lr: 0.00023877466888882177batch: 32encoder n layers: 2decoder layers: 2",2026-01-07T12:37:13
2020_cluster_2,Visconde_do_Rio_Branco,2020-12-31T00:00:00,1.0,0.63998455,36.0,validacao,V44,LSTM,"/media/marcos/Marcos/Codigos/Predicao_Cafe_Arabica/Teste_2_reuniao_16_dez_ajuste_seed/temp_models/trial_180
Modelo LSTM. Treino: 2012 a 2019. Validação: 2020. Teste: 2021.
Dataset: V44.
Obs: ajuste de seed

Hyperparams:
input_size: 7h: 1lr: 0.00023877466888882177batch: 32encoder n layers: 2decoder layers: 2",2026-01-07T12:37:13
2020_cluster_2,Abre_Campo,2021-12-31T00:00:00,1.2,1.6675563,38.96,teste,V44,LSTM,"/media/marcos/Marcos/Codigos/Predicao_Cafe_Arabica/Teste_2_reuniao_16_dez_ajuste_seed/temp_models/trial_180
Modelo LSTM. Treino: 2012 a 2019. Validação: 2020. Teste: 2021.
Dataset: V44.
Obs: ajuste de seed

Hyperparams:
input_size: 7h: 1lr: 0.00023877466888882177batch: 32encoder n layers: 2decoder layers: 2",2026-01-07T12:37:13
2020_cluster_2,Aimores,2021-12-31T00:00:00,1.634328358208955,2.1016645,28.59,teste,V44,LSTM,"/media/marcos/Marcos/Codigos/Predicao_Cafe_Arabica/Teste_2_reuniao_16_dez_ajuste_seed/temp_models/trial_180
Modelo LSTM. Treino: 2012 a 2019. Validação: 2020. Teste: 2021.
Dataset: V44.
Obs: ajuste de seed

Hyperparams:
input_size: 7h: 1lr: 0.00023877466888882177batch: 32encoder n layers: 2decoder layers: 2",2026-01-07T12:37:13
2020_cluster_2,Alvarenga,2021-12-31T00:00:00,0.6304878048780488,0.94409966,49.74,teste,V44,LSTM,"/media/marcos/Marcos/Codigos/Predicao_Cafe_Arabica/Teste_2_reuniao_16_dez_ajuste_seed/temp_models/trial_180
Modelo LSTM. Treino: 2012 a 2019. Validação: 2020. Teste: 2021.
Dataset: V44.
Obs: ajuste de seed

Hyperparams:
input_size: 7h: 1lr: 0.00023877466888882177batch: 32encoder n layers: 2decoder layers: 2",2026-01-07T12:37:13
2020_cluster_2,Andrelandia,2021-12-31T00:00:00,1.4,1.455468,3.96,teste,V44,LSTM,"/media/marcos/Marcos/Codigos/Predicao_Cafe_Arabica/Teste_2_reuniao_16_dez_ajuste_seed/temp_models/trial_180
Modelo LSTM. Treino: 2012 a 2019. Validação: 2020. Teste: 2021.
Dataset: V44.
Obs: ajuste de seed

Hyperparams:
input_size: 7h: 1lr: 0.00023877466888882177batch: 32encoder n layers: 2decoder layers: 2",2026-01-07T12:37:13
2020_cluster_2,Antonio_Dias,2021-12-31T00:00:00,1.5,1.1569673,22.87,teste,V44,LSTM,"/media/marcos/Marcos/Codigos/Predicao_Cafe_Arabica/Teste_2_reuniao_16_dez_ajuste_seed/temp_models/trial_180
Modelo LSTM. Treino: 2012 a 2019. Validação: 2020. Teste: 2021.
Dataset: V44.
Obs: ajuste de seed

Hyperparams:
input_size: 7h: 1lr: 0.00023877466888882177batch: 32encoder n layers: 2decoder layers: 2",2026-01-07T12:37:13
2020_cluster_2,Antonio_Prado_de_Minas,2021-12-31T00:00:00,0.9,1.0456973,16.19,teste,V44,LSTM,"/media/marcos/Marcos/Codigos/Predicao_Cafe_Arabica/Teste_2_reuniao_16_dez_ajuste_seed/temp_models/trial_180
Modelo LSTM. Treino: 2012 a 2019. Validação: 2020. Teste: 2021.
Dataset: V44.
Obs: ajuste de seed

Hyperparams:
input_size: 7h: 1lr: 0.00023877466888882177batch: 32encoder n layers: 2decoder layers: 2",2026-01-07T12:37:13
2020_cluster_2,Bocaiuva,2021-12-31T00:00:00,1.7407407407407405,1.9041245,9.39,teste,V44,LSTM,"/media/marcos/Marcos/Codigos/Predicao_Cafe_Arabica/Teste_2_reuniao_16_dez_ajuste_seed/temp_models/trial_180
Modelo LSTM. Treino: 2012 a 2019. Validação: 2020. Teste: 2021.
Dataset: V44.
Obs: ajuste de seed

Hyperparams:
input_size: 7h: 1lr: 0.00023877466888882177batch: 32encoder n layers: 2decoder layers: 2",2026-01-07T12:37:13
2020_cluster_2,Bom_Jesus_do_Amparo,2021-12-31T00:00:00,1.2,1.8311126,52.59,teste,V44,LSTM,"/media/marcos/Marcos/Codigos/Predicao_Cafe_Arabica/Teste_2_reuniao_16_dez_ajuste_seed/temp_models/trial_180
Modelo LSTM. Treino: 2012 a 2019. Validação: 2020. Teste: 2021.
Dataset: V44.
Obs: ajuste de seed

Hyperparams:
input_size: 7h: 1lr: 0.00023877466888882177batch: 32encoder n layers: 2decoder layers: 2",2026-01-07T12:37:13
2020_cluster_2,Campo_Belo,2021-12-31T00:00:00,1.5,1.4429836,3.8,teste,V44,LSTM,"/media/marcos/Marcos/Codigos/Predicao_Cafe_Arabica/Teste_2_reuniao_16_dez_ajuste_seed/temp_models/trial_180
Modelo LSTM. Treino: 2012 a 2019. Validação: 2020. Teste: 2021.
Dataset: V44.
Obs: ajuste de seed

Hyperparams:
input_size: 7h: 1lr: 0.00023877466888882177batch: 32encoder n layers: 2decoder layers: 2",2026-01-07T12:37:13
2020_cluster_2,Capela_Nova,2021-12-31T00:00:00,1.8000000000000003,1.9584005,8.8,teste,V44,LSTM,"/media/marcos/Marcos/Codigos/Predicao_Cafe_Arabica/Teste_2_reuniao_16_dez_ajuste_seed/temp_models/trial_180
Modelo LSTM. Treino: 2012 a 2019. Validação: 2020. Teste: 2021.
Dataset: V44.
Obs: ajuste de seed

Hyperparams:
input_size: 7h: 1lr: 0.00023877466888882177batch: 32encoder n layers: 2decoder layers: 2",2026-01-07T12:37:13
2020_cluster_2,Capitao_Eneas,2021-12-31T00:00:00,1.9999999999999996,2.1769354,8.85,teste,V44,LSTM,"/media/marcos/Marcos/Codigos/Predicao_Cafe_Arabica/Teste_2_reuniao_16_dez_ajuste_seed/temp_models/trial_180
Modelo LSTM. Treino: 2012 a 2019. Validação: 2020. Teste: 2021.
Dataset: V44.
Obs: ajuste de seed

Hyperparams:
input_size: 7h: 1lr: 0.00023877466888882177batch: 32encoder n layers: 2decoder layers: 2",2026-01-07T12:37:13
2020_cluster_2,Casa_Grande,2021-12-31T00:00:00,1.3230769230769233,1.4701796,11.12,teste,V44,LSTM,"/media/marcos/Marcos/Codigos/Predicao_Cafe_Arabica/Teste_2_reuniao_16_dez_ajuste_seed/temp_models/trial_180
Modelo LSTM. Treino: 2012 a 2019. Validação: 2020. Teste: 2021.
Dataset: V44.
Obs: ajuste de seed

Hyperparams:
input_size: 7h: 1lr: 0.00023877466888882177batch: 32encoder n layers: 2decoder layers: 2",2026-01-07T12:37:13
2020_cluster_2,Cataguases,2021-12-31T00:00:00,1.25,0.8627145,30.98,teste,V44,LSTM,"/media/marcos/Marcos/Codigos/Predicao_Cafe_Arabica/Teste_2_reuniao_16_dez_ajuste_seed/temp_models/trial_180
Modelo LSTM. Treino: 2012 a 2019. Validação: 2020. Teste: 2021.
Dataset: V44.
Obs: ajuste de seed

Hyperparams:
input_size: 7h: 1lr: 0.00023877466888882177batch: 32encoder n layers: 2decoder layers: 2",2026-01-07T12:37:13
2020_cluster_2,Caxambu,2021-12-31T00:00:00,1.4387755102040822,1.1839757,17.71,teste,V44,LSTM,"/media/marcos/Marcos/Codigos/Predicao_Cafe_Arabica/Teste_2_reuniao_16_dez_ajuste_seed/temp_models/trial_180
Modelo LSTM. Treino: 2012 a 2019. Validação: 2020. Teste: 2021.
Dataset: V44.
Obs: ajuste de seed

Hyperparams:
input_size: 7h: 1lr: 0.00023877466888882177batch: 32encoder n layers: 2decoder layers: 2",2026-01-07T12:37:13
2020_cluster_2,Coimbra,2021-12-31T00:00:00,1.501182033096927,1.7997952,19.89,teste,V44,LSTM,"/media/marcos/Marcos/Codigos/Predicao_Cafe_Arabica/Teste_2_reuniao_16_dez_ajuste_seed/temp_models/trial_180
Modelo LSTM. Treino: 2012 a 2019. Validação: 2020. Teste: 2021.
Dataset: V44.
Obs: ajuste de seed

Hyperparams:
input_size: 7h: 1lr: 0.00023877466888882177batch: 32encoder n layers: 2decoder layers: 2",2026-01-07T12:37:13
2020_cluster_2,Conselheiro_Pena,2021-12-31T00:00:00,1.2898734177215188,1.3867052,7.51,teste,V44,LSTM,"/media/marcos/Marcos/Codigos/Predicao_Cafe_Arabica/Teste_2_reuniao_16_dez_ajuste_seed/temp_models/trial_180
Modelo LSTM. Treino: 2012 a 2019. Validação: 2020. Teste: 2021.
Dataset: V44.
Obs: ajuste de seed

Hyperparams:
input_size: 7h: 1lr: 0.00023877466888882177batch: 32encoder n layers: 2decoder layers: 2",2026-01-07T12:37:13
2020_cluster_2,Corrego_Novo,2021-12-31T00:00:00,1.8000000000000003,1.105934,38.56,teste,V44,LSTM,"/media/marcos/Marcos/Codigos/Predicao_Cafe_Arabica/Teste_2_reuniao_16_dez_ajuste_seed/temp_models/trial_180
Modelo LSTM. Treino: 2012 a 2019. Validação: 2020. Teste: 2021.
Dataset: V44.
Obs: ajuste de seed

Hyperparams:
input_size: 7h: 1lr: 0.00023877466888882177batch: 32encoder n layers: 2decoder layers: 2",2026-01-07T12:37:13
2020_cluster_2,Cruzilia,2021-12-31T00:00:00,1.5027322404371577,1.2725116,15.32,teste,V44,LSTM,"/media/marcos/Marcos/Codigos/Predicao_Cafe_Arabica/Teste_2_reuniao_16_dez_ajuste_seed/temp_models/trial_180
Modelo LSTM. Treino: 2012 a 2019. Validação: 2020. Teste: 2021.
Dataset: V44.
Obs: ajuste de seed

Hyperparams:
input_size: 7h: 1lr: 0.00023877466888882177batch: 32encoder n layers: 2decoder layers: 2",2026-01-07T12:37:13
2020_cluster_2,Divisopolis,2021-12-31T00:00:00,0.9595505617977528,1.3865609,44.5,teste,V44,LSTM,"/media/marcos/Marcos/Codigos/Predicao_Cafe_Arabica/Teste_2_reuniao_16_dez_ajuste_seed/temp_models/trial_180
Modelo LSTM. Treino: 2012 a 2019. Validação: 2020. Teste: 2021.
Dataset: V44.
Obs: ajuste de seed

Hyperparams:
input_size: 7h: 1lr: 0.00023877466888882177batch: 32encoder n layers: 2decoder layers: 2",2026-01-07T12:37:13
2020_cluster_2,Esmeraldas,2021-12-31T00:00:00,1.7115384615384608,2.4034114,40.42,teste,V44,LSTM,"/media/marcos/Marcos/Codigos/Predicao_Cafe_Arabica/Teste_2_reuniao_16_dez_ajuste_seed/temp_models/trial_180
Modelo LSTM. Treino: 2012 a 2019. Validação: 2020. Teste: 2021.
Dataset: V44.
Obs: ajuste de seed

Hyperparams:
input_size: 7h: 1lr: 0.00023877466888882177batch: 32encoder n layers: 2decoder layers: 2",2026-01-07T12:37:13
2020_cluster_2,Espirito_Santo_do_Dourado,2021-12-31T00:00:00,1.200854700854701,1.5456418,28.71,teste,V44,LSTM,"/media/marcos/Marcos/Codigos/Predicao_Cafe_Arabica/Teste_2_reuniao_16_dez_ajuste_seed/temp_models/trial_180
Modelo LSTM. Treino: 2012 a 2019. Validação: 2020. Teste: 2021.
Dataset: V44.
Obs: ajuste de seed

Hyperparams:
input_size: 7h: 1lr: 0.00023877466888882177batch: 32encoder n layers: 2decoder layers: 2",2026-01-07T12:37:13
2020_cluster_2,Eugenopolis,2021-12-31T00:00:00,1.5,1.191129,20.59,teste,V44,LSTM,"/media/marcos/Marcos/Codigos/Predicao_Cafe_Arabica/Teste_2_reuniao_16_dez_ajuste_seed/temp_models/trial_180
Modelo LSTM. Treino: 2012 a 2019. Validação: 2020. Teste: 2021.
Dataset: V44.
Obs: ajuste de seed

Hyperparams:
input_size: 7h: 1lr: 0.00023877466888882177batch: 32encoder n layers: 2decoder layers: 2",2026-01-07T12:37:13
2020_cluster_2,Felicio_dos_Santos,2021-12-31T00:00:00,3.5420875420875415,2.769201,21.82,teste,V44,LSTM,"/media/marcos/Marcos/Codigos/Predicao_Cafe_Arabica/Teste_2_reuniao_16_dez_ajuste_seed/temp_models/trial_180
Modelo LSTM. Treino: 2012 a 2019. Validação: 2020. Teste: 2021.
Dataset: V44.
Obs: ajuste de seed

Hyperparams:
input_size: 7h: 1lr: 0.00023877466888882177batch: 32encoder n layers: 2decoder layers: 2",2026-01-07T12:37:13
2020_cluster_2,Formiga,2021-12-31T00:00:00,1.347576301615799,1.5235846,13.06,teste,V44,LSTM,"/media/marcos/Marcos/Codigos/Predicao_Cafe_Arabica/Teste_2_reuniao_16_dez_ajuste_seed/temp_models/trial_180
Modelo LSTM. Treino: 2012 a 2019. Validação: 2020. Teste: 2021.
Dataset: V44.
Obs: ajuste de seed

Hyperparams:
input_size: 7h: 1lr: 0.00023877466888882177batch: 32encoder n layers: 2decoder layers: 2",2026-01-07T12:37:13
2020_cluster_2,Guaraciaba,2021-12-31T00:00:00,2.4,1.3675764,43.02,teste,V44,LSTM,"/media/marcos/Marcos/Codigos/Predicao_Cafe_Arabica/Teste_2_reuniao_16_dez_ajuste_seed/temp_models/trial_180
Modelo LSTM. Treino: 2012 a 2019. Validação: 2020. Teste: 2021.
Dataset: V44.
Obs: ajuste de seed

Hyperparams:
input_size: 7h: 1lr: 0.00023877466888882177batch: 32encoder n layers: 2decoder layers: 2",2026-01-07T12:37:13
2020_cluster_2,Guiricema,2021-12-31T00:00:00,2.1,1.7995329,14.31,teste,V44,LSTM,"/media/marcos/Marcos/Codigos/Predicao_Cafe_Arabica/Teste_2_reuniao_16_dez_ajuste_seed/temp_models/trial_180
Modelo LSTM. Treino: 2012 a 2019. Validação: 2020. Teste: 2021.
Dataset: V44.
Obs: ajuste de seed

Hyperparams:
input_size: 7h: 1lr: 0.00023877466888882177batch: 32encoder n layers: 2decoder layers: 2",2026-01-07T12:37:13
2020_cluster_2,Iapu,2021-12-31T00:00:00,1.5578947368421048,2.099008,34.73,teste,V44,LSTM,"/media/marcos/Marcos/Codigos/Predicao_Cafe_Arabica/Teste_2_reuniao_16_dez_ajuste_seed/temp_models/trial_180
Modelo LSTM. Treino: 2012 a 2019. Validação: 2020. Teste: 2021.
Dataset: V44.
Obs: ajuste de seed

Hyperparams:
input_size: 7h: 1lr: 0.00023877466888882177batch: 32encoder n layers: 2decoder layers: 2",2026-01-07T12:37:13
2020_cluster_2,Ijaci,2021-12-31T00:00:00,1.2375,1.9310026,56.04,teste,V44,LSTM,"/media/marcos/Marcos/Codigos/Predicao_Cafe_Arabica/Teste_2_reuniao_16_dez_ajuste_seed/temp_models/trial_180
Modelo LSTM. Treino: 2012 a 2019. Validação: 2020. Teste: 2021.
Dataset: V44.
Obs: ajuste de seed

Hyperparams:
input_size: 7h: 1lr: 0.00023877466888882177batch: 32encoder n layers: 2decoder layers: 2",2026-01-07T12:37:13
2020_cluster_2,Imbe_de_Minas,2021-12-31T00:00:00,1.2,1.6126735,34.39,teste,V44,LSTM,"/media/marcos/Marcos/Codigos/Predicao_Cafe_Arabica/Teste_2_reuniao_16_dez_ajuste_seed/temp_models/trial_180
Modelo LSTM. Treino: 2012 a 2019. Validação: 2020. Teste: 2021.
Dataset: V44.
Obs: ajuste de seed

Hyperparams:
input_size: 7h: 1lr: 0.00023877466888882177batch: 32encoder n layers: 2decoder layers: 2",2026-01-07T12:37:13
2020_cluster_2,Inhapim,2021-12-31T00:00:00,1.2,2.194369,82.86,teste,V44,LSTM,"/media/marcos/Marcos/Codigos/Predicao_Cafe_Arabica/Teste_2_reuniao_16_dez_ajuste_seed/temp_models/trial_180
Modelo LSTM. Treino: 2012 a 2019. Validação: 2020. Teste: 2021.
Dataset: V44.
Obs: ajuste de seed

Hyperparams:
input_size: 7h: 1lr: 0.00023877466888882177batch: 32encoder n layers: 2decoder layers: 2",2026-01-07T12:37:13
2020_cluster_2,Irai_de_Minas,2021-12-31T00:00:00,2.472300469483568,2.0203106,18.28,teste,V44,LSTM,"/media/marcos/Marcos/Codigos/Predicao_Cafe_Arabica/Teste_2_reuniao_16_dez_ajuste_seed/temp_models/trial_180
Modelo LSTM. Treino: 2012 a 2019. Validação: 2020. Teste: 2021.
Dataset: V44.
Obs: ajuste de seed

Hyperparams:
input_size: 7h: 1lr: 0.00023877466888882177batch: 32encoder n layers: 2decoder layers: 2",2026-01-07T12:37:13
2020_cluster_2,Itamarati_de_Minas,2021-12-31T00:00:00,1.2,0.9476347,21.03,teste,V44,LSTM,"/media/marcos/Marcos/Codigos/Predicao_Cafe_Arabica/Teste_2_reuniao_16_dez_ajuste_seed/temp_models/trial_180
Modelo LSTM. Treino: 2012 a 2019. Validação: 2020. Teste: 2021.
Dataset: V44.
Obs: ajuste de seed

Hyperparams:
input_size: 7h: 1lr: 0.00023877466888882177batch: 32encoder n layers: 2decoder layers: 2",2026-01-07T12:37:13
2020_cluster_2,Jequeri,2021-12-31T00:00:00,1.5,1.5263824,1.76,teste,V44,LSTM,"/media/marcos/Marcos/Codigos/Predicao_Cafe_Arabica/Teste_2_reuniao_16_dez_ajuste_seed/temp_models/trial_180
Modelo LSTM. Treino: 2012 a 2019. Validação: 2020. Teste: 2021.
Dataset: V44.
Obs: ajuste de seed

Hyperparams:
input_size: 7h: 1lr: 0.00023877466888882177batch: 32encoder n layers: 2decoder layers: 2",2026-01-07T12:37:13
2020_cluster_2,Lamim,2021-12-31T00:00:00,1.2800000000000002,1.6713936,30.58,teste,V44,LSTM,"/media/marcos/Marcos/Codigos/Predicao_Cafe_Arabica/Teste_2_reuniao_16_dez_ajuste_seed/temp_models/trial_180
Modelo LSTM. Treino: 2012 a 2019. Validação: 2020. Teste: 2021.
Dataset: V44.
Obs: ajuste de seed

Hyperparams:
input_size: 7h: 1lr: 0.00023877466888882177batch: 32encoder n layers: 2decoder layers: 2",2026-01-07T12:37:13
2020_cluster_2,Mar_de_Espanha,2021-12-31T00:00:00,1.4199999999999997,1.8044627,27.07,teste,V44,LSTM,"/media/marcos/Marcos/Codigos/Predicao_Cafe_Arabica/Teste_2_reuniao_16_dez_ajuste_seed/temp_models/trial_180
Modelo LSTM. Treino: 2012 a 2019. Validação: 2020. Teste: 2021.
Dataset: V44.
Obs: ajuste de seed

Hyperparams:
input_size: 7h: 1lr: 0.00023877466888882177batch: 32encoder n layers: 2decoder layers: 2",2026-01-07T12:37:13
2020_cluster_2,Mata_Verde,2021-12-31T00:00:00,1.319277108433735,1.5150557,14.84,teste,V44,LSTM,"/media/marcos/Marcos/Codigos/Predicao_Cafe_Arabica/Teste_2_reuniao_16_dez_ajuste_seed/temp_models/trial_180
Modelo LSTM. Treino: 2012 a 2019. Validação: 2020. Teste: 2021.
Dataset: V44.
Obs: ajuste de seed

Hyperparams:
input_size: 7h: 1lr: 0.00023877466888882177batch: 32encoder n layers: 2decoder layers: 2",2026-01-07T12:37:13
2020_cluster_2,Monte_Alegre_de_Minas,2021-12-31T00:00:00,2.765957446808511,3.1378143,13.44,teste,V44,LSTM,"/media/marcos/Marcos/Codigos/Predicao_Cafe_Arabica/Teste_2_reuniao_16_dez_ajuste_seed/temp_models/trial_180
Modelo LSTM. Treino: 2012 a 2019. Validação: 2020. Teste: 2021.
Dataset: V44.
Obs: ajuste de seed

Hyperparams:
input_size: 7h: 1lr: 0.00023877466888882177batch: 32encoder n layers: 2decoder layers: 2",2026-01-07T12:37:13
2020_cluster_2,Nova_Era,2021-12-31T00:00:00,1.5,1.6546268,10.31,teste,V44,LSTM,"/media/marcos/Marcos/Codigos/Predicao_Cafe_Arabica/Teste_2_reuniao_16_dez_ajuste_seed/temp_models/trial_180
Modelo LSTM. Treino: 2012 a 2019. Validação: 2020. Teste: 2021.
Dataset: V44.
Obs: ajuste de seed

Hyperparams:
input_size: 7h: 1lr: 0.00023877466888882177batch: 32encoder n layers: 2decoder layers: 2",2026-01-07T12:37:13
2020_cluster_2,Nova_Ponte,2021-12-31T00:00:00,2.5482352941176467,1.6837003,33.93,teste,V44,LSTM,"/media/marcos/Marcos/Codigos/Predicao_Cafe_Arabica/Teste_2_reuniao_16_dez_ajuste_seed/temp_models/trial_180
Modelo LSTM. Treino: 2012 a 2019. Validação: 2020. Teste: 2021.
Dataset: V44.
Obs: ajuste de seed

Hyperparams:
input_size: 7h: 1lr: 0.00023877466888882177batch: 32encoder n layers: 2decoder layers: 2",2026-01-07T12:37:13
2020_cluster_2,Paula_Candido,2021-12-31T00:00:00,1.5,1.4514486,3.24,teste,V44,LSTM,"/media/marcos/Marcos/Codigos/Predicao_Cafe_Arabica/Teste_2_reuniao_16_dez_ajuste_seed/temp_models/trial_180
Modelo LSTM. Treino: 2012 a 2019. Validação: 2020. Teste: 2021.
Dataset: V44.
Obs: ajuste de seed

Hyperparams:
input_size: 7h: 1lr: 0.00023877466888882177batch: 32encoder n layers: 2decoder layers: 2",2026-01-07T12:37:13
2020_cluster_2,Pecanha,2021-12-31T00:00:00,1.8076923076923082,2.1215525,17.36,teste,V44,LSTM,"/media/marcos/Marcos/Codigos/Predicao_Cafe_Arabica/Teste_2_reuniao_16_dez_ajuste_seed/temp_models/trial_180
Modelo LSTM. Treino: 2012 a 2019. Validação: 2020. Teste: 2021.
Dataset: V44.
Obs: ajuste de seed

Hyperparams:
input_size: 7h: 1lr: 0.00023877466888882177batch: 32encoder n layers: 2decoder layers: 2",2026-01-07T12:37:13
2020_cluster_2,Pedra_Bonita,2021-12-31T00:00:00,1.08,1.3041165,20.75,teste,V44,LSTM,"/media/marcos/Marcos/Codigos/Predicao_Cafe_Arabica/Teste_2_reuniao_16_dez_ajuste_seed/temp_models/trial_180
Modelo LSTM. Treino: 2012 a 2019. Validação: 2020. Teste: 2021.
Dataset: V44.
Obs: ajuste de seed

Hyperparams:
input_size: 7h: 1lr: 0.00023877466888882177batch: 32encoder n layers: 2decoder layers: 2",2026-01-07T12:37:13
2020_cluster_2,Pedra_Dourada,2021-12-31T00:00:00,0.9599999999999999,1.1996547,24.96,teste,V44,LSTM,"/media/marcos/Marcos/Codigos/Predicao_Cafe_Arabica/Teste_2_reuniao_16_dez_ajuste_seed/temp_models/trial_180
Modelo LSTM. Treino: 2012 a 2019. Validação: 2020. Teste: 2021.
Dataset: V44.
Obs: ajuste de seed

Hyperparams:
input_size: 7h: 1lr: 0.00023877466888882177batch: 32encoder n layers: 2decoder layers: 2",2026-01-07T12:37:13
2020_cluster_2,Pedra_do_Anta,2021-12-31T00:00:00,0.9,1.3562925,50.7,teste,V44,LSTM,"/media/marcos/Marcos/Codigos/Predicao_Cafe_Arabica/Teste_2_reuniao_16_dez_ajuste_seed/temp_models/trial_180
Modelo LSTM. Treino: 2012 a 2019. Validação: 2020. Teste: 2021.
Dataset: V44.
Obs: ajuste de seed

Hyperparams:
input_size: 7h: 1lr: 0.00023877466888882177batch: 32encoder n layers: 2decoder layers: 2",2026-01-07T12:37:13
2020_cluster_2,Piedade_de_Caratinga,2021-12-31T00:00:00,1.2,2.226011,85.5,teste,V44,LSTM,"/media/marcos/Marcos/Codigos/Predicao_Cafe_Arabica/Teste_2_reuniao_16_dez_ajuste_seed/temp_models/trial_180
Modelo LSTM. Treino: 2012 a 2019. Validação: 2020. Teste: 2021.
Dataset: V44.
Obs: ajuste de seed

Hyperparams:
input_size: 7h: 1lr: 0.00023877466888882177batch: 32encoder n layers: 2decoder layers: 2",2026-01-07T12:37:13
2020_cluster_2,Pocrane,2021-12-31T00:00:00,1.3228346456692908,1.3650594,3.19,teste,V44,LSTM,"/media/marcos/Marcos/Codigos/Predicao_Cafe_Arabica/Teste_2_reuniao_16_dez_ajuste_seed/temp_models/trial_180
Modelo LSTM. Treino: 2012 a 2019. Validação: 2020. Teste: 2021.
Dataset: V44.
Obs: ajuste de seed

Hyperparams:
input_size: 7h: 1lr: 0.00023877466888882177batch: 32encoder n layers: 2decoder layers: 2",2026-01-07T12:37:13
2020_cluster_2,Presidente_Bernardes,2021-12-31T00:00:00,1.56,1.4552279,6.72,teste,V44,LSTM,"/media/marcos/Marcos/Codigos/Predicao_Cafe_Arabica/Teste_2_reuniao_16_dez_ajuste_seed/temp_models/trial_180
Modelo LSTM. Treino: 2012 a 2019. Validação: 2020. Teste: 2021.
Dataset: V44.
Obs: ajuste de seed

Hyperparams:
input_size: 7h: 1lr: 0.00023877466888882177batch: 32encoder n layers: 2decoder layers: 2",2026-01-07T12:37:13
2020_cluster_2,Sabinopolis,2021-12-31T00:00:00,1.2,1.5281308,27.34,teste,V44,LSTM,"/media/marcos/Marcos/Codigos/Predicao_Cafe_Arabica/Teste_2_reuniao_16_dez_ajuste_seed/temp_models/trial_180
Modelo LSTM. Treino: 2012 a 2019. Validação: 2020. Teste: 2021.
Dataset: V44.
Obs: ajuste de seed

Hyperparams:
input_size: 7h: 1lr: 0.00023877466888882177batch: 32encoder n layers: 2decoder layers: 2",2026-01-07T12:37:13
2020_cluster_2,Santa_Barbara,2021-12-31T00:00:00,0.9333333333333331,1.204171,29.02,teste,V44,LSTM,"/media/marcos/Marcos/Codigos/Predicao_Cafe_Arabica/Teste_2_reuniao_16_dez_ajuste_seed/temp_models/trial_180
Modelo LSTM. Treino: 2012 a 2019. Validação: 2020. Teste: 2021.
Dataset: V44.
Obs: ajuste de seed

Hyperparams:
input_size: 7h: 1lr: 0.00023877466888882177batch: 32encoder n layers: 2decoder layers: 2",2026-01-07T12:37:13
2020_cluster_2,Santo_Antonio_do_Grama,2021-12-31T00:00:00,1.9130434782608698,2.2442684,17.31,teste,V44,LSTM,"/media/marcos/Marcos/Codigos/Predicao_Cafe_Arabica/Teste_2_reuniao_16_dez_ajuste_seed/temp_models/trial_180
Modelo LSTM. Treino: 2012 a 2019. Validação: 2020. Teste: 2021.
Dataset: V44.
Obs: ajuste de seed

Hyperparams:
input_size: 7h: 1lr: 0.00023877466888882177batch: 32encoder n layers: 2decoder layers: 2",2026-01-07T12:37:13
2020_cluster_2,Sao_Domingos_do_Prata,2021-12-31T00:00:00,0.9038461538461539,0.9452713,4.58,teste,V44,LSTM,"/media/marcos/Marcos/Codigos/Predicao_Cafe_Arabica/Teste_2_reuniao_16_dez_ajuste_seed/temp_models/trial_180
Modelo LSTM. Treino: 2012 a 2019. Validação: 2020. Teste: 2021.
Dataset: V44.
Obs: ajuste de seed

Hyperparams:
input_size: 7h: 1lr: 0.00023877466888882177batch: 32encoder n layers: 2decoder layers: 2",2026-01-07T12:37:13
2020_cluster_2,Sao_Geraldo,2021-12-31T00:00:00,1.5,1.2590988,16.06,teste,V44,LSTM,"/media/marcos/Marcos/Codigos/Predicao_Cafe_Arabica/Teste_2_reuniao_16_dez_ajuste_seed/temp_models/trial_180
Modelo LSTM. Treino: 2012 a 2019. Validação: 2020. Teste: 2021.
Dataset: V44.
Obs: ajuste de seed

Hyperparams:
input_size: 7h: 1lr: 0.00023877466888882177batch: 32encoder n layers: 2decoder layers: 2",2026-01-07T12:37:13
2020_cluster_2,Sao_Jose_da_Barra,2021-12-31T00:00:00,1.682068965517241,1.9429549,15.51,teste,V44,LSTM,"/media/marcos/Marcos/Codigos/Predicao_Cafe_Arabica/Teste_2_reuniao_16_dez_ajuste_seed/temp_models/trial_180
Modelo LSTM. Treino: 2012 a 2019. Validação: 2020. Teste: 2021.
Dataset: V44.
Obs: ajuste de seed

Hyperparams:
input_size: 7h: 1lr: 0.00023877466888882177batch: 32encoder n layers: 2decoder layers: 2",2026-01-07T12:37:13
2020_cluster_2,Sao_Jose_do_Alegre,2021-12-31T00:00:00,1.7823529411764714,1.6749159,6.03,teste,V44,LSTM,"/media/marcos/Marcos/Codigos/Predicao_Cafe_Arabica/Teste_2_reuniao_16_dez_ajuste_seed/temp_models/trial_180
Modelo LSTM. Treino: 2012 a 2019. Validação: 2020. Teste: 2021.
Dataset: V44.
Obs: ajuste de seed

Hyperparams:
input_size: 7h: 1lr: 0.00023877466888882177batch: 32encoder n layers: 2decoder layers: 2",2026-01-07T12:37:13
2020_cluster_2,Sao_Miguel_do_Anta,2021-12-31T00:00:00,1.2603053435114497,1.4257431,13.13,teste,V44,LSTM,"/media/marcos/Marcos/Codigos/Predicao_Cafe_Arabica/Teste_2_reuniao_16_dez_ajuste_seed/temp_models/trial_180
Modelo LSTM. Treino: 2012 a 2019. Validação: 2020. Teste: 2021.
Dataset: V44.
Obs: ajuste de seed

Hyperparams:
input_size: 7h: 1lr: 0.00023877466888882177batch: 32encoder n layers: 2decoder layers: 2",2026-01-07T12:37:13
2020_cluster_2,Sao_Sebastiao_da_Vargem_Alegre,2021-12-31T00:00:00,1.020238095238095,1.2179918,19.38,teste,V44,LSTM,"/media/marcos/Marcos/Codigos/Predicao_Cafe_Arabica/Teste_2_reuniao_16_dez_ajuste_seed/temp_models/trial_180
Modelo LSTM. Treino: 2012 a 2019. Validação: 2020. Teste: 2021.
Dataset: V44.
Obs: ajuste de seed

Hyperparams:
input_size: 7h: 1lr: 0.00023877466888882177batch: 32encoder n layers: 2decoder layers: 2",2026-01-07T12:37:13
2020_cluster_2,Sao_Sebastiao_do_Anta,2021-12-31T00:00:00,1.5,2.2245412,48.3,teste,V44,LSTM,"/media/marcos/Marcos/Codigos/Predicao_Cafe_Arabica/Teste_2_reuniao_16_dez_ajuste_seed/temp_models/trial_180
Modelo LSTM. Treino: 2012 a 2019. Validação: 2020. Teste: 2021.
Dataset: V44.
Obs: ajuste de seed

Hyperparams:
input_size: 7h: 1lr: 0.00023877466888882177batch: 32encoder n layers: 2decoder layers: 2",2026-01-07T12:37:13
2020_cluster_2,Senhora_dos_Remedios,2021-12-31T00:00:00,1.5,1.5582602,3.88,teste,V44,LSTM,"/media/marcos/Marcos/Codigos/Predicao_Cafe_Arabica/Teste_2_reuniao_16_dez_ajuste_seed/temp_models/trial_180
Modelo LSTM. Treino: 2012 a 2019. Validação: 2020. Teste: 2021.
Dataset: V44.
Obs: ajuste de seed

Hyperparams:
input_size: 7h: 1lr: 0.00023877466888882177batch: 32encoder n layers: 2decoder layers: 2",2026-01-07T12:37:13
2020_cluster_2,Teixeiras,2021-12-31T00:00:00,1.32,1.2997003,1.54,teste,V44,LSTM,"/media/marcos/Marcos/Codigos/Predicao_Cafe_Arabica/Teste_2_reuniao_16_dez_ajuste_seed/temp_models/trial_180
Modelo LSTM. Treino: 2012 a 2019. Validação: 2020. Teste: 2021.
Dataset: V44.
Obs: ajuste de seed

Hyperparams:
input_size: 7h: 1lr: 0.00023877466888882177batch: 32encoder n layers: 2decoder layers: 2",2026-01-07T12:37:13
2020_cluster_2,Visconde_do_Rio_Branco,2021-12-31T00:00:00,1.25,0.9528716,23.77,teste,V44,LSTM,"/media/marcos/Marcos/Codigos/Predicao_Cafe_Arabica/Teste_2_reuniao_16_dez_ajuste_seed/temp_models/trial_180
Modelo LSTM. Treino: 2012 a 2019. Validação: 2020. Teste: 2021.
Dataset: V44.
Obs: ajuste de seed

Hyperparams:
input_size: 7h: 1lr: 0.00023877466888882177batch: 32encoder n layers: 2decoder layers: 2",2026-01-07T12:37:13
