treino_id,unique_id,ds,y,y_pred,diferença_%,flag,dataset,modelo,comentario,data_treino
2024_cluster_0,Aguanil,2024-12-31T00:00:00,2.025039123630673,1.4325331,29.26,validacao,V44,LSTM,"/media/marcos/Marcos/Codigos/Predicao_Cafe_Arabica/Teste_2_reuniao_16_dez_ajuste_seed_16_01_2026/temp_models/trial_54
Modelo LSTM. Treino: 2012 a 2023. Validação: 2024. Teste: 2025.
Dataset: V44. Log Transform: Não.
Obs: ajuste de seed

Hyperparams:
input_size: 11, h: 1, lr: 0.0003414005444589117, batch: 32, encoder n layers: 1, decoder layers: 1",2026-01-18T15:55:03
2024_cluster_0,Alfenas,2024-12-31T00:00:00,1.635197497066875,1.5445484,5.54,validacao,V44,LSTM,"/media/marcos/Marcos/Codigos/Predicao_Cafe_Arabica/Teste_2_reuniao_16_dez_ajuste_seed_16_01_2026/temp_models/trial_54
Modelo LSTM. Treino: 2012 a 2023. Validação: 2024. Teste: 2025.
Dataset: V44. Log Transform: Não.
Obs: ajuste de seed

Hyperparams:
input_size: 11, h: 1, lr: 0.0003414005444589117, batch: 32, encoder n layers: 1, decoder layers: 1",2026-01-18T15:55:03
2024_cluster_0,Alto_Caparao,2024-12-31T00:00:00,1.14,1.2713279,11.52,validacao,V44,LSTM,"/media/marcos/Marcos/Codigos/Predicao_Cafe_Arabica/Teste_2_reuniao_16_dez_ajuste_seed_16_01_2026/temp_models/trial_54
Modelo LSTM. Treino: 2012 a 2023. Validação: 2024. Teste: 2025.
Dataset: V44. Log Transform: Não.
Obs: ajuste de seed

Hyperparams:
input_size: 11, h: 1, lr: 0.0003414005444589117, batch: 32, encoder n layers: 1, decoder layers: 1",2026-01-18T15:55:03
2024_cluster_0,Alto_Jequitiba,2024-12-31T00:00:00,1.02,1.1589732,13.62,validacao,V44,LSTM,"/media/marcos/Marcos/Codigos/Predicao_Cafe_Arabica/Teste_2_reuniao_16_dez_ajuste_seed_16_01_2026/temp_models/trial_54
Modelo LSTM. Treino: 2012 a 2023. Validação: 2024. Teste: 2025.
Dataset: V44. Log Transform: Não.
Obs: ajuste de seed

Hyperparams:
input_size: 11, h: 1, lr: 0.0003414005444589117, batch: 32, encoder n layers: 1, decoder layers: 1",2026-01-18T15:55:03
2024_cluster_0,Amparo_do_Serra,2024-12-31T00:00:00,1.680555555555556,1.2271365,26.98,validacao,V44,LSTM,"/media/marcos/Marcos/Codigos/Predicao_Cafe_Arabica/Teste_2_reuniao_16_dez_ajuste_seed_16_01_2026/temp_models/trial_54
Modelo LSTM. Treino: 2012 a 2023. Validação: 2024. Teste: 2025.
Dataset: V44. Log Transform: Não.
Obs: ajuste de seed

Hyperparams:
input_size: 11, h: 1, lr: 0.0003414005444589117, batch: 32, encoder n layers: 1, decoder layers: 1",2026-01-18T15:55:03
2024_cluster_0,Araponga,2024-12-31T00:00:00,1.5,1.2672168,15.52,validacao,V44,LSTM,"/media/marcos/Marcos/Codigos/Predicao_Cafe_Arabica/Teste_2_reuniao_16_dez_ajuste_seed_16_01_2026/temp_models/trial_54
Modelo LSTM. Treino: 2012 a 2023. Validação: 2024. Teste: 2025.
Dataset: V44. Log Transform: Não.
Obs: ajuste de seed

Hyperparams:
input_size: 11, h: 1, lr: 0.0003414005444589117, batch: 32, encoder n layers: 1, decoder layers: 1",2026-01-18T15:55:03
2024_cluster_0,Astolfo_Dutra,2024-12-31T00:00:00,0.875,1.0596805,21.11,validacao,V44,LSTM,"/media/marcos/Marcos/Codigos/Predicao_Cafe_Arabica/Teste_2_reuniao_16_dez_ajuste_seed_16_01_2026/temp_models/trial_54
Modelo LSTM. Treino: 2012 a 2023. Validação: 2024. Teste: 2025.
Dataset: V44. Log Transform: Não.
Obs: ajuste de seed

Hyperparams:
input_size: 11, h: 1, lr: 0.0003414005444589117, batch: 32, encoder n layers: 1, decoder layers: 1",2026-01-18T15:55:03
2024_cluster_0,Bambui,2024-12-31T00:00:00,1.8,1.4632568,18.71,validacao,V44,LSTM,"/media/marcos/Marcos/Codigos/Predicao_Cafe_Arabica/Teste_2_reuniao_16_dez_ajuste_seed_16_01_2026/temp_models/trial_54
Modelo LSTM. Treino: 2012 a 2023. Validação: 2024. Teste: 2025.
Dataset: V44. Log Transform: Não.
Obs: ajuste de seed

Hyperparams:
input_size: 11, h: 1, lr: 0.0003414005444589117, batch: 32, encoder n layers: 1, decoder layers: 1",2026-01-18T15:55:03
2024_cluster_0,Boa_Esperanca,2024-12-31T00:00:00,1.083893395133256,1.2970353,19.66,validacao,V44,LSTM,"/media/marcos/Marcos/Codigos/Predicao_Cafe_Arabica/Teste_2_reuniao_16_dez_ajuste_seed_16_01_2026/temp_models/trial_54
Modelo LSTM. Treino: 2012 a 2023. Validação: 2024. Teste: 2025.
Dataset: V44. Log Transform: Não.
Obs: ajuste de seed

Hyperparams:
input_size: 11, h: 1, lr: 0.0003414005444589117, batch: 32, encoder n layers: 1, decoder layers: 1",2026-01-18T15:55:03
2024_cluster_0,Bom_Jesus_do_Galho,2024-12-31T00:00:00,0.9,1.0125979,12.51,validacao,V44,LSTM,"/media/marcos/Marcos/Codigos/Predicao_Cafe_Arabica/Teste_2_reuniao_16_dez_ajuste_seed_16_01_2026/temp_models/trial_54
Modelo LSTM. Treino: 2012 a 2023. Validação: 2024. Teste: 2025.
Dataset: V44. Log Transform: Não.
Obs: ajuste de seed

Hyperparams:
input_size: 11, h: 1, lr: 0.0003414005444589117, batch: 32, encoder n layers: 1, decoder layers: 1",2026-01-18T15:55:03
2024_cluster_0,Bom_Sucesso,2024-12-31T00:00:00,1.679942693409742,1.3888202,17.33,validacao,V44,LSTM,"/media/marcos/Marcos/Codigos/Predicao_Cafe_Arabica/Teste_2_reuniao_16_dez_ajuste_seed_16_01_2026/temp_models/trial_54
Modelo LSTM. Treino: 2012 a 2023. Validação: 2024. Teste: 2025.
Dataset: V44. Log Transform: Não.
Obs: ajuste de seed

Hyperparams:
input_size: 11, h: 1, lr: 0.0003414005444589117, batch: 32, encoder n layers: 1, decoder layers: 1",2026-01-18T15:55:03
2024_cluster_0,Caete,2024-12-31T00:00:00,1.8,1.1059339,38.56,validacao,V44,LSTM,"/media/marcos/Marcos/Codigos/Predicao_Cafe_Arabica/Teste_2_reuniao_16_dez_ajuste_seed_16_01_2026/temp_models/trial_54
Modelo LSTM. Treino: 2012 a 2023. Validação: 2024. Teste: 2025.
Dataset: V44. Log Transform: Não.
Obs: ajuste de seed

Hyperparams:
input_size: 11, h: 1, lr: 0.0003414005444589117, batch: 32, encoder n layers: 1, decoder layers: 1",2026-01-18T15:55:03
2024_cluster_0,Caiana,2024-12-31T00:00:00,1.14,1.0448447,8.35,validacao,V44,LSTM,"/media/marcos/Marcos/Codigos/Predicao_Cafe_Arabica/Teste_2_reuniao_16_dez_ajuste_seed_16_01_2026/temp_models/trial_54
Modelo LSTM. Treino: 2012 a 2023. Validação: 2024. Teste: 2025.
Dataset: V44. Log Transform: Não.
Obs: ajuste de seed

Hyperparams:
input_size: 11, h: 1, lr: 0.0003414005444589117, batch: 32, encoder n layers: 1, decoder layers: 1",2026-01-18T15:55:03
2024_cluster_0,Cajuri,2024-12-31T00:00:00,1.32,1.1507255,12.82,validacao,V44,LSTM,"/media/marcos/Marcos/Codigos/Predicao_Cafe_Arabica/Teste_2_reuniao_16_dez_ajuste_seed_16_01_2026/temp_models/trial_54
Modelo LSTM. Treino: 2012 a 2023. Validação: 2024. Teste: 2025.
Dataset: V44. Log Transform: Não.
Obs: ajuste de seed

Hyperparams:
input_size: 11, h: 1, lr: 0.0003414005444589117, batch: 32, encoder n layers: 1, decoder layers: 1",2026-01-18T15:55:03
2024_cluster_0,Camacho,2024-12-31T00:00:00,1.5,1.3405616,10.63,validacao,V44,LSTM,"/media/marcos/Marcos/Codigos/Predicao_Cafe_Arabica/Teste_2_reuniao_16_dez_ajuste_seed_16_01_2026/temp_models/trial_54
Modelo LSTM. Treino: 2012 a 2023. Validação: 2024. Teste: 2025.
Dataset: V44. Log Transform: Não.
Obs: ajuste de seed

Hyperparams:
input_size: 11, h: 1, lr: 0.0003414005444589117, batch: 32, encoder n layers: 1, decoder layers: 1",2026-01-18T15:55:03
2024_cluster_0,Campo_do_Meio,2024-12-31T00:00:00,1.372340425531915,1.2526691,8.72,validacao,V44,LSTM,"/media/marcos/Marcos/Codigos/Predicao_Cafe_Arabica/Teste_2_reuniao_16_dez_ajuste_seed_16_01_2026/temp_models/trial_54
Modelo LSTM. Treino: 2012 a 2023. Validação: 2024. Teste: 2025.
Dataset: V44. Log Transform: Não.
Obs: ajuste de seed

Hyperparams:
input_size: 11, h: 1, lr: 0.0003414005444589117, batch: 32, encoder n layers: 1, decoder layers: 1",2026-01-18T15:55:03
2024_cluster_0,Campos_Altos,2024-12-31T00:00:00,1.5,1.5190151,1.27,validacao,V44,LSTM,"/media/marcos/Marcos/Codigos/Predicao_Cafe_Arabica/Teste_2_reuniao_16_dez_ajuste_seed_16_01_2026/temp_models/trial_54
Modelo LSTM. Treino: 2012 a 2023. Validação: 2024. Teste: 2025.
Dataset: V44. Log Transform: Não.
Obs: ajuste de seed

Hyperparams:
input_size: 11, h: 1, lr: 0.0003414005444589117, batch: 32, encoder n layers: 1, decoder layers: 1",2026-01-18T15:55:03
2024_cluster_0,Campos_Gerais,2024-12-31T00:00:00,1.611315789473684,1.5253164,5.34,validacao,V44,LSTM,"/media/marcos/Marcos/Codigos/Predicao_Cafe_Arabica/Teste_2_reuniao_16_dez_ajuste_seed_16_01_2026/temp_models/trial_54
Modelo LSTM. Treino: 2012 a 2023. Validação: 2024. Teste: 2025.
Dataset: V44. Log Transform: Não.
Obs: ajuste de seed

Hyperparams:
input_size: 11, h: 1, lr: 0.0003414005444589117, batch: 32, encoder n layers: 1, decoder layers: 1",2026-01-18T15:55:03
2024_cluster_0,Cana_Verde,2024-12-31T00:00:00,1.2,1.2116983,0.97,validacao,V44,LSTM,"/media/marcos/Marcos/Codigos/Predicao_Cafe_Arabica/Teste_2_reuniao_16_dez_ajuste_seed_16_01_2026/temp_models/trial_54
Modelo LSTM. Treino: 2012 a 2023. Validação: 2024. Teste: 2025.
Dataset: V44. Log Transform: Não.
Obs: ajuste de seed

Hyperparams:
input_size: 11, h: 1, lr: 0.0003414005444589117, batch: 32, encoder n layers: 1, decoder layers: 1",2026-01-18T15:55:03
2024_cluster_0,Canaa,2024-12-31T00:00:00,1.319791666666667,1.2958096,1.82,validacao,V44,LSTM,"/media/marcos/Marcos/Codigos/Predicao_Cafe_Arabica/Teste_2_reuniao_16_dez_ajuste_seed_16_01_2026/temp_models/trial_54
Modelo LSTM. Treino: 2012 a 2023. Validação: 2024. Teste: 2025.
Dataset: V44. Log Transform: Não.
Obs: ajuste de seed

Hyperparams:
input_size: 11, h: 1, lr: 0.0003414005444589117, batch: 32, encoder n layers: 1, decoder layers: 1",2026-01-18T15:55:03
2024_cluster_0,Candeias,2024-12-31T00:00:00,1.14003294892916,1.2244072,7.4,validacao,V44,LSTM,"/media/marcos/Marcos/Codigos/Predicao_Cafe_Arabica/Teste_2_reuniao_16_dez_ajuste_seed_16_01_2026/temp_models/trial_54
Modelo LSTM. Treino: 2012 a 2023. Validação: 2024. Teste: 2025.
Dataset: V44. Log Transform: Não.
Obs: ajuste de seed

Hyperparams:
input_size: 11, h: 1, lr: 0.0003414005444589117, batch: 32, encoder n layers: 1, decoder layers: 1",2026-01-18T15:55:03
2024_cluster_0,Caparao,2024-12-31T00:00:00,1.679928315412186,1.1816101,29.66,validacao,V44,LSTM,"/media/marcos/Marcos/Codigos/Predicao_Cafe_Arabica/Teste_2_reuniao_16_dez_ajuste_seed_16_01_2026/temp_models/trial_54
Modelo LSTM. Treino: 2012 a 2023. Validação: 2024. Teste: 2025.
Dataset: V44. Log Transform: Não.
Obs: ajuste de seed

Hyperparams:
input_size: 11, h: 1, lr: 0.0003414005444589117, batch: 32, encoder n layers: 1, decoder layers: 1",2026-01-18T15:55:03
2024_cluster_0,Capitolio,2024-12-31T00:00:00,1.32,1.2935207,2.01,validacao,V44,LSTM,"/media/marcos/Marcos/Codigos/Predicao_Cafe_Arabica/Teste_2_reuniao_16_dez_ajuste_seed_16_01_2026/temp_models/trial_54
Modelo LSTM. Treino: 2012 a 2023. Validação: 2024. Teste: 2025.
Dataset: V44. Log Transform: Não.
Obs: ajuste de seed

Hyperparams:
input_size: 11, h: 1, lr: 0.0003414005444589117, batch: 32, encoder n layers: 1, decoder layers: 1",2026-01-18T15:55:03
2024_cluster_0,Caputira,2024-12-31T00:00:00,1.38008658008658,1.2141955,12.02,validacao,V44,LSTM,"/media/marcos/Marcos/Codigos/Predicao_Cafe_Arabica/Teste_2_reuniao_16_dez_ajuste_seed_16_01_2026/temp_models/trial_54
Modelo LSTM. Treino: 2012 a 2023. Validação: 2024. Teste: 2025.
Dataset: V44. Log Transform: Não.
Obs: ajuste de seed

Hyperparams:
input_size: 11, h: 1, lr: 0.0003414005444589117, batch: 32, encoder n layers: 1, decoder layers: 1",2026-01-18T15:55:03
2024_cluster_0,Carangola,2024-12-31T00:00:00,1.44,1.0466161,27.32,validacao,V44,LSTM,"/media/marcos/Marcos/Codigos/Predicao_Cafe_Arabica/Teste_2_reuniao_16_dez_ajuste_seed_16_01_2026/temp_models/trial_54
Modelo LSTM. Treino: 2012 a 2023. Validação: 2024. Teste: 2025.
Dataset: V44. Log Transform: Não.
Obs: ajuste de seed

Hyperparams:
input_size: 11, h: 1, lr: 0.0003414005444589117, batch: 32, encoder n layers: 1, decoder layers: 1",2026-01-18T15:55:03
2024_cluster_0,Caratinga,2024-12-31T00:00:00,1.620033528918692,1.360916,15.99,validacao,V44,LSTM,"/media/marcos/Marcos/Codigos/Predicao_Cafe_Arabica/Teste_2_reuniao_16_dez_ajuste_seed_16_01_2026/temp_models/trial_54
Modelo LSTM. Treino: 2012 a 2023. Validação: 2024. Teste: 2025.
Dataset: V44. Log Transform: Não.
Obs: ajuste de seed

Hyperparams:
input_size: 11, h: 1, lr: 0.0003414005444589117, batch: 32, encoder n layers: 1, decoder layers: 1",2026-01-18T15:55:03
2024_cluster_0,Carmo_da_Mata,2024-12-31T00:00:00,1.62,1.2647094,21.93,validacao,V44,LSTM,"/media/marcos/Marcos/Codigos/Predicao_Cafe_Arabica/Teste_2_reuniao_16_dez_ajuste_seed_16_01_2026/temp_models/trial_54
Modelo LSTM. Treino: 2012 a 2023. Validação: 2024. Teste: 2025.
Dataset: V44. Log Transform: Não.
Obs: ajuste de seed

Hyperparams:
input_size: 11, h: 1, lr: 0.0003414005444589117, batch: 32, encoder n layers: 1, decoder layers: 1",2026-01-18T15:55:03
2024_cluster_0,Carmo_do_Rio_Claro,2024-12-31T00:00:00,1.763478260869565,1.7812636,1.01,validacao,V44,LSTM,"/media/marcos/Marcos/Codigos/Predicao_Cafe_Arabica/Teste_2_reuniao_16_dez_ajuste_seed_16_01_2026/temp_models/trial_54
Modelo LSTM. Treino: 2012 a 2023. Validação: 2024. Teste: 2025.
Dataset: V44. Log Transform: Não.
Obs: ajuste de seed

Hyperparams:
input_size: 11, h: 1, lr: 0.0003414005444589117, batch: 32, encoder n layers: 1, decoder layers: 1",2026-01-18T15:55:03
2024_cluster_0,Carmopolis_de_Minas,2024-12-31T00:00:00,1.98,1.5989888,19.24,validacao,V44,LSTM,"/media/marcos/Marcos/Codigos/Predicao_Cafe_Arabica/Teste_2_reuniao_16_dez_ajuste_seed_16_01_2026/temp_models/trial_54
Modelo LSTM. Treino: 2012 a 2023. Validação: 2024. Teste: 2025.
Dataset: V44. Log Transform: Não.
Obs: ajuste de seed

Hyperparams:
input_size: 11, h: 1, lr: 0.0003414005444589117, batch: 32, encoder n layers: 1, decoder layers: 1",2026-01-18T15:55:03
2024_cluster_0,Cassia,2024-12-31T00:00:00,1.716279069767442,1.4643636,14.68,validacao,V44,LSTM,"/media/marcos/Marcos/Codigos/Predicao_Cafe_Arabica/Teste_2_reuniao_16_dez_ajuste_seed_16_01_2026/temp_models/trial_54
Modelo LSTM. Treino: 2012 a 2023. Validação: 2024. Teste: 2025.
Dataset: V44. Log Transform: Não.
Obs: ajuste de seed

Hyperparams:
input_size: 11, h: 1, lr: 0.0003414005444589117, batch: 32, encoder n layers: 1, decoder layers: 1",2026-01-18T15:55:03
2024_cluster_0,Catas_Altas_da_Noruega,2024-12-31T00:00:00,0.9,0.90116554,0.13,validacao,V44,LSTM,"/media/marcos/Marcos/Codigos/Predicao_Cafe_Arabica/Teste_2_reuniao_16_dez_ajuste_seed_16_01_2026/temp_models/trial_54
Modelo LSTM. Treino: 2012 a 2023. Validação: 2024. Teste: 2025.
Dataset: V44. Log Transform: Não.
Obs: ajuste de seed

Hyperparams:
input_size: 11, h: 1, lr: 0.0003414005444589117, batch: 32, encoder n layers: 1, decoder layers: 1",2026-01-18T15:55:03
2024_cluster_0,Chale,2024-12-31T00:00:00,1.320168067226891,1.3081512,0.91,validacao,V44,LSTM,"/media/marcos/Marcos/Codigos/Predicao_Cafe_Arabica/Teste_2_reuniao_16_dez_ajuste_seed_16_01_2026/temp_models/trial_54
Modelo LSTM. Treino: 2012 a 2023. Validação: 2024. Teste: 2025.
Dataset: V44. Log Transform: Não.
Obs: ajuste de seed

Hyperparams:
input_size: 11, h: 1, lr: 0.0003414005444589117, batch: 32, encoder n layers: 1, decoder layers: 1",2026-01-18T15:55:03
2024_cluster_0,Claudio,2024-12-31T00:00:00,2.699367088607595,1.4607425,45.89,validacao,V44,LSTM,"/media/marcos/Marcos/Codigos/Predicao_Cafe_Arabica/Teste_2_reuniao_16_dez_ajuste_seed_16_01_2026/temp_models/trial_54
Modelo LSTM. Treino: 2012 a 2023. Validação: 2024. Teste: 2025.
Dataset: V44. Log Transform: Não.
Obs: ajuste de seed

Hyperparams:
input_size: 11, h: 1, lr: 0.0003414005444589117, batch: 32, encoder n layers: 1, decoder layers: 1",2026-01-18T15:55:03
2024_cluster_0,Conceicao_da_Barra_de_Minas,2024-12-31T00:00:00,1.8,1.5589397,13.39,validacao,V44,LSTM,"/media/marcos/Marcos/Codigos/Predicao_Cafe_Arabica/Teste_2_reuniao_16_dez_ajuste_seed_16_01_2026/temp_models/trial_54
Modelo LSTM. Treino: 2012 a 2023. Validação: 2024. Teste: 2025.
Dataset: V44. Log Transform: Não.
Obs: ajuste de seed

Hyperparams:
input_size: 11, h: 1, lr: 0.0003414005444589117, batch: 32, encoder n layers: 1, decoder layers: 1",2026-01-18T15:55:03
2024_cluster_0,Conceicao_de_Ipanema,2024-12-31T00:00:00,1.290173410404624,1.3052484,1.17,validacao,V44,LSTM,"/media/marcos/Marcos/Codigos/Predicao_Cafe_Arabica/Teste_2_reuniao_16_dez_ajuste_seed_16_01_2026/temp_models/trial_54
Modelo LSTM. Treino: 2012 a 2023. Validação: 2024. Teste: 2025.
Dataset: V44. Log Transform: Não.
Obs: ajuste de seed

Hyperparams:
input_size: 11, h: 1, lr: 0.0003414005444589117, batch: 32, encoder n layers: 1, decoder layers: 1",2026-01-18T15:55:03
2024_cluster_0,Coqueiral,2024-12-31T00:00:00,0.9,1.332422,48.05,validacao,V44,LSTM,"/media/marcos/Marcos/Codigos/Predicao_Cafe_Arabica/Teste_2_reuniao_16_dez_ajuste_seed_16_01_2026/temp_models/trial_54
Modelo LSTM. Treino: 2012 a 2023. Validação: 2024. Teste: 2025.
Dataset: V44. Log Transform: Não.
Obs: ajuste de seed

Hyperparams:
input_size: 11, h: 1, lr: 0.0003414005444589117, batch: 32, encoder n layers: 1, decoder layers: 1",2026-01-18T15:55:03
2024_cluster_0,Corrego_Danta,2024-12-31T00:00:00,1.5,1.4130057,5.8,validacao,V44,LSTM,"/media/marcos/Marcos/Codigos/Predicao_Cafe_Arabica/Teste_2_reuniao_16_dez_ajuste_seed_16_01_2026/temp_models/trial_54
Modelo LSTM. Treino: 2012 a 2023. Validação: 2024. Teste: 2025.
Dataset: V44. Log Transform: Não.
Obs: ajuste de seed

Hyperparams:
input_size: 11, h: 1, lr: 0.0003414005444589117, batch: 32, encoder n layers: 1, decoder layers: 1",2026-01-18T15:55:03
2024_cluster_0,Cristais,2024-12-31T00:00:00,1.439664804469274,1.3609601,5.47,validacao,V44,LSTM,"/media/marcos/Marcos/Codigos/Predicao_Cafe_Arabica/Teste_2_reuniao_16_dez_ajuste_seed_16_01_2026/temp_models/trial_54
Modelo LSTM. Treino: 2012 a 2023. Validação: 2024. Teste: 2025.
Dataset: V44. Log Transform: Não.
Obs: ajuste de seed

Hyperparams:
input_size: 11, h: 1, lr: 0.0003414005444589117, batch: 32, encoder n layers: 1, decoder layers: 1",2026-01-18T15:55:03
2024_cluster_0,Desterro_de_Entre_Rios,2024-12-31T00:00:00,1.378048780487805,1.575129,14.3,validacao,V44,LSTM,"/media/marcos/Marcos/Codigos/Predicao_Cafe_Arabica/Teste_2_reuniao_16_dez_ajuste_seed_16_01_2026/temp_models/trial_54
Modelo LSTM. Treino: 2012 a 2023. Validação: 2024. Teste: 2025.
Dataset: V44. Log Transform: Não.
Obs: ajuste de seed

Hyperparams:
input_size: 11, h: 1, lr: 0.0003414005444589117, batch: 32, encoder n layers: 1, decoder layers: 1",2026-01-18T15:55:03
2024_cluster_0,Divinesia,2024-12-31T00:00:00,1.316666666666667,1.7790374,35.12,validacao,V44,LSTM,"/media/marcos/Marcos/Codigos/Predicao_Cafe_Arabica/Teste_2_reuniao_16_dez_ajuste_seed_16_01_2026/temp_models/trial_54
Modelo LSTM. Treino: 2012 a 2023. Validação: 2024. Teste: 2025.
Dataset: V44. Log Transform: Não.
Obs: ajuste de seed

Hyperparams:
input_size: 11, h: 1, lr: 0.0003414005444589117, batch: 32, encoder n layers: 1, decoder layers: 1",2026-01-18T15:55:03
2024_cluster_0,Divino,2024-12-31T00:00:00,1.2,1.1006368,8.28,validacao,V44,LSTM,"/media/marcos/Marcos/Codigos/Predicao_Cafe_Arabica/Teste_2_reuniao_16_dez_ajuste_seed_16_01_2026/temp_models/trial_54
Modelo LSTM. Treino: 2012 a 2023. Validação: 2024. Teste: 2025.
Dataset: V44. Log Transform: Não.
Obs: ajuste de seed

Hyperparams:
input_size: 11, h: 1, lr: 0.0003414005444589117, batch: 32, encoder n layers: 1, decoder layers: 1",2026-01-18T15:55:03
2024_cluster_0,Doresopolis,2024-12-31T00:00:00,1.561538461538462,1.3427707,14.01,validacao,V44,LSTM,"/media/marcos/Marcos/Codigos/Predicao_Cafe_Arabica/Teste_2_reuniao_16_dez_ajuste_seed_16_01_2026/temp_models/trial_54
Modelo LSTM. Treino: 2012 a 2023. Validação: 2024. Teste: 2025.
Dataset: V44. Log Transform: Não.
Obs: ajuste de seed

Hyperparams:
input_size: 11, h: 1, lr: 0.0003414005444589117, batch: 32, encoder n layers: 1, decoder layers: 1",2026-01-18T15:55:03
2024_cluster_0,Durande,2024-12-31T00:00:00,1.380095693779904,1.4913173,8.06,validacao,V44,LSTM,"/media/marcos/Marcos/Codigos/Predicao_Cafe_Arabica/Teste_2_reuniao_16_dez_ajuste_seed_16_01_2026/temp_models/trial_54
Modelo LSTM. Treino: 2012 a 2023. Validação: 2024. Teste: 2025.
Dataset: V44. Log Transform: Não.
Obs: ajuste de seed

Hyperparams:
input_size: 11, h: 1, lr: 0.0003414005444589117, batch: 32, encoder n layers: 1, decoder layers: 1",2026-01-18T15:55:03
2024_cluster_0,Eloi_Mendes,2024-12-31T00:00:00,1.421623345558922,1.2267039,13.71,validacao,V44,LSTM,"/media/marcos/Marcos/Codigos/Predicao_Cafe_Arabica/Teste_2_reuniao_16_dez_ajuste_seed_16_01_2026/temp_models/trial_54
Modelo LSTM. Treino: 2012 a 2023. Validação: 2024. Teste: 2025.
Dataset: V44. Log Transform: Não.
Obs: ajuste de seed

Hyperparams:
input_size: 11, h: 1, lr: 0.0003414005444589117, batch: 32, encoder n layers: 1, decoder layers: 1",2026-01-18T15:55:03
2024_cluster_0,Entre_Folhas,2024-12-31T00:00:00,1.2,1.0301017,14.16,validacao,V44,LSTM,"/media/marcos/Marcos/Codigos/Predicao_Cafe_Arabica/Teste_2_reuniao_16_dez_ajuste_seed_16_01_2026/temp_models/trial_54
Modelo LSTM. Treino: 2012 a 2023. Validação: 2024. Teste: 2025.
Dataset: V44. Log Transform: Não.
Obs: ajuste de seed

Hyperparams:
input_size: 11, h: 1, lr: 0.0003414005444589117, batch: 32, encoder n layers: 1, decoder layers: 1",2026-01-18T15:55:03
2024_cluster_0,Entre_Rios_de_Minas,2024-12-31T00:00:00,1.88,1.7095537,9.07,validacao,V44,LSTM,"/media/marcos/Marcos/Codigos/Predicao_Cafe_Arabica/Teste_2_reuniao_16_dez_ajuste_seed_16_01_2026/temp_models/trial_54
Modelo LSTM. Treino: 2012 a 2023. Validação: 2024. Teste: 2025.
Dataset: V44. Log Transform: Não.
Obs: ajuste de seed

Hyperparams:
input_size: 11, h: 1, lr: 0.0003414005444589117, batch: 32, encoder n layers: 1, decoder layers: 1",2026-01-18T15:55:03
2024_cluster_0,Ervalia,2024-12-31T00:00:00,1.32,1.3070304,0.98,validacao,V44,LSTM,"/media/marcos/Marcos/Codigos/Predicao_Cafe_Arabica/Teste_2_reuniao_16_dez_ajuste_seed_16_01_2026/temp_models/trial_54
Modelo LSTM. Treino: 2012 a 2023. Validação: 2024. Teste: 2025.
Dataset: V44. Log Transform: Não.
Obs: ajuste de seed

Hyperparams:
input_size: 11, h: 1, lr: 0.0003414005444589117, batch: 32, encoder n layers: 1, decoder layers: 1",2026-01-18T15:55:03
2024_cluster_0,Espera_Feliz,2024-12-31T00:00:00,1.44,1.1563237,19.7,validacao,V44,LSTM,"/media/marcos/Marcos/Codigos/Predicao_Cafe_Arabica/Teste_2_reuniao_16_dez_ajuste_seed_16_01_2026/temp_models/trial_54
Modelo LSTM. Treino: 2012 a 2023. Validação: 2024. Teste: 2025.
Dataset: V44. Log Transform: Não.
Obs: ajuste de seed

Hyperparams:
input_size: 11, h: 1, lr: 0.0003414005444589117, batch: 32, encoder n layers: 1, decoder layers: 1",2026-01-18T15:55:03
2024_cluster_0,Faria_Lemos,2024-12-31T00:00:00,1.37956204379562,1.0870248,21.21,validacao,V44,LSTM,"/media/marcos/Marcos/Codigos/Predicao_Cafe_Arabica/Teste_2_reuniao_16_dez_ajuste_seed_16_01_2026/temp_models/trial_54
Modelo LSTM. Treino: 2012 a 2023. Validação: 2024. Teste: 2025.
Dataset: V44. Log Transform: Não.
Obs: ajuste de seed

Hyperparams:
input_size: 11, h: 1, lr: 0.0003414005444589117, batch: 32, encoder n layers: 1, decoder layers: 1",2026-01-18T15:55:03
2024_cluster_0,Ferros,2024-12-31T00:00:00,1.205128205128205,0.9791185,18.75,validacao,V44,LSTM,"/media/marcos/Marcos/Codigos/Predicao_Cafe_Arabica/Teste_2_reuniao_16_dez_ajuste_seed_16_01_2026/temp_models/trial_54
Modelo LSTM. Treino: 2012 a 2023. Validação: 2024. Teste: 2025.
Dataset: V44. Log Transform: Não.
Obs: ajuste de seed

Hyperparams:
input_size: 11, h: 1, lr: 0.0003414005444589117, batch: 32, encoder n layers: 1, decoder layers: 1",2026-01-18T15:55:03
2024_cluster_0,Fervedouro,2024-12-31T00:00:00,1.56,1.1999863,23.08,validacao,V44,LSTM,"/media/marcos/Marcos/Codigos/Predicao_Cafe_Arabica/Teste_2_reuniao_16_dez_ajuste_seed_16_01_2026/temp_models/trial_54
Modelo LSTM. Treino: 2012 a 2023. Validação: 2024. Teste: 2025.
Dataset: V44. Log Transform: Não.
Obs: ajuste de seed

Hyperparams:
input_size: 11, h: 1, lr: 0.0003414005444589117, batch: 32, encoder n layers: 1, decoder layers: 1",2026-01-18T15:55:03
2024_cluster_0,Guape,2024-12-31T00:00:00,1.745934065934066,1.5467358,11.41,validacao,V44,LSTM,"/media/marcos/Marcos/Codigos/Predicao_Cafe_Arabica/Teste_2_reuniao_16_dez_ajuste_seed_16_01_2026/temp_models/trial_54
Modelo LSTM. Treino: 2012 a 2023. Validação: 2024. Teste: 2025.
Dataset: V44. Log Transform: Não.
Obs: ajuste de seed

Hyperparams:
input_size: 11, h: 1, lr: 0.0003414005444589117, batch: 32, encoder n layers: 1, decoder layers: 1",2026-01-18T15:55:03
2024_cluster_0,Ibituruna,2024-12-31T00:00:00,1.8,1.3927648,22.62,validacao,V44,LSTM,"/media/marcos/Marcos/Codigos/Predicao_Cafe_Arabica/Teste_2_reuniao_16_dez_ajuste_seed_16_01_2026/temp_models/trial_54
Modelo LSTM. Treino: 2012 a 2023. Validação: 2024. Teste: 2025.
Dataset: V44. Log Transform: Não.
Obs: ajuste de seed

Hyperparams:
input_size: 11, h: 1, lr: 0.0003414005444589117, batch: 32, encoder n layers: 1, decoder layers: 1",2026-01-18T15:55:03
2024_cluster_0,Ilicinea,2024-12-31T00:00:00,1.5,1.532684,2.18,validacao,V44,LSTM,"/media/marcos/Marcos/Codigos/Predicao_Cafe_Arabica/Teste_2_reuniao_16_dez_ajuste_seed_16_01_2026/temp_models/trial_54
Modelo LSTM. Treino: 2012 a 2023. Validação: 2024. Teste: 2025.
Dataset: V44. Log Transform: Não.
Obs: ajuste de seed

Hyperparams:
input_size: 11, h: 1, lr: 0.0003414005444589117, batch: 32, encoder n layers: 1, decoder layers: 1",2026-01-18T15:55:03
2024_cluster_0,Itapecerica,2024-12-31T00:00:00,1.615189873417721,1.0581225,34.49,validacao,V44,LSTM,"/media/marcos/Marcos/Codigos/Predicao_Cafe_Arabica/Teste_2_reuniao_16_dez_ajuste_seed_16_01_2026/temp_models/trial_54
Modelo LSTM. Treino: 2012 a 2023. Validação: 2024. Teste: 2025.
Dataset: V44. Log Transform: Não.
Obs: ajuste de seed

Hyperparams:
input_size: 11, h: 1, lr: 0.0003414005444589117, batch: 32, encoder n layers: 1, decoder layers: 1",2026-01-18T15:55:03
2024_cluster_0,Ituiutaba,2024-12-31T00:00:00,1.0,1.1983125,19.83,validacao,V44,LSTM,"/media/marcos/Marcos/Codigos/Predicao_Cafe_Arabica/Teste_2_reuniao_16_dez_ajuste_seed_16_01_2026/temp_models/trial_54
Modelo LSTM. Treino: 2012 a 2023. Validação: 2024. Teste: 2025.
Dataset: V44. Log Transform: Não.
Obs: ajuste de seed

Hyperparams:
input_size: 11, h: 1, lr: 0.0003414005444589117, batch: 32, encoder n layers: 1, decoder layers: 1",2026-01-18T15:55:03
2024_cluster_0,Itumirim,2024-12-31T00:00:00,1.62116991643454,1.3309724,17.9,validacao,V44,LSTM,"/media/marcos/Marcos/Codigos/Predicao_Cafe_Arabica/Teste_2_reuniao_16_dez_ajuste_seed_16_01_2026/temp_models/trial_54
Modelo LSTM. Treino: 2012 a 2023. Validação: 2024. Teste: 2025.
Dataset: V44. Log Transform: Não.
Obs: ajuste de seed

Hyperparams:
input_size: 11, h: 1, lr: 0.0003414005444589117, batch: 32, encoder n layers: 1, decoder layers: 1",2026-01-18T15:55:03
2024_cluster_0,Lajinha,2024-12-31T00:00:00,1.564997053624043,1.2912623,17.49,validacao,V44,LSTM,"/media/marcos/Marcos/Codigos/Predicao_Cafe_Arabica/Teste_2_reuniao_16_dez_ajuste_seed_16_01_2026/temp_models/trial_54
Modelo LSTM. Treino: 2012 a 2023. Validação: 2024. Teste: 2025.
Dataset: V44. Log Transform: Não.
Obs: ajuste de seed

Hyperparams:
input_size: 11, h: 1, lr: 0.0003414005444589117, batch: 32, encoder n layers: 1, decoder layers: 1",2026-01-18T15:55:03
2024_cluster_0,Lavras,2024-12-31T00:00:00,1.55996015936255,1.2715516,18.49,validacao,V44,LSTM,"/media/marcos/Marcos/Codigos/Predicao_Cafe_Arabica/Teste_2_reuniao_16_dez_ajuste_seed_16_01_2026/temp_models/trial_54
Modelo LSTM. Treino: 2012 a 2023. Validação: 2024. Teste: 2025.
Dataset: V44. Log Transform: Não.
Obs: ajuste de seed

Hyperparams:
input_size: 11, h: 1, lr: 0.0003414005444589117, batch: 32, encoder n layers: 1, decoder layers: 1",2026-01-18T15:55:03
2024_cluster_0,Luisburgo,2024-12-31T00:00:00,1.2,1.4117222,17.64,validacao,V44,LSTM,"/media/marcos/Marcos/Codigos/Predicao_Cafe_Arabica/Teste_2_reuniao_16_dez_ajuste_seed_16_01_2026/temp_models/trial_54
Modelo LSTM. Treino: 2012 a 2023. Validação: 2024. Teste: 2025.
Dataset: V44. Log Transform: Não.
Obs: ajuste de seed

Hyperparams:
input_size: 11, h: 1, lr: 0.0003414005444589117, batch: 32, encoder n layers: 1, decoder layers: 1",2026-01-18T15:55:03
2024_cluster_0,Machado,2024-12-31T00:00:00,1.334773636011866,1.3302565,0.34,validacao,V44,LSTM,"/media/marcos/Marcos/Codigos/Predicao_Cafe_Arabica/Teste_2_reuniao_16_dez_ajuste_seed_16_01_2026/temp_models/trial_54
Modelo LSTM. Treino: 2012 a 2023. Validação: 2024. Teste: 2025.
Dataset: V44. Log Transform: Não.
Obs: ajuste de seed

Hyperparams:
input_size: 11, h: 1, lr: 0.0003414005444589117, batch: 32, encoder n layers: 1, decoder layers: 1",2026-01-18T15:55:03
2024_cluster_0,Manhuacu,2024-12-31T00:00:00,1.5,1.1465791,23.56,validacao,V44,LSTM,"/media/marcos/Marcos/Codigos/Predicao_Cafe_Arabica/Teste_2_reuniao_16_dez_ajuste_seed_16_01_2026/temp_models/trial_54
Modelo LSTM. Treino: 2012 a 2023. Validação: 2024. Teste: 2025.
Dataset: V44. Log Transform: Não.
Obs: ajuste de seed

Hyperparams:
input_size: 11, h: 1, lr: 0.0003414005444589117, batch: 32, encoder n layers: 1, decoder layers: 1",2026-01-18T15:55:03
2024_cluster_0,Manhumirim,2024-12-31T00:00:00,1.56,1.3423289,13.95,validacao,V44,LSTM,"/media/marcos/Marcos/Codigos/Predicao_Cafe_Arabica/Teste_2_reuniao_16_dez_ajuste_seed_16_01_2026/temp_models/trial_54
Modelo LSTM. Treino: 2012 a 2023. Validação: 2024. Teste: 2025.
Dataset: V44. Log Transform: Não.
Obs: ajuste de seed

Hyperparams:
input_size: 11, h: 1, lr: 0.0003414005444589117, batch: 32, encoder n layers: 1, decoder layers: 1",2026-01-18T15:55:03
2024_cluster_0,Martins_Soares,2024-12-31T00:00:00,1.2,1.4096767,17.47,validacao,V44,LSTM,"/media/marcos/Marcos/Codigos/Predicao_Cafe_Arabica/Teste_2_reuniao_16_dez_ajuste_seed_16_01_2026/temp_models/trial_54
Modelo LSTM. Treino: 2012 a 2023. Validação: 2024. Teste: 2025.
Dataset: V44. Log Transform: Não.
Obs: ajuste de seed

Hyperparams:
input_size: 11, h: 1, lr: 0.0003414005444589117, batch: 32, encoder n layers: 1, decoder layers: 1",2026-01-18T15:55:03
2024_cluster_0,Matipo,2024-12-31T00:00:00,1.2,1.1820378,1.5,validacao,V44,LSTM,"/media/marcos/Marcos/Codigos/Predicao_Cafe_Arabica/Teste_2_reuniao_16_dez_ajuste_seed_16_01_2026/temp_models/trial_54
Modelo LSTM. Treino: 2012 a 2023. Validação: 2024. Teste: 2025.
Dataset: V44. Log Transform: Não.
Obs: ajuste de seed

Hyperparams:
input_size: 11, h: 1, lr: 0.0003414005444589117, batch: 32, encoder n layers: 1, decoder layers: 1",2026-01-18T15:55:03
2024_cluster_0,Medeiros,2024-12-31T00:00:00,1.860060975609756,1.593681,14.32,validacao,V44,LSTM,"/media/marcos/Marcos/Codigos/Predicao_Cafe_Arabica/Teste_2_reuniao_16_dez_ajuste_seed_16_01_2026/temp_models/trial_54
Modelo LSTM. Treino: 2012 a 2023. Validação: 2024. Teste: 2025.
Dataset: V44. Log Transform: Não.
Obs: ajuste de seed

Hyperparams:
input_size: 11, h: 1, lr: 0.0003414005444589117, batch: 32, encoder n layers: 1, decoder layers: 1",2026-01-18T15:55:03
2024_cluster_0,Miradouro,2024-12-31T00:00:00,1.13996383363472,1.2204616,7.06,validacao,V44,LSTM,"/media/marcos/Marcos/Codigos/Predicao_Cafe_Arabica/Teste_2_reuniao_16_dez_ajuste_seed_16_01_2026/temp_models/trial_54
Modelo LSTM. Treino: 2012 a 2023. Validação: 2024. Teste: 2025.
Dataset: V44. Log Transform: Não.
Obs: ajuste de seed

Hyperparams:
input_size: 11, h: 1, lr: 0.0003414005444589117, batch: 32, encoder n layers: 1, decoder layers: 1",2026-01-18T15:55:03
2024_cluster_0,Mirai,2024-12-31T00:00:00,1.2,1.0636235,11.36,validacao,V44,LSTM,"/media/marcos/Marcos/Codigos/Predicao_Cafe_Arabica/Teste_2_reuniao_16_dez_ajuste_seed_16_01_2026/temp_models/trial_54
Modelo LSTM. Treino: 2012 a 2023. Validação: 2024. Teste: 2025.
Dataset: V44. Log Transform: Não.
Obs: ajuste de seed

Hyperparams:
input_size: 11, h: 1, lr: 0.0003414005444589117, batch: 32, encoder n layers: 1, decoder layers: 1",2026-01-18T15:55:03
2024_cluster_0,Moeda,2024-12-31T00:00:00,1.5,0.9574146,36.17,validacao,V44,LSTM,"/media/marcos/Marcos/Codigos/Predicao_Cafe_Arabica/Teste_2_reuniao_16_dez_ajuste_seed_16_01_2026/temp_models/trial_54
Modelo LSTM. Treino: 2012 a 2023. Validação: 2024. Teste: 2025.
Dataset: V44. Log Transform: Não.
Obs: ajuste de seed

Hyperparams:
input_size: 11, h: 1, lr: 0.0003414005444589117, batch: 32, encoder n layers: 1, decoder layers: 1",2026-01-18T15:55:03
2024_cluster_0,Muriae,2024-12-31T00:00:00,1.170285714285714,1.139109,2.66,validacao,V44,LSTM,"/media/marcos/Marcos/Codigos/Predicao_Cafe_Arabica/Teste_2_reuniao_16_dez_ajuste_seed_16_01_2026/temp_models/trial_54
Modelo LSTM. Treino: 2012 a 2023. Validação: 2024. Teste: 2025.
Dataset: V44. Log Transform: Não.
Obs: ajuste de seed

Hyperparams:
input_size: 11, h: 1, lr: 0.0003414005444589117, batch: 32, encoder n layers: 1, decoder layers: 1",2026-01-18T15:55:03
2024_cluster_0,Mutum,2024-12-31T00:00:00,1.15997150997151,1.2757719,9.98,validacao,V44,LSTM,"/media/marcos/Marcos/Codigos/Predicao_Cafe_Arabica/Teste_2_reuniao_16_dez_ajuste_seed_16_01_2026/temp_models/trial_54
Modelo LSTM. Treino: 2012 a 2023. Validação: 2024. Teste: 2025.
Dataset: V44. Log Transform: Não.
Obs: ajuste de seed

Hyperparams:
input_size: 11, h: 1, lr: 0.0003414005444589117, batch: 32, encoder n layers: 1, decoder layers: 1",2026-01-18T15:55:03
2024_cluster_0,Nazareno,2024-12-31T00:00:00,1.619811320754717,1.536678,5.13,validacao,V44,LSTM,"/media/marcos/Marcos/Codigos/Predicao_Cafe_Arabica/Teste_2_reuniao_16_dez_ajuste_seed_16_01_2026/temp_models/trial_54
Modelo LSTM. Treino: 2012 a 2023. Validação: 2024. Teste: 2025.
Dataset: V44. Log Transform: Não.
Obs: ajuste de seed

Hyperparams:
input_size: 11, h: 1, lr: 0.0003414005444589117, batch: 32, encoder n layers: 1, decoder layers: 1",2026-01-18T15:55:03
2024_cluster_0,Nepomuceno,2024-12-31T00:00:00,1.380038387715931,1.3162967,4.62,validacao,V44,LSTM,"/media/marcos/Marcos/Codigos/Predicao_Cafe_Arabica/Teste_2_reuniao_16_dez_ajuste_seed_16_01_2026/temp_models/trial_54
Modelo LSTM. Treino: 2012 a 2023. Validação: 2024. Teste: 2025.
Dataset: V44. Log Transform: Não.
Obs: ajuste de seed

Hyperparams:
input_size: 11, h: 1, lr: 0.0003414005444589117, batch: 32, encoder n layers: 1, decoder layers: 1",2026-01-18T15:55:03
2024_cluster_0,Oliveira,2024-12-31T00:00:00,1.824022743425729,1.5298363,16.13,validacao,V44,LSTM,"/media/marcos/Marcos/Codigos/Predicao_Cafe_Arabica/Teste_2_reuniao_16_dez_ajuste_seed_16_01_2026/temp_models/trial_54
Modelo LSTM. Treino: 2012 a 2023. Validação: 2024. Teste: 2025.
Dataset: V44. Log Transform: Não.
Obs: ajuste de seed

Hyperparams:
input_size: 11, h: 1, lr: 0.0003414005444589117, batch: 32, encoder n layers: 1, decoder layers: 1",2026-01-18T15:55:03
2024_cluster_0,Orizania,2024-12-31T00:00:00,1.5,1.2913811,13.91,validacao,V44,LSTM,"/media/marcos/Marcos/Codigos/Predicao_Cafe_Arabica/Teste_2_reuniao_16_dez_ajuste_seed_16_01_2026/temp_models/trial_54
Modelo LSTM. Treino: 2012 a 2023. Validação: 2024. Teste: 2025.
Dataset: V44. Log Transform: Não.
Obs: ajuste de seed

Hyperparams:
input_size: 11, h: 1, lr: 0.0003414005444589117, batch: 32, encoder n layers: 1, decoder layers: 1",2026-01-18T15:55:03
2024_cluster_0,Paraguacu,2024-12-31T00:00:00,1.323316582914573,1.1818926,10.69,validacao,V44,LSTM,"/media/marcos/Marcos/Codigos/Predicao_Cafe_Arabica/Teste_2_reuniao_16_dez_ajuste_seed_16_01_2026/temp_models/trial_54
Modelo LSTM. Treino: 2012 a 2023. Validação: 2024. Teste: 2025.
Dataset: V44. Log Transform: Não.
Obs: ajuste de seed

Hyperparams:
input_size: 11, h: 1, lr: 0.0003414005444589117, batch: 32, encoder n layers: 1, decoder layers: 1",2026-01-18T15:55:03
2024_cluster_0,Passa_Tempo,2024-12-31T00:00:00,1.5,1.4999543,0.0,validacao,V44,LSTM,"/media/marcos/Marcos/Codigos/Predicao_Cafe_Arabica/Teste_2_reuniao_16_dez_ajuste_seed_16_01_2026/temp_models/trial_54
Modelo LSTM. Treino: 2012 a 2023. Validação: 2024. Teste: 2025.
Dataset: V44. Log Transform: Não.
Obs: ajuste de seed

Hyperparams:
input_size: 11, h: 1, lr: 0.0003414005444589117, batch: 32, encoder n layers: 1, decoder layers: 1",2026-01-18T15:55:03
2024_cluster_0,Perdoes,2024-12-31T00:00:00,1.679940119760479,1.439303,14.32,validacao,V44,LSTM,"/media/marcos/Marcos/Codigos/Predicao_Cafe_Arabica/Teste_2_reuniao_16_dez_ajuste_seed_16_01_2026/temp_models/trial_54
Modelo LSTM. Treino: 2012 a 2023. Validação: 2024. Teste: 2025.
Dataset: V44. Log Transform: Não.
Obs: ajuste de seed

Hyperparams:
input_size: 11, h: 1, lr: 0.0003414005444589117, batch: 32, encoder n layers: 1, decoder layers: 1",2026-01-18T15:55:03
2024_cluster_0,Pimenta,2024-12-31T00:00:00,1.715219421101774,1.4569986,15.05,validacao,V44,LSTM,"/media/marcos/Marcos/Codigos/Predicao_Cafe_Arabica/Teste_2_reuniao_16_dez_ajuste_seed_16_01_2026/temp_models/trial_54
Modelo LSTM. Treino: 2012 a 2023. Validação: 2024. Teste: 2025.
Dataset: V44. Log Transform: Não.
Obs: ajuste de seed

Hyperparams:
input_size: 11, h: 1, lr: 0.0003414005444589117, batch: 32, encoder n layers: 1, decoder layers: 1",2026-01-18T15:55:03
2024_cluster_0,Piranga,2024-12-31T00:00:00,1.8,1.6736833,7.02,validacao,V44,LSTM,"/media/marcos/Marcos/Codigos/Predicao_Cafe_Arabica/Teste_2_reuniao_16_dez_ajuste_seed_16_01_2026/temp_models/trial_54
Modelo LSTM. Treino: 2012 a 2023. Validação: 2024. Teste: 2025.
Dataset: V44. Log Transform: Não.
Obs: ajuste de seed

Hyperparams:
input_size: 11, h: 1, lr: 0.0003414005444589117, batch: 32, encoder n layers: 1, decoder layers: 1",2026-01-18T15:55:03
2024_cluster_0,Piumhi,2024-12-31T00:00:00,1.380031695721078,1.3929523,0.94,validacao,V44,LSTM,"/media/marcos/Marcos/Codigos/Predicao_Cafe_Arabica/Teste_2_reuniao_16_dez_ajuste_seed_16_01_2026/temp_models/trial_54
Modelo LSTM. Treino: 2012 a 2023. Validação: 2024. Teste: 2025.
Dataset: V44. Log Transform: Não.
Obs: ajuste de seed

Hyperparams:
input_size: 11, h: 1, lr: 0.0003414005444589117, batch: 32, encoder n layers: 1, decoder layers: 1",2026-01-18T15:55:03
2024_cluster_0,Ponte_Nova,2024-12-31T00:00:00,2.0,1.2211132,38.94,validacao,V44,LSTM,"/media/marcos/Marcos/Codigos/Predicao_Cafe_Arabica/Teste_2_reuniao_16_dez_ajuste_seed_16_01_2026/temp_models/trial_54
Modelo LSTM. Treino: 2012 a 2023. Validação: 2024. Teste: 2025.
Dataset: V44. Log Transform: Não.
Obs: ajuste de seed

Hyperparams:
input_size: 11, h: 1, lr: 0.0003414005444589117, batch: 32, encoder n layers: 1, decoder layers: 1",2026-01-18T15:55:03
2024_cluster_0,Porto_Firme,2024-12-31T00:00:00,1.381052631578947,1.2103364,12.36,validacao,V44,LSTM,"/media/marcos/Marcos/Codigos/Predicao_Cafe_Arabica/Teste_2_reuniao_16_dez_ajuste_seed_16_01_2026/temp_models/trial_54
Modelo LSTM. Treino: 2012 a 2023. Validação: 2024. Teste: 2025.
Dataset: V44. Log Transform: Não.
Obs: ajuste de seed

Hyperparams:
input_size: 11, h: 1, lr: 0.0003414005444589117, batch: 32, encoder n layers: 1, decoder layers: 1",2026-01-18T15:55:03
2024_cluster_0,Raul_Soares,2024-12-31T00:00:00,1.5,1.0524796,29.83,validacao,V44,LSTM,"/media/marcos/Marcos/Codigos/Predicao_Cafe_Arabica/Teste_2_reuniao_16_dez_ajuste_seed_16_01_2026/temp_models/trial_54
Modelo LSTM. Treino: 2012 a 2023. Validação: 2024. Teste: 2025.
Dataset: V44. Log Transform: Não.
Obs: ajuste de seed

Hyperparams:
input_size: 11, h: 1, lr: 0.0003414005444589117, batch: 32, encoder n layers: 1, decoder layers: 1",2026-01-18T15:55:03
2024_cluster_0,Reduto,2024-12-31T00:00:00,1.2,1.1788002,1.77,validacao,V44,LSTM,"/media/marcos/Marcos/Codigos/Predicao_Cafe_Arabica/Teste_2_reuniao_16_dez_ajuste_seed_16_01_2026/temp_models/trial_54
Modelo LSTM. Treino: 2012 a 2023. Validação: 2024. Teste: 2025.
Dataset: V44. Log Transform: Não.
Obs: ajuste de seed

Hyperparams:
input_size: 11, h: 1, lr: 0.0003414005444589117, batch: 32, encoder n layers: 1, decoder layers: 1",2026-01-18T15:55:03
2024_cluster_0,Ribeirao_Vermelho,2024-12-31T00:00:00,1.43859649122807,1.3634706,5.22,validacao,V44,LSTM,"/media/marcos/Marcos/Codigos/Predicao_Cafe_Arabica/Teste_2_reuniao_16_dez_ajuste_seed_16_01_2026/temp_models/trial_54
Modelo LSTM. Treino: 2012 a 2023. Validação: 2024. Teste: 2025.
Dataset: V44. Log Transform: Não.
Obs: ajuste de seed

Hyperparams:
input_size: 11, h: 1, lr: 0.0003414005444589117, batch: 32, encoder n layers: 1, decoder layers: 1",2026-01-18T15:55:03
2024_cluster_0,Ritapolis,2024-12-31T00:00:00,1.8,1.7645367,1.97,validacao,V44,LSTM,"/media/marcos/Marcos/Codigos/Predicao_Cafe_Arabica/Teste_2_reuniao_16_dez_ajuste_seed_16_01_2026/temp_models/trial_54
Modelo LSTM. Treino: 2012 a 2023. Validação: 2024. Teste: 2025.
Dataset: V44. Log Transform: Não.
Obs: ajuste de seed

Hyperparams:
input_size: 11, h: 1, lr: 0.0003414005444589117, batch: 32, encoder n layers: 1, decoder layers: 1",2026-01-18T15:55:03
2024_cluster_0,Rosario_da_Limeira,2024-12-31T00:00:00,1.259493670886076,1.1285185,10.4,validacao,V44,LSTM,"/media/marcos/Marcos/Codigos/Predicao_Cafe_Arabica/Teste_2_reuniao_16_dez_ajuste_seed_16_01_2026/temp_models/trial_54
Modelo LSTM. Treino: 2012 a 2023. Validação: 2024. Teste: 2025.
Dataset: V44. Log Transform: Não.
Obs: ajuste de seed

Hyperparams:
input_size: 11, h: 1, lr: 0.0003414005444589117, batch: 32, encoder n layers: 1, decoder layers: 1",2026-01-18T15:55:03
2024_cluster_0,Santa_Barbara_do_Leste,2024-12-31T00:00:00,1.410122699386503,1.1103683,21.26,validacao,V44,LSTM,"/media/marcos/Marcos/Codigos/Predicao_Cafe_Arabica/Teste_2_reuniao_16_dez_ajuste_seed_16_01_2026/temp_models/trial_54
Modelo LSTM. Treino: 2012 a 2023. Validação: 2024. Teste: 2025.
Dataset: V44. Log Transform: Não.
Obs: ajuste de seed

Hyperparams:
input_size: 11, h: 1, lr: 0.0003414005444589117, batch: 32, encoder n layers: 1, decoder layers: 1",2026-01-18T15:55:03
2024_cluster_0,Santa_Margarida,2024-12-31T00:00:00,1.5,1.2297497,18.02,validacao,V44,LSTM,"/media/marcos/Marcos/Codigos/Predicao_Cafe_Arabica/Teste_2_reuniao_16_dez_ajuste_seed_16_01_2026/temp_models/trial_54
Modelo LSTM. Treino: 2012 a 2023. Validação: 2024. Teste: 2025.
Dataset: V44. Log Transform: Não.
Obs: ajuste de seed

Hyperparams:
input_size: 11, h: 1, lr: 0.0003414005444589117, batch: 32, encoder n layers: 1, decoder layers: 1",2026-01-18T15:55:03
2024_cluster_0,Santa_Rita_de_Minas,2024-12-31T00:00:00,1.200173310225303,1.1352551,5.41,validacao,V44,LSTM,"/media/marcos/Marcos/Codigos/Predicao_Cafe_Arabica/Teste_2_reuniao_16_dez_ajuste_seed_16_01_2026/temp_models/trial_54
Modelo LSTM. Treino: 2012 a 2023. Validação: 2024. Teste: 2025.
Dataset: V44. Log Transform: Não.
Obs: ajuste de seed

Hyperparams:
input_size: 11, h: 1, lr: 0.0003414005444589117, batch: 32, encoder n layers: 1, decoder layers: 1",2026-01-18T15:55:03
2024_cluster_0,Santa_Rita_do_Itueto,2024-12-31T00:00:00,1.365238095238095,1.2863793,5.78,validacao,V44,LSTM,"/media/marcos/Marcos/Codigos/Predicao_Cafe_Arabica/Teste_2_reuniao_16_dez_ajuste_seed_16_01_2026/temp_models/trial_54
Modelo LSTM. Treino: 2012 a 2023. Validação: 2024. Teste: 2025.
Dataset: V44. Log Transform: Não.
Obs: ajuste de seed

Hyperparams:
input_size: 11, h: 1, lr: 0.0003414005444589117, batch: 32, encoder n layers: 1, decoder layers: 1",2026-01-18T15:55:03
2024_cluster_0,Santana_da_Vargem,2024-12-31T00:00:00,1.44,1.3636285,5.3,validacao,V44,LSTM,"/media/marcos/Marcos/Codigos/Predicao_Cafe_Arabica/Teste_2_reuniao_16_dez_ajuste_seed_16_01_2026/temp_models/trial_54
Modelo LSTM. Treino: 2012 a 2023. Validação: 2024. Teste: 2025.
Dataset: V44. Log Transform: Não.
Obs: ajuste de seed

Hyperparams:
input_size: 11, h: 1, lr: 0.0003414005444589117, batch: 32, encoder n layers: 1, decoder layers: 1",2026-01-18T15:55:03
2024_cluster_0,Santana_do_Jacare,2024-12-31T00:00:00,1.2,1.1794546,1.71,validacao,V44,LSTM,"/media/marcos/Marcos/Codigos/Predicao_Cafe_Arabica/Teste_2_reuniao_16_dez_ajuste_seed_16_01_2026/temp_models/trial_54
Modelo LSTM. Treino: 2012 a 2023. Validação: 2024. Teste: 2025.
Dataset: V44. Log Transform: Não.
Obs: ajuste de seed

Hyperparams:
input_size: 11, h: 1, lr: 0.0003414005444589117, batch: 32, encoder n layers: 1, decoder layers: 1",2026-01-18T15:55:03
2024_cluster_0,Santana_do_Manhuacu,2024-12-31T00:00:00,1.08,1.3428563,24.34,validacao,V44,LSTM,"/media/marcos/Marcos/Codigos/Predicao_Cafe_Arabica/Teste_2_reuniao_16_dez_ajuste_seed_16_01_2026/temp_models/trial_54
Modelo LSTM. Treino: 2012 a 2023. Validação: 2024. Teste: 2025.
Dataset: V44. Log Transform: Não.
Obs: ajuste de seed

Hyperparams:
input_size: 11, h: 1, lr: 0.0003414005444589117, batch: 32, encoder n layers: 1, decoder layers: 1",2026-01-18T15:55:03
2024_cluster_0,Sao_Domingos_das_Dores,2024-12-31T00:00:00,1.41,1.4017586,0.58,validacao,V44,LSTM,"/media/marcos/Marcos/Codigos/Predicao_Cafe_Arabica/Teste_2_reuniao_16_dez_ajuste_seed_16_01_2026/temp_models/trial_54
Modelo LSTM. Treino: 2012 a 2023. Validação: 2024. Teste: 2025.
Dataset: V44. Log Transform: Não.
Obs: ajuste de seed

Hyperparams:
input_size: 11, h: 1, lr: 0.0003414005444589117, batch: 32, encoder n layers: 1, decoder layers: 1",2026-01-18T15:55:03
2024_cluster_0,Sao_Francisco_de_Paula,2024-12-31T00:00:00,1.62,1.3350565,17.59,validacao,V44,LSTM,"/media/marcos/Marcos/Codigos/Predicao_Cafe_Arabica/Teste_2_reuniao_16_dez_ajuste_seed_16_01_2026/temp_models/trial_54
Modelo LSTM. Treino: 2012 a 2023. Validação: 2024. Teste: 2025.
Dataset: V44. Log Transform: Não.
Obs: ajuste de seed

Hyperparams:
input_size: 11, h: 1, lr: 0.0003414005444589117, batch: 32, encoder n layers: 1, decoder layers: 1",2026-01-18T15:55:03
2024_cluster_0,Sao_Francisco_do_Gloria,2024-12-31T00:00:00,1.25,1.0729997,14.16,validacao,V44,LSTM,"/media/marcos/Marcos/Codigos/Predicao_Cafe_Arabica/Teste_2_reuniao_16_dez_ajuste_seed_16_01_2026/temp_models/trial_54
Modelo LSTM. Treino: 2012 a 2023. Validação: 2024. Teste: 2025.
Dataset: V44. Log Transform: Não.
Obs: ajuste de seed

Hyperparams:
input_size: 11, h: 1, lr: 0.0003414005444589117, batch: 32, encoder n layers: 1, decoder layers: 1",2026-01-18T15:55:03
2024_cluster_0,Sao_Joao_do_Manhuacu,2024-12-31T00:00:00,1.32,1.189326,9.9,validacao,V44,LSTM,"/media/marcos/Marcos/Codigos/Predicao_Cafe_Arabica/Teste_2_reuniao_16_dez_ajuste_seed_16_01_2026/temp_models/trial_54
Modelo LSTM. Treino: 2012 a 2023. Validação: 2024. Teste: 2025.
Dataset: V44. Log Transform: Não.
Obs: ajuste de seed

Hyperparams:
input_size: 11, h: 1, lr: 0.0003414005444589117, batch: 32, encoder n layers: 1, decoder layers: 1",2026-01-18T15:55:03
2024_cluster_0,Sao_Jose_do_Mantimento,2024-12-31T00:00:00,1.44,1.3869336,3.69,validacao,V44,LSTM,"/media/marcos/Marcos/Codigos/Predicao_Cafe_Arabica/Teste_2_reuniao_16_dez_ajuste_seed_16_01_2026/temp_models/trial_54
Modelo LSTM. Treino: 2012 a 2023. Validação: 2024. Teste: 2025.
Dataset: V44. Log Transform: Não.
Obs: ajuste de seed

Hyperparams:
input_size: 11, h: 1, lr: 0.0003414005444589117, batch: 32, encoder n layers: 1, decoder layers: 1",2026-01-18T15:55:03
2024_cluster_0,Sao_Roque_de_Minas,2024-12-31T00:00:00,1.58,1.3604853,13.89,validacao,V44,LSTM,"/media/marcos/Marcos/Codigos/Predicao_Cafe_Arabica/Teste_2_reuniao_16_dez_ajuste_seed_16_01_2026/temp_models/trial_54
Modelo LSTM. Treino: 2012 a 2023. Validação: 2024. Teste: 2025.
Dataset: V44. Log Transform: Não.
Obs: ajuste de seed

Hyperparams:
input_size: 11, h: 1, lr: 0.0003414005444589117, batch: 32, encoder n layers: 1, decoder layers: 1",2026-01-18T15:55:03
2024_cluster_0,Sao_Tiago,2024-12-31T00:00:00,1.621052631578947,1.5860965,2.16,validacao,V44,LSTM,"/media/marcos/Marcos/Codigos/Predicao_Cafe_Arabica/Teste_2_reuniao_16_dez_ajuste_seed_16_01_2026/temp_models/trial_54
Modelo LSTM. Treino: 2012 a 2023. Validação: 2024. Teste: 2025.
Dataset: V44. Log Transform: Não.
Obs: ajuste de seed

Hyperparams:
input_size: 11, h: 1, lr: 0.0003414005444589117, batch: 32, encoder n layers: 1, decoder layers: 1",2026-01-18T15:55:03
2024_cluster_0,Sao_Tomas_de_Aquino,2024-12-31T00:00:00,1.619975932611312,1.3040677,19.5,validacao,V44,LSTM,"/media/marcos/Marcos/Codigos/Predicao_Cafe_Arabica/Teste_2_reuniao_16_dez_ajuste_seed_16_01_2026/temp_models/trial_54
Modelo LSTM. Treino: 2012 a 2023. Validação: 2024. Teste: 2025.
Dataset: V44. Log Transform: Não.
Obs: ajuste de seed

Hyperparams:
input_size: 11, h: 1, lr: 0.0003414005444589117, batch: 32, encoder n layers: 1, decoder layers: 1",2026-01-18T15:55:03
2024_cluster_0,Senador_Firmino,2024-12-31T00:00:00,1.804347826086957,1.4686255,18.61,validacao,V44,LSTM,"/media/marcos/Marcos/Codigos/Predicao_Cafe_Arabica/Teste_2_reuniao_16_dez_ajuste_seed_16_01_2026/temp_models/trial_54
Modelo LSTM. Treino: 2012 a 2023. Validação: 2024. Teste: 2025.
Dataset: V44. Log Transform: Não.
Obs: ajuste de seed

Hyperparams:
input_size: 11, h: 1, lr: 0.0003414005444589117, batch: 32, encoder n layers: 1, decoder layers: 1",2026-01-18T15:55:03
2024_cluster_0,Senhora_de_Oliveira,2024-12-31T00:00:00,1.8,1.4287653,20.62,validacao,V44,LSTM,"/media/marcos/Marcos/Codigos/Predicao_Cafe_Arabica/Teste_2_reuniao_16_dez_ajuste_seed_16_01_2026/temp_models/trial_54
Modelo LSTM. Treino: 2012 a 2023. Validação: 2024. Teste: 2025.
Dataset: V44. Log Transform: Não.
Obs: ajuste de seed

Hyperparams:
input_size: 11, h: 1, lr: 0.0003414005444589117, batch: 32, encoder n layers: 1, decoder layers: 1",2026-01-18T15:55:03
2024_cluster_0,Sericita,2024-12-31T00:00:00,1.38,1.1732888,14.98,validacao,V44,LSTM,"/media/marcos/Marcos/Codigos/Predicao_Cafe_Arabica/Teste_2_reuniao_16_dez_ajuste_seed_16_01_2026/temp_models/trial_54
Modelo LSTM. Treino: 2012 a 2023. Validação: 2024. Teste: 2025.
Dataset: V44. Log Transform: Não.
Obs: ajuste de seed

Hyperparams:
input_size: 11, h: 1, lr: 0.0003414005444589117, batch: 32, encoder n layers: 1, decoder layers: 1",2026-01-18T15:55:03
2024_cluster_0,Simonesia,2024-12-31T00:00:00,1.2,1.306786,8.9,validacao,V44,LSTM,"/media/marcos/Marcos/Codigos/Predicao_Cafe_Arabica/Teste_2_reuniao_16_dez_ajuste_seed_16_01_2026/temp_models/trial_54
Modelo LSTM. Treino: 2012 a 2023. Validação: 2024. Teste: 2025.
Dataset: V44. Log Transform: Não.
Obs: ajuste de seed

Hyperparams:
input_size: 11, h: 1, lr: 0.0003414005444589117, batch: 32, encoder n layers: 1, decoder layers: 1",2026-01-18T15:55:03
2024_cluster_0,Tapirai,2024-12-31T00:00:00,1.916305021698698,1.516148,20.88,validacao,V44,LSTM,"/media/marcos/Marcos/Codigos/Predicao_Cafe_Arabica/Teste_2_reuniao_16_dez_ajuste_seed_16_01_2026/temp_models/trial_54
Modelo LSTM. Treino: 2012 a 2023. Validação: 2024. Teste: 2025.
Dataset: V44. Log Transform: Não.
Obs: ajuste de seed

Hyperparams:
input_size: 11, h: 1, lr: 0.0003414005444589117, batch: 32, encoder n layers: 1, decoder layers: 1",2026-01-18T15:55:03
2024_cluster_0,Tombos,2024-12-31T00:00:00,1.5,1.0862226,27.59,validacao,V44,LSTM,"/media/marcos/Marcos/Codigos/Predicao_Cafe_Arabica/Teste_2_reuniao_16_dez_ajuste_seed_16_01_2026/temp_models/trial_54
Modelo LSTM. Treino: 2012 a 2023. Validação: 2024. Teste: 2025.
Dataset: V44. Log Transform: Não.
Obs: ajuste de seed

Hyperparams:
input_size: 11, h: 1, lr: 0.0003414005444589117, batch: 32, encoder n layers: 1, decoder layers: 1",2026-01-18T15:55:03
2024_cluster_0,Tres_Pontas,2024-12-31T00:00:00,1.387228956803825,1.3863537,0.06,validacao,V44,LSTM,"/media/marcos/Marcos/Codigos/Predicao_Cafe_Arabica/Teste_2_reuniao_16_dez_ajuste_seed_16_01_2026/temp_models/trial_54
Modelo LSTM. Treino: 2012 a 2023. Validação: 2024. Teste: 2025.
Dataset: V44. Log Transform: Não.
Obs: ajuste de seed

Hyperparams:
input_size: 11, h: 1, lr: 0.0003414005444589117, batch: 32, encoder n layers: 1, decoder layers: 1",2026-01-18T15:55:03
2024_cluster_0,Ubaporanga,2024-12-31T00:00:00,1.440056417489422,1.2867203,10.65,validacao,V44,LSTM,"/media/marcos/Marcos/Codigos/Predicao_Cafe_Arabica/Teste_2_reuniao_16_dez_ajuste_seed_16_01_2026/temp_models/trial_54
Modelo LSTM. Treino: 2012 a 2023. Validação: 2024. Teste: 2025.
Dataset: V44. Log Transform: Não.
Obs: ajuste de seed

Hyperparams:
input_size: 11, h: 1, lr: 0.0003414005444589117, batch: 32, encoder n layers: 1, decoder layers: 1",2026-01-18T15:55:03
2024_cluster_0,Vargem_Bonita,2024-12-31T00:00:00,2.187804878048781,1.4302279,34.63,validacao,V44,LSTM,"/media/marcos/Marcos/Codigos/Predicao_Cafe_Arabica/Teste_2_reuniao_16_dez_ajuste_seed_16_01_2026/temp_models/trial_54
Modelo LSTM. Treino: 2012 a 2023. Validação: 2024. Teste: 2025.
Dataset: V44. Log Transform: Não.
Obs: ajuste de seed

Hyperparams:
input_size: 11, h: 1, lr: 0.0003414005444589117, batch: 32, encoder n layers: 1, decoder layers: 1",2026-01-18T15:55:03
2024_cluster_0,Vermelho_Novo,2024-12-31T00:00:00,1.8,1.0655324,40.8,validacao,V44,LSTM,"/media/marcos/Marcos/Codigos/Predicao_Cafe_Arabica/Teste_2_reuniao_16_dez_ajuste_seed_16_01_2026/temp_models/trial_54
Modelo LSTM. Treino: 2012 a 2023. Validação: 2024. Teste: 2025.
Dataset: V44. Log Transform: Não.
Obs: ajuste de seed

Hyperparams:
input_size: 11, h: 1, lr: 0.0003414005444589117, batch: 32, encoder n layers: 1, decoder layers: 1",2026-01-18T15:55:03
2024_cluster_0,Vicosa,2024-12-31T00:00:00,1.32,1.2222241,7.41,validacao,V44,LSTM,"/media/marcos/Marcos/Codigos/Predicao_Cafe_Arabica/Teste_2_reuniao_16_dez_ajuste_seed_16_01_2026/temp_models/trial_54
Modelo LSTM. Treino: 2012 a 2023. Validação: 2024. Teste: 2025.
Dataset: V44. Log Transform: Não.
Obs: ajuste de seed

Hyperparams:
input_size: 11, h: 1, lr: 0.0003414005444589117, batch: 32, encoder n layers: 1, decoder layers: 1",2026-01-18T15:55:03
2024_cluster_0,Vieiras,2024-12-31T00:00:00,1.44,1.2657504,12.1,validacao,V44,LSTM,"/media/marcos/Marcos/Codigos/Predicao_Cafe_Arabica/Teste_2_reuniao_16_dez_ajuste_seed_16_01_2026/temp_models/trial_54
Modelo LSTM. Treino: 2012 a 2023. Validação: 2024. Teste: 2025.
Dataset: V44. Log Transform: Não.
Obs: ajuste de seed

Hyperparams:
input_size: 11, h: 1, lr: 0.0003414005444589117, batch: 32, encoder n layers: 1, decoder layers: 1",2026-01-18T15:55:03
2024_cluster_0,Aguanil,2025-12-31T00:00:00,0.0,1.7267674,,teste,V44,LSTM,"/media/marcos/Marcos/Codigos/Predicao_Cafe_Arabica/Teste_2_reuniao_16_dez_ajuste_seed_16_01_2026/temp_models/trial_54
Modelo LSTM. Treino: 2012 a 2023. Validação: 2024. Teste: 2025.
Dataset: V44. Log Transform: Não.
Obs: ajuste de seed

Hyperparams:
input_size: 11, h: 1, lr: 0.0003414005444589117, batch: 32, encoder n layers: 1, decoder layers: 1",2026-01-18T15:55:03
2024_cluster_0,Alfenas,2025-12-31T00:00:00,0.0,1.5065367,,teste,V44,LSTM,"/media/marcos/Marcos/Codigos/Predicao_Cafe_Arabica/Teste_2_reuniao_16_dez_ajuste_seed_16_01_2026/temp_models/trial_54
Modelo LSTM. Treino: 2012 a 2023. Validação: 2024. Teste: 2025.
Dataset: V44. Log Transform: Não.
Obs: ajuste de seed

Hyperparams:
input_size: 11, h: 1, lr: 0.0003414005444589117, batch: 32, encoder n layers: 1, decoder layers: 1",2026-01-18T15:55:03
2024_cluster_0,Alto_Caparao,2025-12-31T00:00:00,0.0,1.3957715,,teste,V44,LSTM,"/media/marcos/Marcos/Codigos/Predicao_Cafe_Arabica/Teste_2_reuniao_16_dez_ajuste_seed_16_01_2026/temp_models/trial_54
Modelo LSTM. Treino: 2012 a 2023. Validação: 2024. Teste: 2025.
Dataset: V44. Log Transform: Não.
Obs: ajuste de seed

Hyperparams:
input_size: 11, h: 1, lr: 0.0003414005444589117, batch: 32, encoder n layers: 1, decoder layers: 1",2026-01-18T15:55:03
2024_cluster_0,Alto_Jequitiba,2025-12-31T00:00:00,0.0,1.2538584,,teste,V44,LSTM,"/media/marcos/Marcos/Codigos/Predicao_Cafe_Arabica/Teste_2_reuniao_16_dez_ajuste_seed_16_01_2026/temp_models/trial_54
Modelo LSTM. Treino: 2012 a 2023. Validação: 2024. Teste: 2025.
Dataset: V44. Log Transform: Não.
Obs: ajuste de seed

Hyperparams:
input_size: 11, h: 1, lr: 0.0003414005444589117, batch: 32, encoder n layers: 1, decoder layers: 1",2026-01-18T15:55:03
2024_cluster_0,Amparo_do_Serra,2025-12-31T00:00:00,0.0,1.428324,,teste,V44,LSTM,"/media/marcos/Marcos/Codigos/Predicao_Cafe_Arabica/Teste_2_reuniao_16_dez_ajuste_seed_16_01_2026/temp_models/trial_54
Modelo LSTM. Treino: 2012 a 2023. Validação: 2024. Teste: 2025.
Dataset: V44. Log Transform: Não.
Obs: ajuste de seed

Hyperparams:
input_size: 11, h: 1, lr: 0.0003414005444589117, batch: 32, encoder n layers: 1, decoder layers: 1",2026-01-18T15:55:03
2024_cluster_0,Araponga,2025-12-31T00:00:00,0.0,1.408147,,teste,V44,LSTM,"/media/marcos/Marcos/Codigos/Predicao_Cafe_Arabica/Teste_2_reuniao_16_dez_ajuste_seed_16_01_2026/temp_models/trial_54
Modelo LSTM. Treino: 2012 a 2023. Validação: 2024. Teste: 2025.
Dataset: V44. Log Transform: Não.
Obs: ajuste de seed

Hyperparams:
input_size: 11, h: 1, lr: 0.0003414005444589117, batch: 32, encoder n layers: 1, decoder layers: 1",2026-01-18T15:55:03
2024_cluster_0,Astolfo_Dutra,2025-12-31T00:00:00,0.0,1.0861828,,teste,V44,LSTM,"/media/marcos/Marcos/Codigos/Predicao_Cafe_Arabica/Teste_2_reuniao_16_dez_ajuste_seed_16_01_2026/temp_models/trial_54
Modelo LSTM. Treino: 2012 a 2023. Validação: 2024. Teste: 2025.
Dataset: V44. Log Transform: Não.
Obs: ajuste de seed

Hyperparams:
input_size: 11, h: 1, lr: 0.0003414005444589117, batch: 32, encoder n layers: 1, decoder layers: 1",2026-01-18T15:55:03
2024_cluster_0,Bambui,2025-12-31T00:00:00,0.0,1.5691512,,teste,V44,LSTM,"/media/marcos/Marcos/Codigos/Predicao_Cafe_Arabica/Teste_2_reuniao_16_dez_ajuste_seed_16_01_2026/temp_models/trial_54
Modelo LSTM. Treino: 2012 a 2023. Validação: 2024. Teste: 2025.
Dataset: V44. Log Transform: Não.
Obs: ajuste de seed

Hyperparams:
input_size: 11, h: 1, lr: 0.0003414005444589117, batch: 32, encoder n layers: 1, decoder layers: 1",2026-01-18T15:55:03
2024_cluster_0,Boa_Esperanca,2025-12-31T00:00:00,0.0,1.4078736,,teste,V44,LSTM,"/media/marcos/Marcos/Codigos/Predicao_Cafe_Arabica/Teste_2_reuniao_16_dez_ajuste_seed_16_01_2026/temp_models/trial_54
Modelo LSTM. Treino: 2012 a 2023. Validação: 2024. Teste: 2025.
Dataset: V44. Log Transform: Não.
Obs: ajuste de seed

Hyperparams:
input_size: 11, h: 1, lr: 0.0003414005444589117, batch: 32, encoder n layers: 1, decoder layers: 1",2026-01-18T15:55:03
2024_cluster_0,Bom_Jesus_do_Galho,2025-12-31T00:00:00,0.0,1.1049175,,teste,V44,LSTM,"/media/marcos/Marcos/Codigos/Predicao_Cafe_Arabica/Teste_2_reuniao_16_dez_ajuste_seed_16_01_2026/temp_models/trial_54
Modelo LSTM. Treino: 2012 a 2023. Validação: 2024. Teste: 2025.
Dataset: V44. Log Transform: Não.
Obs: ajuste de seed

Hyperparams:
input_size: 11, h: 1, lr: 0.0003414005444589117, batch: 32, encoder n layers: 1, decoder layers: 1",2026-01-18T15:55:03
2024_cluster_0,Bom_Sucesso,2025-12-31T00:00:00,0.0,1.5475142,,teste,V44,LSTM,"/media/marcos/Marcos/Codigos/Predicao_Cafe_Arabica/Teste_2_reuniao_16_dez_ajuste_seed_16_01_2026/temp_models/trial_54
Modelo LSTM. Treino: 2012 a 2023. Validação: 2024. Teste: 2025.
Dataset: V44. Log Transform: Não.
Obs: ajuste de seed

Hyperparams:
input_size: 11, h: 1, lr: 0.0003414005444589117, batch: 32, encoder n layers: 1, decoder layers: 1",2026-01-18T15:55:03
2024_cluster_0,Caete,2025-12-31T00:00:00,0.0,1.3839107,,teste,V44,LSTM,"/media/marcos/Marcos/Codigos/Predicao_Cafe_Arabica/Teste_2_reuniao_16_dez_ajuste_seed_16_01_2026/temp_models/trial_54
Modelo LSTM. Treino: 2012 a 2023. Validação: 2024. Teste: 2025.
Dataset: V44. Log Transform: Não.
Obs: ajuste de seed

Hyperparams:
input_size: 11, h: 1, lr: 0.0003414005444589117, batch: 32, encoder n layers: 1, decoder layers: 1",2026-01-18T15:55:03
2024_cluster_0,Caiana,2025-12-31T00:00:00,0.0,1.0977896,,teste,V44,LSTM,"/media/marcos/Marcos/Codigos/Predicao_Cafe_Arabica/Teste_2_reuniao_16_dez_ajuste_seed_16_01_2026/temp_models/trial_54
Modelo LSTM. Treino: 2012 a 2023. Validação: 2024. Teste: 2025.
Dataset: V44. Log Transform: Não.
Obs: ajuste de seed

Hyperparams:
input_size: 11, h: 1, lr: 0.0003414005444589117, batch: 32, encoder n layers: 1, decoder layers: 1",2026-01-18T15:55:03
2024_cluster_0,Cajuri,2025-12-31T00:00:00,0.0,1.3474452,,teste,V44,LSTM,"/media/marcos/Marcos/Codigos/Predicao_Cafe_Arabica/Teste_2_reuniao_16_dez_ajuste_seed_16_01_2026/temp_models/trial_54
Modelo LSTM. Treino: 2012 a 2023. Validação: 2024. Teste: 2025.
Dataset: V44. Log Transform: Não.
Obs: ajuste de seed

Hyperparams:
input_size: 11, h: 1, lr: 0.0003414005444589117, batch: 32, encoder n layers: 1, decoder layers: 1",2026-01-18T15:55:03
2024_cluster_0,Camacho,2025-12-31T00:00:00,0.0,1.5115855,,teste,V44,LSTM,"/media/marcos/Marcos/Codigos/Predicao_Cafe_Arabica/Teste_2_reuniao_16_dez_ajuste_seed_16_01_2026/temp_models/trial_54
Modelo LSTM. Treino: 2012 a 2023. Validação: 2024. Teste: 2025.
Dataset: V44. Log Transform: Não.
Obs: ajuste de seed

Hyperparams:
input_size: 11, h: 1, lr: 0.0003414005444589117, batch: 32, encoder n layers: 1, decoder layers: 1",2026-01-18T15:55:03
2024_cluster_0,Campo_do_Meio,2025-12-31T00:00:00,0.0,1.3742942,,teste,V44,LSTM,"/media/marcos/Marcos/Codigos/Predicao_Cafe_Arabica/Teste_2_reuniao_16_dez_ajuste_seed_16_01_2026/temp_models/trial_54
Modelo LSTM. Treino: 2012 a 2023. Validação: 2024. Teste: 2025.
Dataset: V44. Log Transform: Não.
Obs: ajuste de seed

Hyperparams:
input_size: 11, h: 1, lr: 0.0003414005444589117, batch: 32, encoder n layers: 1, decoder layers: 1",2026-01-18T15:55:03
2024_cluster_0,Campos_Altos,2025-12-31T00:00:00,0.0,1.611124,,teste,V44,LSTM,"/media/marcos/Marcos/Codigos/Predicao_Cafe_Arabica/Teste_2_reuniao_16_dez_ajuste_seed_16_01_2026/temp_models/trial_54
Modelo LSTM. Treino: 2012 a 2023. Validação: 2024. Teste: 2025.
Dataset: V44. Log Transform: Não.
Obs: ajuste de seed

Hyperparams:
input_size: 11, h: 1, lr: 0.0003414005444589117, batch: 32, encoder n layers: 1, decoder layers: 1",2026-01-18T15:55:03
2024_cluster_0,Campos_Gerais,2025-12-31T00:00:00,0.0,1.5842333,,teste,V44,LSTM,"/media/marcos/Marcos/Codigos/Predicao_Cafe_Arabica/Teste_2_reuniao_16_dez_ajuste_seed_16_01_2026/temp_models/trial_54
Modelo LSTM. Treino: 2012 a 2023. Validação: 2024. Teste: 2025.
Dataset: V44. Log Transform: Não.
Obs: ajuste de seed

Hyperparams:
input_size: 11, h: 1, lr: 0.0003414005444589117, batch: 32, encoder n layers: 1, decoder layers: 1",2026-01-18T15:55:03
2024_cluster_0,Cana_Verde,2025-12-31T00:00:00,0.0,1.2697307,,teste,V44,LSTM,"/media/marcos/Marcos/Codigos/Predicao_Cafe_Arabica/Teste_2_reuniao_16_dez_ajuste_seed_16_01_2026/temp_models/trial_54
Modelo LSTM. Treino: 2012 a 2023. Validação: 2024. Teste: 2025.
Dataset: V44. Log Transform: Não.
Obs: ajuste de seed

Hyperparams:
input_size: 11, h: 1, lr: 0.0003414005444589117, batch: 32, encoder n layers: 1, decoder layers: 1",2026-01-18T15:55:03
2024_cluster_0,Canaa,2025-12-31T00:00:00,0.0,1.4068558,,teste,V44,LSTM,"/media/marcos/Marcos/Codigos/Predicao_Cafe_Arabica/Teste_2_reuniao_16_dez_ajuste_seed_16_01_2026/temp_models/trial_54
Modelo LSTM. Treino: 2012 a 2023. Validação: 2024. Teste: 2025.
Dataset: V44. Log Transform: Não.
Obs: ajuste de seed

Hyperparams:
input_size: 11, h: 1, lr: 0.0003414005444589117, batch: 32, encoder n layers: 1, decoder layers: 1",2026-01-18T15:55:03
2024_cluster_0,Candeias,2025-12-31T00:00:00,0.0,1.3557273,,teste,V44,LSTM,"/media/marcos/Marcos/Codigos/Predicao_Cafe_Arabica/Teste_2_reuniao_16_dez_ajuste_seed_16_01_2026/temp_models/trial_54
Modelo LSTM. Treino: 2012 a 2023. Validação: 2024. Teste: 2025.
Dataset: V44. Log Transform: Não.
Obs: ajuste de seed

Hyperparams:
input_size: 11, h: 1, lr: 0.0003414005444589117, batch: 32, encoder n layers: 1, decoder layers: 1",2026-01-18T15:55:03
2024_cluster_0,Caparao,2025-12-31T00:00:00,0.0,1.3805461,,teste,V44,LSTM,"/media/marcos/Marcos/Codigos/Predicao_Cafe_Arabica/Teste_2_reuniao_16_dez_ajuste_seed_16_01_2026/temp_models/trial_54
Modelo LSTM. Treino: 2012 a 2023. Validação: 2024. Teste: 2025.
Dataset: V44. Log Transform: Não.
Obs: ajuste de seed

Hyperparams:
input_size: 11, h: 1, lr: 0.0003414005444589117, batch: 32, encoder n layers: 1, decoder layers: 1",2026-01-18T15:55:03
2024_cluster_0,Capitolio,2025-12-31T00:00:00,0.0,1.3906412,,teste,V44,LSTM,"/media/marcos/Marcos/Codigos/Predicao_Cafe_Arabica/Teste_2_reuniao_16_dez_ajuste_seed_16_01_2026/temp_models/trial_54
Modelo LSTM. Treino: 2012 a 2023. Validação: 2024. Teste: 2025.
Dataset: V44. Log Transform: Não.
Obs: ajuste de seed

Hyperparams:
input_size: 11, h: 1, lr: 0.0003414005444589117, batch: 32, encoder n layers: 1, decoder layers: 1",2026-01-18T15:55:03
2024_cluster_0,Caputira,2025-12-31T00:00:00,0.0,1.3817842,,teste,V44,LSTM,"/media/marcos/Marcos/Codigos/Predicao_Cafe_Arabica/Teste_2_reuniao_16_dez_ajuste_seed_16_01_2026/temp_models/trial_54
Modelo LSTM. Treino: 2012 a 2023. Validação: 2024. Teste: 2025.
Dataset: V44. Log Transform: Não.
Obs: ajuste de seed

Hyperparams:
input_size: 11, h: 1, lr: 0.0003414005444589117, batch: 32, encoder n layers: 1, decoder layers: 1",2026-01-18T15:55:03
2024_cluster_0,Carangola,2025-12-31T00:00:00,0.0,1.169824,,teste,V44,LSTM,"/media/marcos/Marcos/Codigos/Predicao_Cafe_Arabica/Teste_2_reuniao_16_dez_ajuste_seed_16_01_2026/temp_models/trial_54
Modelo LSTM. Treino: 2012 a 2023. Validação: 2024. Teste: 2025.
Dataset: V44. Log Transform: Não.
Obs: ajuste de seed

Hyperparams:
input_size: 11, h: 1, lr: 0.0003414005444589117, batch: 32, encoder n layers: 1, decoder layers: 1",2026-01-18T15:55:03
2024_cluster_0,Caratinga,2025-12-31T00:00:00,0.0,1.4807111,,teste,V44,LSTM,"/media/marcos/Marcos/Codigos/Predicao_Cafe_Arabica/Teste_2_reuniao_16_dez_ajuste_seed_16_01_2026/temp_models/trial_54
Modelo LSTM. Treino: 2012 a 2023. Validação: 2024. Teste: 2025.
Dataset: V44. Log Transform: Não.
Obs: ajuste de seed

Hyperparams:
input_size: 11, h: 1, lr: 0.0003414005444589117, batch: 32, encoder n layers: 1, decoder layers: 1",2026-01-18T15:55:03
2024_cluster_0,Carmo_da_Mata,2025-12-31T00:00:00,0.0,1.3756667,,teste,V44,LSTM,"/media/marcos/Marcos/Codigos/Predicao_Cafe_Arabica/Teste_2_reuniao_16_dez_ajuste_seed_16_01_2026/temp_models/trial_54
Modelo LSTM. Treino: 2012 a 2023. Validação: 2024. Teste: 2025.
Dataset: V44. Log Transform: Não.
Obs: ajuste de seed

Hyperparams:
input_size: 11, h: 1, lr: 0.0003414005444589117, batch: 32, encoder n layers: 1, decoder layers: 1",2026-01-18T15:55:03
2024_cluster_0,Carmo_do_Rio_Claro,2025-12-31T00:00:00,0.0,1.8969816,,teste,V44,LSTM,"/media/marcos/Marcos/Codigos/Predicao_Cafe_Arabica/Teste_2_reuniao_16_dez_ajuste_seed_16_01_2026/temp_models/trial_54
Modelo LSTM. Treino: 2012 a 2023. Validação: 2024. Teste: 2025.
Dataset: V44. Log Transform: Não.
Obs: ajuste de seed

Hyperparams:
input_size: 11, h: 1, lr: 0.0003414005444589117, batch: 32, encoder n layers: 1, decoder layers: 1",2026-01-18T15:55:03
2024_cluster_0,Carmopolis_de_Minas,2025-12-31T00:00:00,0.0,1.7225461,,teste,V44,LSTM,"/media/marcos/Marcos/Codigos/Predicao_Cafe_Arabica/Teste_2_reuniao_16_dez_ajuste_seed_16_01_2026/temp_models/trial_54
Modelo LSTM. Treino: 2012 a 2023. Validação: 2024. Teste: 2025.
Dataset: V44. Log Transform: Não.
Obs: ajuste de seed

Hyperparams:
input_size: 11, h: 1, lr: 0.0003414005444589117, batch: 32, encoder n layers: 1, decoder layers: 1",2026-01-18T15:55:03
2024_cluster_0,Cassia,2025-12-31T00:00:00,0.0,1.6022588,,teste,V44,LSTM,"/media/marcos/Marcos/Codigos/Predicao_Cafe_Arabica/Teste_2_reuniao_16_dez_ajuste_seed_16_01_2026/temp_models/trial_54
Modelo LSTM. Treino: 2012 a 2023. Validação: 2024. Teste: 2025.
Dataset: V44. Log Transform: Não.
Obs: ajuste de seed

Hyperparams:
input_size: 11, h: 1, lr: 0.0003414005444589117, batch: 32, encoder n layers: 1, decoder layers: 1",2026-01-18T15:55:03
2024_cluster_0,Catas_Altas_da_Noruega,2025-12-31T00:00:00,0.0,0.97337157,,teste,V44,LSTM,"/media/marcos/Marcos/Codigos/Predicao_Cafe_Arabica/Teste_2_reuniao_16_dez_ajuste_seed_16_01_2026/temp_models/trial_54
Modelo LSTM. Treino: 2012 a 2023. Validação: 2024. Teste: 2025.
Dataset: V44. Log Transform: Não.
Obs: ajuste de seed

Hyperparams:
input_size: 11, h: 1, lr: 0.0003414005444589117, batch: 32, encoder n layers: 1, decoder layers: 1",2026-01-18T15:55:03
2024_cluster_0,Chale,2025-12-31T00:00:00,0.0,1.3511689,,teste,V44,LSTM,"/media/marcos/Marcos/Codigos/Predicao_Cafe_Arabica/Teste_2_reuniao_16_dez_ajuste_seed_16_01_2026/temp_models/trial_54
Modelo LSTM. Treino: 2012 a 2023. Validação: 2024. Teste: 2025.
Dataset: V44. Log Transform: Não.
Obs: ajuste de seed

Hyperparams:
input_size: 11, h: 1, lr: 0.0003414005444589117, batch: 32, encoder n layers: 1, decoder layers: 1",2026-01-18T15:55:03
2024_cluster_0,Claudio,2025-12-31T00:00:00,0.0,1.8361104,,teste,V44,LSTM,"/media/marcos/Marcos/Codigos/Predicao_Cafe_Arabica/Teste_2_reuniao_16_dez_ajuste_seed_16_01_2026/temp_models/trial_54
Modelo LSTM. Treino: 2012 a 2023. Validação: 2024. Teste: 2025.
Dataset: V44. Log Transform: Não.
Obs: ajuste de seed

Hyperparams:
input_size: 11, h: 1, lr: 0.0003414005444589117, batch: 32, encoder n layers: 1, decoder layers: 1",2026-01-18T15:55:03
2024_cluster_0,Conceicao_da_Barra_de_Minas,2025-12-31T00:00:00,0.0,1.745745,,teste,V44,LSTM,"/media/marcos/Marcos/Codigos/Predicao_Cafe_Arabica/Teste_2_reuniao_16_dez_ajuste_seed_16_01_2026/temp_models/trial_54
Modelo LSTM. Treino: 2012 a 2023. Validação: 2024. Teste: 2025.
Dataset: V44. Log Transform: Não.
Obs: ajuste de seed

Hyperparams:
input_size: 11, h: 1, lr: 0.0003414005444589117, batch: 32, encoder n layers: 1, decoder layers: 1",2026-01-18T15:55:03
2024_cluster_0,Conceicao_de_Ipanema,2025-12-31T00:00:00,0.0,1.367518,,teste,V44,LSTM,"/media/marcos/Marcos/Codigos/Predicao_Cafe_Arabica/Teste_2_reuniao_16_dez_ajuste_seed_16_01_2026/temp_models/trial_54
Modelo LSTM. Treino: 2012 a 2023. Validação: 2024. Teste: 2025.
Dataset: V44. Log Transform: Não.
Obs: ajuste de seed

Hyperparams:
input_size: 11, h: 1, lr: 0.0003414005444589117, batch: 32, encoder n layers: 1, decoder layers: 1",2026-01-18T15:55:03
2024_cluster_0,Coqueiral,2025-12-31T00:00:00,0.0,1.3549099,,teste,V44,LSTM,"/media/marcos/Marcos/Codigos/Predicao_Cafe_Arabica/Teste_2_reuniao_16_dez_ajuste_seed_16_01_2026/temp_models/trial_54
Modelo LSTM. Treino: 2012 a 2023. Validação: 2024. Teste: 2025.
Dataset: V44. Log Transform: Não.
Obs: ajuste de seed

Hyperparams:
input_size: 11, h: 1, lr: 0.0003414005444589117, batch: 32, encoder n layers: 1, decoder layers: 1",2026-01-18T15:55:03
2024_cluster_0,Corrego_Danta,2025-12-31T00:00:00,0.0,1.4695129,,teste,V44,LSTM,"/media/marcos/Marcos/Codigos/Predicao_Cafe_Arabica/Teste_2_reuniao_16_dez_ajuste_seed_16_01_2026/temp_models/trial_54
Modelo LSTM. Treino: 2012 a 2023. Validação: 2024. Teste: 2025.
Dataset: V44. Log Transform: Não.
Obs: ajuste de seed

Hyperparams:
input_size: 11, h: 1, lr: 0.0003414005444589117, batch: 32, encoder n layers: 1, decoder layers: 1",2026-01-18T15:55:03
2024_cluster_0,Cristais,2025-12-31T00:00:00,0.0,1.5412992,,teste,V44,LSTM,"/media/marcos/Marcos/Codigos/Predicao_Cafe_Arabica/Teste_2_reuniao_16_dez_ajuste_seed_16_01_2026/temp_models/trial_54
Modelo LSTM. Treino: 2012 a 2023. Validação: 2024. Teste: 2025.
Dataset: V44. Log Transform: Não.
Obs: ajuste de seed

Hyperparams:
input_size: 11, h: 1, lr: 0.0003414005444589117, batch: 32, encoder n layers: 1, decoder layers: 1",2026-01-18T15:55:03
2024_cluster_0,Desterro_de_Entre_Rios,2025-12-31T00:00:00,0.0,1.9203304,,teste,V44,LSTM,"/media/marcos/Marcos/Codigos/Predicao_Cafe_Arabica/Teste_2_reuniao_16_dez_ajuste_seed_16_01_2026/temp_models/trial_54
Modelo LSTM. Treino: 2012 a 2023. Validação: 2024. Teste: 2025.
Dataset: V44. Log Transform: Não.
Obs: ajuste de seed

Hyperparams:
input_size: 11, h: 1, lr: 0.0003414005444589117, batch: 32, encoder n layers: 1, decoder layers: 1",2026-01-18T15:55:03
2024_cluster_0,Divinesia,2025-12-31T00:00:00,0.0,2.2123675,,teste,V44,LSTM,"/media/marcos/Marcos/Codigos/Predicao_Cafe_Arabica/Teste_2_reuniao_16_dez_ajuste_seed_16_01_2026/temp_models/trial_54
Modelo LSTM. Treino: 2012 a 2023. Validação: 2024. Teste: 2025.
Dataset: V44. Log Transform: Não.
Obs: ajuste de seed

Hyperparams:
input_size: 11, h: 1, lr: 0.0003414005444589117, batch: 32, encoder n layers: 1, decoder layers: 1",2026-01-18T15:55:03
2024_cluster_0,Divino,2025-12-31T00:00:00,0.0,1.1978937,,teste,V44,LSTM,"/media/marcos/Marcos/Codigos/Predicao_Cafe_Arabica/Teste_2_reuniao_16_dez_ajuste_seed_16_01_2026/temp_models/trial_54
Modelo LSTM. Treino: 2012 a 2023. Validação: 2024. Teste: 2025.
Dataset: V44. Log Transform: Não.
Obs: ajuste de seed

Hyperparams:
input_size: 11, h: 1, lr: 0.0003414005444589117, batch: 32, encoder n layers: 1, decoder layers: 1",2026-01-18T15:55:03
2024_cluster_0,Doresopolis,2025-12-31T00:00:00,0.0,1.4650673,,teste,V44,LSTM,"/media/marcos/Marcos/Codigos/Predicao_Cafe_Arabica/Teste_2_reuniao_16_dez_ajuste_seed_16_01_2026/temp_models/trial_54
Modelo LSTM. Treino: 2012 a 2023. Validação: 2024. Teste: 2025.
Dataset: V44. Log Transform: Não.
Obs: ajuste de seed

Hyperparams:
input_size: 11, h: 1, lr: 0.0003414005444589117, batch: 32, encoder n layers: 1, decoder layers: 1",2026-01-18T15:55:03
2024_cluster_0,Durande,2025-12-31T00:00:00,0.0,1.5511836,,teste,V44,LSTM,"/media/marcos/Marcos/Codigos/Predicao_Cafe_Arabica/Teste_2_reuniao_16_dez_ajuste_seed_16_01_2026/temp_models/trial_54
Modelo LSTM. Treino: 2012 a 2023. Validação: 2024. Teste: 2025.
Dataset: V44. Log Transform: Não.
Obs: ajuste de seed

Hyperparams:
input_size: 11, h: 1, lr: 0.0003414005444589117, batch: 32, encoder n layers: 1, decoder layers: 1",2026-01-18T15:55:03
2024_cluster_0,Eloi_Mendes,2025-12-31T00:00:00,0.0,1.3326089,,teste,V44,LSTM,"/media/marcos/Marcos/Codigos/Predicao_Cafe_Arabica/Teste_2_reuniao_16_dez_ajuste_seed_16_01_2026/temp_models/trial_54
Modelo LSTM. Treino: 2012 a 2023. Validação: 2024. Teste: 2025.
Dataset: V44. Log Transform: Não.
Obs: ajuste de seed

Hyperparams:
input_size: 11, h: 1, lr: 0.0003414005444589117, batch: 32, encoder n layers: 1, decoder layers: 1",2026-01-18T15:55:03
2024_cluster_0,Entre_Folhas,2025-12-31T00:00:00,0.0,1.1396416,,teste,V44,LSTM,"/media/marcos/Marcos/Codigos/Predicao_Cafe_Arabica/Teste_2_reuniao_16_dez_ajuste_seed_16_01_2026/temp_models/trial_54
Modelo LSTM. Treino: 2012 a 2023. Validação: 2024. Teste: 2025.
Dataset: V44. Log Transform: Não.
Obs: ajuste de seed

Hyperparams:
input_size: 11, h: 1, lr: 0.0003414005444589117, batch: 32, encoder n layers: 1, decoder layers: 1",2026-01-18T15:55:03
2024_cluster_0,Entre_Rios_de_Minas,2025-12-31T00:00:00,0.0,1.8737592,,teste,V44,LSTM,"/media/marcos/Marcos/Codigos/Predicao_Cafe_Arabica/Teste_2_reuniao_16_dez_ajuste_seed_16_01_2026/temp_models/trial_54
Modelo LSTM. Treino: 2012 a 2023. Validação: 2024. Teste: 2025.
Dataset: V44. Log Transform: Não.
Obs: ajuste de seed

Hyperparams:
input_size: 11, h: 1, lr: 0.0003414005444589117, batch: 32, encoder n layers: 1, decoder layers: 1",2026-01-18T15:55:03
2024_cluster_0,Ervalia,2025-12-31T00:00:00,0.0,1.411107,,teste,V44,LSTM,"/media/marcos/Marcos/Codigos/Predicao_Cafe_Arabica/Teste_2_reuniao_16_dez_ajuste_seed_16_01_2026/temp_models/trial_54
Modelo LSTM. Treino: 2012 a 2023. Validação: 2024. Teste: 2025.
Dataset: V44. Log Transform: Não.
Obs: ajuste de seed

Hyperparams:
input_size: 11, h: 1, lr: 0.0003414005444589117, batch: 32, encoder n layers: 1, decoder layers: 1",2026-01-18T15:55:03
2024_cluster_0,Espera_Feliz,2025-12-31T00:00:00,0.0,1.2506163,,teste,V44,LSTM,"/media/marcos/Marcos/Codigos/Predicao_Cafe_Arabica/Teste_2_reuniao_16_dez_ajuste_seed_16_01_2026/temp_models/trial_54
Modelo LSTM. Treino: 2012 a 2023. Validação: 2024. Teste: 2025.
Dataset: V44. Log Transform: Não.
Obs: ajuste de seed

Hyperparams:
input_size: 11, h: 1, lr: 0.0003414005444589117, batch: 32, encoder n layers: 1, decoder layers: 1",2026-01-18T15:55:03
2024_cluster_0,Faria_Lemos,2025-12-31T00:00:00,0.0,1.1749816,,teste,V44,LSTM,"/media/marcos/Marcos/Codigos/Predicao_Cafe_Arabica/Teste_2_reuniao_16_dez_ajuste_seed_16_01_2026/temp_models/trial_54
Modelo LSTM. Treino: 2012 a 2023. Validação: 2024. Teste: 2025.
Dataset: V44. Log Transform: Não.
Obs: ajuste de seed

Hyperparams:
input_size: 11, h: 1, lr: 0.0003414005444589117, batch: 32, encoder n layers: 1, decoder layers: 1",2026-01-18T15:55:03
2024_cluster_0,Ferros,2025-12-31T00:00:00,0.0,1.1488525,,teste,V44,LSTM,"/media/marcos/Marcos/Codigos/Predicao_Cafe_Arabica/Teste_2_reuniao_16_dez_ajuste_seed_16_01_2026/temp_models/trial_54
Modelo LSTM. Treino: 2012 a 2023. Validação: 2024. Teste: 2025.
Dataset: V44. Log Transform: Não.
Obs: ajuste de seed

Hyperparams:
input_size: 11, h: 1, lr: 0.0003414005444589117, batch: 32, encoder n layers: 1, decoder layers: 1",2026-01-18T15:55:03
2024_cluster_0,Fervedouro,2025-12-31T00:00:00,0.0,1.3043431,,teste,V44,LSTM,"/media/marcos/Marcos/Codigos/Predicao_Cafe_Arabica/Teste_2_reuniao_16_dez_ajuste_seed_16_01_2026/temp_models/trial_54
Modelo LSTM. Treino: 2012 a 2023. Validação: 2024. Teste: 2025.
Dataset: V44. Log Transform: Não.
Obs: ajuste de seed

Hyperparams:
input_size: 11, h: 1, lr: 0.0003414005444589117, batch: 32, encoder n layers: 1, decoder layers: 1",2026-01-18T15:55:03
2024_cluster_0,Guape,2025-12-31T00:00:00,0.0,1.6523482,,teste,V44,LSTM,"/media/marcos/Marcos/Codigos/Predicao_Cafe_Arabica/Teste_2_reuniao_16_dez_ajuste_seed_16_01_2026/temp_models/trial_54
Modelo LSTM. Treino: 2012 a 2023. Validação: 2024. Teste: 2025.
Dataset: V44. Log Transform: Não.
Obs: ajuste de seed

Hyperparams:
input_size: 11, h: 1, lr: 0.0003414005444589117, batch: 32, encoder n layers: 1, decoder layers: 1",2026-01-18T15:55:03
2024_cluster_0,Ibituruna,2025-12-31T00:00:00,0.0,1.5539129,,teste,V44,LSTM,"/media/marcos/Marcos/Codigos/Predicao_Cafe_Arabica/Teste_2_reuniao_16_dez_ajuste_seed_16_01_2026/temp_models/trial_54
Modelo LSTM. Treino: 2012 a 2023. Validação: 2024. Teste: 2025.
Dataset: V44. Log Transform: Não.
Obs: ajuste de seed

Hyperparams:
input_size: 11, h: 1, lr: 0.0003414005444589117, batch: 32, encoder n layers: 1, decoder layers: 1",2026-01-18T15:55:03
2024_cluster_0,Ilicinea,2025-12-31T00:00:00,0.0,1.6874713,,teste,V44,LSTM,"/media/marcos/Marcos/Codigos/Predicao_Cafe_Arabica/Teste_2_reuniao_16_dez_ajuste_seed_16_01_2026/temp_models/trial_54
Modelo LSTM. Treino: 2012 a 2023. Validação: 2024. Teste: 2025.
Dataset: V44. Log Transform: Não.
Obs: ajuste de seed

Hyperparams:
input_size: 11, h: 1, lr: 0.0003414005444589117, batch: 32, encoder n layers: 1, decoder layers: 1",2026-01-18T15:55:03
2024_cluster_0,Itapecerica,2025-12-31T00:00:00,0.0,1.3412282,,teste,V44,LSTM,"/media/marcos/Marcos/Codigos/Predicao_Cafe_Arabica/Teste_2_reuniao_16_dez_ajuste_seed_16_01_2026/temp_models/trial_54
Modelo LSTM. Treino: 2012 a 2023. Validação: 2024. Teste: 2025.
Dataset: V44. Log Transform: Não.
Obs: ajuste de seed

Hyperparams:
input_size: 11, h: 1, lr: 0.0003414005444589117, batch: 32, encoder n layers: 1, decoder layers: 1",2026-01-18T15:55:03
2024_cluster_0,Ituiutaba,2025-12-31T00:00:00,0.0,1.1271265,,teste,V44,LSTM,"/media/marcos/Marcos/Codigos/Predicao_Cafe_Arabica/Teste_2_reuniao_16_dez_ajuste_seed_16_01_2026/temp_models/trial_54
Modelo LSTM. Treino: 2012 a 2023. Validação: 2024. Teste: 2025.
Dataset: V44. Log Transform: Não.
Obs: ajuste de seed

Hyperparams:
input_size: 11, h: 1, lr: 0.0003414005444589117, batch: 32, encoder n layers: 1, decoder layers: 1",2026-01-18T15:55:03
2024_cluster_0,Itumirim,2025-12-31T00:00:00,0.0,1.3983387,,teste,V44,LSTM,"/media/marcos/Marcos/Codigos/Predicao_Cafe_Arabica/Teste_2_reuniao_16_dez_ajuste_seed_16_01_2026/temp_models/trial_54
Modelo LSTM. Treino: 2012 a 2023. Validação: 2024. Teste: 2025.
Dataset: V44. Log Transform: Não.
Obs: ajuste de seed

Hyperparams:
input_size: 11, h: 1, lr: 0.0003414005444589117, batch: 32, encoder n layers: 1, decoder layers: 1",2026-01-18T15:55:03
2024_cluster_0,Lajinha,2025-12-31T00:00:00,0.0,1.3790276,,teste,V44,LSTM,"/media/marcos/Marcos/Codigos/Predicao_Cafe_Arabica/Teste_2_reuniao_16_dez_ajuste_seed_16_01_2026/temp_models/trial_54
Modelo LSTM. Treino: 2012 a 2023. Validação: 2024. Teste: 2025.
Dataset: V44. Log Transform: Não.
Obs: ajuste de seed

Hyperparams:
input_size: 11, h: 1, lr: 0.0003414005444589117, batch: 32, encoder n layers: 1, decoder layers: 1",2026-01-18T15:55:03
2024_cluster_0,Lavras,2025-12-31T00:00:00,0.0,1.4091349,,teste,V44,LSTM,"/media/marcos/Marcos/Codigos/Predicao_Cafe_Arabica/Teste_2_reuniao_16_dez_ajuste_seed_16_01_2026/temp_models/trial_54
Modelo LSTM. Treino: 2012 a 2023. Validação: 2024. Teste: 2025.
Dataset: V44. Log Transform: Não.
Obs: ajuste de seed

Hyperparams:
input_size: 11, h: 1, lr: 0.0003414005444589117, batch: 32, encoder n layers: 1, decoder layers: 1",2026-01-18T15:55:03
2024_cluster_0,Luisburgo,2025-12-31T00:00:00,0.0,1.523103,,teste,V44,LSTM,"/media/marcos/Marcos/Codigos/Predicao_Cafe_Arabica/Teste_2_reuniao_16_dez_ajuste_seed_16_01_2026/temp_models/trial_54
Modelo LSTM. Treino: 2012 a 2023. Validação: 2024. Teste: 2025.
Dataset: V44. Log Transform: Não.
Obs: ajuste de seed

Hyperparams:
input_size: 11, h: 1, lr: 0.0003414005444589117, batch: 32, encoder n layers: 1, decoder layers: 1",2026-01-18T15:55:03
2024_cluster_0,Machado,2025-12-31T00:00:00,0.0,1.387504,,teste,V44,LSTM,"/media/marcos/Marcos/Codigos/Predicao_Cafe_Arabica/Teste_2_reuniao_16_dez_ajuste_seed_16_01_2026/temp_models/trial_54
Modelo LSTM. Treino: 2012 a 2023. Validação: 2024. Teste: 2025.
Dataset: V44. Log Transform: Não.
Obs: ajuste de seed

Hyperparams:
input_size: 11, h: 1, lr: 0.0003414005444589117, batch: 32, encoder n layers: 1, decoder layers: 1",2026-01-18T15:55:03
2024_cluster_0,Manhuacu,2025-12-31T00:00:00,0.0,1.3398855,,teste,V44,LSTM,"/media/marcos/Marcos/Codigos/Predicao_Cafe_Arabica/Teste_2_reuniao_16_dez_ajuste_seed_16_01_2026/temp_models/trial_54
Modelo LSTM. Treino: 2012 a 2023. Validação: 2024. Teste: 2025.
Dataset: V44. Log Transform: Não.
Obs: ajuste de seed

Hyperparams:
input_size: 11, h: 1, lr: 0.0003414005444589117, batch: 32, encoder n layers: 1, decoder layers: 1",2026-01-18T15:55:03
2024_cluster_0,Manhumirim,2025-12-31T00:00:00,0.0,1.4648203,,teste,V44,LSTM,"/media/marcos/Marcos/Codigos/Predicao_Cafe_Arabica/Teste_2_reuniao_16_dez_ajuste_seed_16_01_2026/temp_models/trial_54
Modelo LSTM. Treino: 2012 a 2023. Validação: 2024. Teste: 2025.
Dataset: V44. Log Transform: Não.
Obs: ajuste de seed

Hyperparams:
input_size: 11, h: 1, lr: 0.0003414005444589117, batch: 32, encoder n layers: 1, decoder layers: 1",2026-01-18T15:55:03
2024_cluster_0,Martins_Soares,2025-12-31T00:00:00,0.0,1.4907651,,teste,V44,LSTM,"/media/marcos/Marcos/Codigos/Predicao_Cafe_Arabica/Teste_2_reuniao_16_dez_ajuste_seed_16_01_2026/temp_models/trial_54
Modelo LSTM. Treino: 2012 a 2023. Validação: 2024. Teste: 2025.
Dataset: V44. Log Transform: Não.
Obs: ajuste de seed

Hyperparams:
input_size: 11, h: 1, lr: 0.0003414005444589117, batch: 32, encoder n layers: 1, decoder layers: 1",2026-01-18T15:55:03
2024_cluster_0,Matipo,2025-12-31T00:00:00,0.0,1.2981929,,teste,V44,LSTM,"/media/marcos/Marcos/Codigos/Predicao_Cafe_Arabica/Teste_2_reuniao_16_dez_ajuste_seed_16_01_2026/temp_models/trial_54
Modelo LSTM. Treino: 2012 a 2023. Validação: 2024. Teste: 2025.
Dataset: V44. Log Transform: Não.
Obs: ajuste de seed

Hyperparams:
input_size: 11, h: 1, lr: 0.0003414005444589117, batch: 32, encoder n layers: 1, decoder layers: 1",2026-01-18T15:55:03
2024_cluster_0,Medeiros,2025-12-31T00:00:00,0.0,1.6816666,,teste,V44,LSTM,"/media/marcos/Marcos/Codigos/Predicao_Cafe_Arabica/Teste_2_reuniao_16_dez_ajuste_seed_16_01_2026/temp_models/trial_54
Modelo LSTM. Treino: 2012 a 2023. Validação: 2024. Teste: 2025.
Dataset: V44. Log Transform: Não.
Obs: ajuste de seed

Hyperparams:
input_size: 11, h: 1, lr: 0.0003414005444589117, batch: 32, encoder n layers: 1, decoder layers: 1",2026-01-18T15:55:03
2024_cluster_0,Miradouro,2025-12-31T00:00:00,0.0,1.2395636,,teste,V44,LSTM,"/media/marcos/Marcos/Codigos/Predicao_Cafe_Arabica/Teste_2_reuniao_16_dez_ajuste_seed_16_01_2026/temp_models/trial_54
Modelo LSTM. Treino: 2012 a 2023. Validação: 2024. Teste: 2025.
Dataset: V44. Log Transform: Não.
Obs: ajuste de seed

Hyperparams:
input_size: 11, h: 1, lr: 0.0003414005444589117, batch: 32, encoder n layers: 1, decoder layers: 1",2026-01-18T15:55:03
2024_cluster_0,Mirai,2025-12-31T00:00:00,0.0,1.1101288,,teste,V44,LSTM,"/media/marcos/Marcos/Codigos/Predicao_Cafe_Arabica/Teste_2_reuniao_16_dez_ajuste_seed_16_01_2026/temp_models/trial_54
Modelo LSTM. Treino: 2012 a 2023. Validação: 2024. Teste: 2025.
Dataset: V44. Log Transform: Não.
Obs: ajuste de seed

Hyperparams:
input_size: 11, h: 1, lr: 0.0003414005444589117, batch: 32, encoder n layers: 1, decoder layers: 1",2026-01-18T15:55:03
2024_cluster_0,Moeda,2025-12-31T00:00:00,0.0,1.2967806,,teste,V44,LSTM,"/media/marcos/Marcos/Codigos/Predicao_Cafe_Arabica/Teste_2_reuniao_16_dez_ajuste_seed_16_01_2026/temp_models/trial_54
Modelo LSTM. Treino: 2012 a 2023. Validação: 2024. Teste: 2025.
Dataset: V44. Log Transform: Não.
Obs: ajuste de seed

Hyperparams:
input_size: 11, h: 1, lr: 0.0003414005444589117, batch: 32, encoder n layers: 1, decoder layers: 1",2026-01-18T15:55:03
2024_cluster_0,Muriae,2025-12-31T00:00:00,0.0,1.1219373,,teste,V44,LSTM,"/media/marcos/Marcos/Codigos/Predicao_Cafe_Arabica/Teste_2_reuniao_16_dez_ajuste_seed_16_01_2026/temp_models/trial_54
Modelo LSTM. Treino: 2012 a 2023. Validação: 2024. Teste: 2025.
Dataset: V44. Log Transform: Não.
Obs: ajuste de seed

Hyperparams:
input_size: 11, h: 1, lr: 0.0003414005444589117, batch: 32, encoder n layers: 1, decoder layers: 1",2026-01-18T15:55:03
2024_cluster_0,Mutum,2025-12-31T00:00:00,0.0,1.2919523,,teste,V44,LSTM,"/media/marcos/Marcos/Codigos/Predicao_Cafe_Arabica/Teste_2_reuniao_16_dez_ajuste_seed_16_01_2026/temp_models/trial_54
Modelo LSTM. Treino: 2012 a 2023. Validação: 2024. Teste: 2025.
Dataset: V44. Log Transform: Não.
Obs: ajuste de seed

Hyperparams:
input_size: 11, h: 1, lr: 0.0003414005444589117, batch: 32, encoder n layers: 1, decoder layers: 1",2026-01-18T15:55:03
2024_cluster_0,Nazareno,2025-12-31T00:00:00,0.0,1.6340858,,teste,V44,LSTM,"/media/marcos/Marcos/Codigos/Predicao_Cafe_Arabica/Teste_2_reuniao_16_dez_ajuste_seed_16_01_2026/temp_models/trial_54
Modelo LSTM. Treino: 2012 a 2023. Validação: 2024. Teste: 2025.
Dataset: V44. Log Transform: Não.
Obs: ajuste de seed

Hyperparams:
input_size: 11, h: 1, lr: 0.0003414005444589117, batch: 32, encoder n layers: 1, decoder layers: 1",2026-01-18T15:55:03
2024_cluster_0,Nepomuceno,2025-12-31T00:00:00,0.0,1.3754518,,teste,V44,LSTM,"/media/marcos/Marcos/Codigos/Predicao_Cafe_Arabica/Teste_2_reuniao_16_dez_ajuste_seed_16_01_2026/temp_models/trial_54
Modelo LSTM. Treino: 2012 a 2023. Validação: 2024. Teste: 2025.
Dataset: V44. Log Transform: Não.
Obs: ajuste de seed

Hyperparams:
input_size: 11, h: 1, lr: 0.0003414005444589117, batch: 32, encoder n layers: 1, decoder layers: 1",2026-01-18T15:55:03
2024_cluster_0,Oliveira,2025-12-31T00:00:00,0.0,1.6570235,,teste,V44,LSTM,"/media/marcos/Marcos/Codigos/Predicao_Cafe_Arabica/Teste_2_reuniao_16_dez_ajuste_seed_16_01_2026/temp_models/trial_54
Modelo LSTM. Treino: 2012 a 2023. Validação: 2024. Teste: 2025.
Dataset: V44. Log Transform: Não.
Obs: ajuste de seed

Hyperparams:
input_size: 11, h: 1, lr: 0.0003414005444589117, batch: 32, encoder n layers: 1, decoder layers: 1",2026-01-18T15:55:03
2024_cluster_0,Orizania,2025-12-31T00:00:00,0.0,1.4373761,,teste,V44,LSTM,"/media/marcos/Marcos/Codigos/Predicao_Cafe_Arabica/Teste_2_reuniao_16_dez_ajuste_seed_16_01_2026/temp_models/trial_54
Modelo LSTM. Treino: 2012 a 2023. Validação: 2024. Teste: 2025.
Dataset: V44. Log Transform: Não.
Obs: ajuste de seed

Hyperparams:
input_size: 11, h: 1, lr: 0.0003414005444589117, batch: 32, encoder n layers: 1, decoder layers: 1",2026-01-18T15:55:03
2024_cluster_0,Paraguacu,2025-12-31T00:00:00,0.0,1.2629454,,teste,V44,LSTM,"/media/marcos/Marcos/Codigos/Predicao_Cafe_Arabica/Teste_2_reuniao_16_dez_ajuste_seed_16_01_2026/temp_models/trial_54
Modelo LSTM. Treino: 2012 a 2023. Validação: 2024. Teste: 2025.
Dataset: V44. Log Transform: Não.
Obs: ajuste de seed

Hyperparams:
input_size: 11, h: 1, lr: 0.0003414005444589117, batch: 32, encoder n layers: 1, decoder layers: 1",2026-01-18T15:55:03
2024_cluster_0,Passa_Tempo,2025-12-31T00:00:00,0.0,1.5385537,,teste,V44,LSTM,"/media/marcos/Marcos/Codigos/Predicao_Cafe_Arabica/Teste_2_reuniao_16_dez_ajuste_seed_16_01_2026/temp_models/trial_54
Modelo LSTM. Treino: 2012 a 2023. Validação: 2024. Teste: 2025.
Dataset: V44. Log Transform: Não.
Obs: ajuste de seed

Hyperparams:
input_size: 11, h: 1, lr: 0.0003414005444589117, batch: 32, encoder n layers: 1, decoder layers: 1",2026-01-18T15:55:03
2024_cluster_0,Perdoes,2025-12-31T00:00:00,0.0,1.552828,,teste,V44,LSTM,"/media/marcos/Marcos/Codigos/Predicao_Cafe_Arabica/Teste_2_reuniao_16_dez_ajuste_seed_16_01_2026/temp_models/trial_54
Modelo LSTM. Treino: 2012 a 2023. Validação: 2024. Teste: 2025.
Dataset: V44. Log Transform: Não.
Obs: ajuste de seed

Hyperparams:
input_size: 11, h: 1, lr: 0.0003414005444589117, batch: 32, encoder n layers: 1, decoder layers: 1",2026-01-18T15:55:03
2024_cluster_0,Pimenta,2025-12-31T00:00:00,0.0,1.6496183,,teste,V44,LSTM,"/media/marcos/Marcos/Codigos/Predicao_Cafe_Arabica/Teste_2_reuniao_16_dez_ajuste_seed_16_01_2026/temp_models/trial_54
Modelo LSTM. Treino: 2012 a 2023. Validação: 2024. Teste: 2025.
Dataset: V44. Log Transform: Não.
Obs: ajuste de seed

Hyperparams:
input_size: 11, h: 1, lr: 0.0003414005444589117, batch: 32, encoder n layers: 1, decoder layers: 1",2026-01-18T15:55:03
2024_cluster_0,Piranga,2025-12-31T00:00:00,0.0,1.9581206,,teste,V44,LSTM,"/media/marcos/Marcos/Codigos/Predicao_Cafe_Arabica/Teste_2_reuniao_16_dez_ajuste_seed_16_01_2026/temp_models/trial_54
Modelo LSTM. Treino: 2012 a 2023. Validação: 2024. Teste: 2025.
Dataset: V44. Log Transform: Não.
Obs: ajuste de seed

Hyperparams:
input_size: 11, h: 1, lr: 0.0003414005444589117, batch: 32, encoder n layers: 1, decoder layers: 1",2026-01-18T15:55:03
2024_cluster_0,Piumhi,2025-12-31T00:00:00,0.0,1.4655415,,teste,V44,LSTM,"/media/marcos/Marcos/Codigos/Predicao_Cafe_Arabica/Teste_2_reuniao_16_dez_ajuste_seed_16_01_2026/temp_models/trial_54
Modelo LSTM. Treino: 2012 a 2023. Validação: 2024. Teste: 2025.
Dataset: V44. Log Transform: Não.
Obs: ajuste de seed

Hyperparams:
input_size: 11, h: 1, lr: 0.0003414005444589117, batch: 32, encoder n layers: 1, decoder layers: 1",2026-01-18T15:55:03
2024_cluster_0,Ponte_Nova,2025-12-31T00:00:00,0.0,1.4102533,,teste,V44,LSTM,"/media/marcos/Marcos/Codigos/Predicao_Cafe_Arabica/Teste_2_reuniao_16_dez_ajuste_seed_16_01_2026/temp_models/trial_54
Modelo LSTM. Treino: 2012 a 2023. Validação: 2024. Teste: 2025.
Dataset: V44. Log Transform: Não.
Obs: ajuste de seed

Hyperparams:
input_size: 11, h: 1, lr: 0.0003414005444589117, batch: 32, encoder n layers: 1, decoder layers: 1",2026-01-18T15:55:03
2024_cluster_0,Porto_Firme,2025-12-31T00:00:00,0.0,1.304548,,teste,V44,LSTM,"/media/marcos/Marcos/Codigos/Predicao_Cafe_Arabica/Teste_2_reuniao_16_dez_ajuste_seed_16_01_2026/temp_models/trial_54
Modelo LSTM. Treino: 2012 a 2023. Validação: 2024. Teste: 2025.
Dataset: V44. Log Transform: Não.
Obs: ajuste de seed

Hyperparams:
input_size: 11, h: 1, lr: 0.0003414005444589117, batch: 32, encoder n layers: 1, decoder layers: 1",2026-01-18T15:55:03
2024_cluster_0,Raul_Soares,2025-12-31T00:00:00,0.0,1.2053498,,teste,V44,LSTM,"/media/marcos/Marcos/Codigos/Predicao_Cafe_Arabica/Teste_2_reuniao_16_dez_ajuste_seed_16_01_2026/temp_models/trial_54
Modelo LSTM. Treino: 2012 a 2023. Validação: 2024. Teste: 2025.
Dataset: V44. Log Transform: Não.
Obs: ajuste de seed

Hyperparams:
input_size: 11, h: 1, lr: 0.0003414005444589117, batch: 32, encoder n layers: 1, decoder layers: 1",2026-01-18T15:55:03
2024_cluster_0,Reduto,2025-12-31T00:00:00,0.0,1.3309772,,teste,V44,LSTM,"/media/marcos/Marcos/Codigos/Predicao_Cafe_Arabica/Teste_2_reuniao_16_dez_ajuste_seed_16_01_2026/temp_models/trial_54
Modelo LSTM. Treino: 2012 a 2023. Validação: 2024. Teste: 2025.
Dataset: V44. Log Transform: Não.
Obs: ajuste de seed

Hyperparams:
input_size: 11, h: 1, lr: 0.0003414005444589117, batch: 32, encoder n layers: 1, decoder layers: 1",2026-01-18T15:55:03
2024_cluster_0,Ribeirao_Vermelho,2025-12-31T00:00:00,0.0,1.4214673,,teste,V44,LSTM,"/media/marcos/Marcos/Codigos/Predicao_Cafe_Arabica/Teste_2_reuniao_16_dez_ajuste_seed_16_01_2026/temp_models/trial_54
Modelo LSTM. Treino: 2012 a 2023. Validação: 2024. Teste: 2025.
Dataset: V44. Log Transform: Não.
Obs: ajuste de seed

Hyperparams:
input_size: 11, h: 1, lr: 0.0003414005444589117, batch: 32, encoder n layers: 1, decoder layers: 1",2026-01-18T15:55:03
2024_cluster_0,Ritapolis,2025-12-31T00:00:00,0.0,1.8174508,,teste,V44,LSTM,"/media/marcos/Marcos/Codigos/Predicao_Cafe_Arabica/Teste_2_reuniao_16_dez_ajuste_seed_16_01_2026/temp_models/trial_54
Modelo LSTM. Treino: 2012 a 2023. Validação: 2024. Teste: 2025.
Dataset: V44. Log Transform: Não.
Obs: ajuste de seed

Hyperparams:
input_size: 11, h: 1, lr: 0.0003414005444589117, batch: 32, encoder n layers: 1, decoder layers: 1",2026-01-18T15:55:03
2024_cluster_0,Rosario_da_Limeira,2025-12-31T00:00:00,0.0,1.2019557,,teste,V44,LSTM,"/media/marcos/Marcos/Codigos/Predicao_Cafe_Arabica/Teste_2_reuniao_16_dez_ajuste_seed_16_01_2026/temp_models/trial_54
Modelo LSTM. Treino: 2012 a 2023. Validação: 2024. Teste: 2025.
Dataset: V44. Log Transform: Não.
Obs: ajuste de seed

Hyperparams:
input_size: 11, h: 1, lr: 0.0003414005444589117, batch: 32, encoder n layers: 1, decoder layers: 1",2026-01-18T15:55:03
2024_cluster_0,Santa_Barbara_do_Leste,2025-12-31T00:00:00,0.0,1.2504605,,teste,V44,LSTM,"/media/marcos/Marcos/Codigos/Predicao_Cafe_Arabica/Teste_2_reuniao_16_dez_ajuste_seed_16_01_2026/temp_models/trial_54
Modelo LSTM. Treino: 2012 a 2023. Validação: 2024. Teste: 2025.
Dataset: V44. Log Transform: Não.
Obs: ajuste de seed

Hyperparams:
input_size: 11, h: 1, lr: 0.0003414005444589117, batch: 32, encoder n layers: 1, decoder layers: 1",2026-01-18T15:55:03
2024_cluster_0,Santa_Margarida,2025-12-31T00:00:00,0.0,1.4142652,,teste,V44,LSTM,"/media/marcos/Marcos/Codigos/Predicao_Cafe_Arabica/Teste_2_reuniao_16_dez_ajuste_seed_16_01_2026/temp_models/trial_54
Modelo LSTM. Treino: 2012 a 2023. Validação: 2024. Teste: 2025.
Dataset: V44. Log Transform: Não.
Obs: ajuste de seed

Hyperparams:
input_size: 11, h: 1, lr: 0.0003414005444589117, batch: 32, encoder n layers: 1, decoder layers: 1",2026-01-18T15:55:03
2024_cluster_0,Santa_Rita_de_Minas,2025-12-31T00:00:00,0.0,1.1893756,,teste,V44,LSTM,"/media/marcos/Marcos/Codigos/Predicao_Cafe_Arabica/Teste_2_reuniao_16_dez_ajuste_seed_16_01_2026/temp_models/trial_54
Modelo LSTM. Treino: 2012 a 2023. Validação: 2024. Teste: 2025.
Dataset: V44. Log Transform: Não.
Obs: ajuste de seed

Hyperparams:
input_size: 11, h: 1, lr: 0.0003414005444589117, batch: 32, encoder n layers: 1, decoder layers: 1",2026-01-18T15:55:03
2024_cluster_0,Santa_Rita_do_Itueto,2025-12-31T00:00:00,0.0,1.2722974,,teste,V44,LSTM,"/media/marcos/Marcos/Codigos/Predicao_Cafe_Arabica/Teste_2_reuniao_16_dez_ajuste_seed_16_01_2026/temp_models/trial_54
Modelo LSTM. Treino: 2012 a 2023. Validação: 2024. Teste: 2025.
Dataset: V44. Log Transform: Não.
Obs: ajuste de seed

Hyperparams:
input_size: 11, h: 1, lr: 0.0003414005444589117, batch: 32, encoder n layers: 1, decoder layers: 1",2026-01-18T15:55:03
2024_cluster_0,Santana_da_Vargem,2025-12-31T00:00:00,0.0,1.4447023,,teste,V44,LSTM,"/media/marcos/Marcos/Codigos/Predicao_Cafe_Arabica/Teste_2_reuniao_16_dez_ajuste_seed_16_01_2026/temp_models/trial_54
Modelo LSTM. Treino: 2012 a 2023. Validação: 2024. Teste: 2025.
Dataset: V44. Log Transform: Não.
Obs: ajuste de seed

Hyperparams:
input_size: 11, h: 1, lr: 0.0003414005444589117, batch: 32, encoder n layers: 1, decoder layers: 1",2026-01-18T15:55:03
2024_cluster_0,Santana_do_Jacare,2025-12-31T00:00:00,0.0,1.3346642,,teste,V44,LSTM,"/media/marcos/Marcos/Codigos/Predicao_Cafe_Arabica/Teste_2_reuniao_16_dez_ajuste_seed_16_01_2026/temp_models/trial_54
Modelo LSTM. Treino: 2012 a 2023. Validação: 2024. Teste: 2025.
Dataset: V44. Log Transform: Não.
Obs: ajuste de seed

Hyperparams:
input_size: 11, h: 1, lr: 0.0003414005444589117, batch: 32, encoder n layers: 1, decoder layers: 1",2026-01-18T15:55:03
2024_cluster_0,Santana_do_Manhuacu,2025-12-31T00:00:00,0.0,1.3692586,,teste,V44,LSTM,"/media/marcos/Marcos/Codigos/Predicao_Cafe_Arabica/Teste_2_reuniao_16_dez_ajuste_seed_16_01_2026/temp_models/trial_54
Modelo LSTM. Treino: 2012 a 2023. Validação: 2024. Teste: 2025.
Dataset: V44. Log Transform: Não.
Obs: ajuste de seed

Hyperparams:
input_size: 11, h: 1, lr: 0.0003414005444589117, batch: 32, encoder n layers: 1, decoder layers: 1",2026-01-18T15:55:03
2024_cluster_0,Sao_Domingos_das_Dores,2025-12-31T00:00:00,0.0,1.4280484,,teste,V44,LSTM,"/media/marcos/Marcos/Codigos/Predicao_Cafe_Arabica/Teste_2_reuniao_16_dez_ajuste_seed_16_01_2026/temp_models/trial_54
Modelo LSTM. Treino: 2012 a 2023. Validação: 2024. Teste: 2025.
Dataset: V44. Log Transform: Não.
Obs: ajuste de seed

Hyperparams:
input_size: 11, h: 1, lr: 0.0003414005444589117, batch: 32, encoder n layers: 1, decoder layers: 1",2026-01-18T15:55:03
2024_cluster_0,Sao_Francisco_de_Paula,2025-12-31T00:00:00,0.0,1.4866251,,teste,V44,LSTM,"/media/marcos/Marcos/Codigos/Predicao_Cafe_Arabica/Teste_2_reuniao_16_dez_ajuste_seed_16_01_2026/temp_models/trial_54
Modelo LSTM. Treino: 2012 a 2023. Validação: 2024. Teste: 2025.
Dataset: V44. Log Transform: Não.
Obs: ajuste de seed

Hyperparams:
input_size: 11, h: 1, lr: 0.0003414005444589117, batch: 32, encoder n layers: 1, decoder layers: 1",2026-01-18T15:55:03
2024_cluster_0,Sao_Francisco_do_Gloria,2025-12-31T00:00:00,0.0,1.1544852,,teste,V44,LSTM,"/media/marcos/Marcos/Codigos/Predicao_Cafe_Arabica/Teste_2_reuniao_16_dez_ajuste_seed_16_01_2026/temp_models/trial_54
Modelo LSTM. Treino: 2012 a 2023. Validação: 2024. Teste: 2025.
Dataset: V44. Log Transform: Não.
Obs: ajuste de seed

Hyperparams:
input_size: 11, h: 1, lr: 0.0003414005444589117, batch: 32, encoder n layers: 1, decoder layers: 1",2026-01-18T15:55:03
2024_cluster_0,Sao_Joao_do_Manhuacu,2025-12-31T00:00:00,0.0,1.3645973,,teste,V44,LSTM,"/media/marcos/Marcos/Codigos/Predicao_Cafe_Arabica/Teste_2_reuniao_16_dez_ajuste_seed_16_01_2026/temp_models/trial_54
Modelo LSTM. Treino: 2012 a 2023. Validação: 2024. Teste: 2025.
Dataset: V44. Log Transform: Não.
Obs: ajuste de seed

Hyperparams:
input_size: 11, h: 1, lr: 0.0003414005444589117, batch: 32, encoder n layers: 1, decoder layers: 1",2026-01-18T15:55:03
2024_cluster_0,Sao_Jose_do_Mantimento,2025-12-31T00:00:00,0.0,1.4463505,,teste,V44,LSTM,"/media/marcos/Marcos/Codigos/Predicao_Cafe_Arabica/Teste_2_reuniao_16_dez_ajuste_seed_16_01_2026/temp_models/trial_54
Modelo LSTM. Treino: 2012 a 2023. Validação: 2024. Teste: 2025.
Dataset: V44. Log Transform: Não.
Obs: ajuste de seed

Hyperparams:
input_size: 11, h: 1, lr: 0.0003414005444589117, batch: 32, encoder n layers: 1, decoder layers: 1",2026-01-18T15:55:03
2024_cluster_0,Sao_Roque_de_Minas,2025-12-31T00:00:00,0.0,1.4878938,,teste,V44,LSTM,"/media/marcos/Marcos/Codigos/Predicao_Cafe_Arabica/Teste_2_reuniao_16_dez_ajuste_seed_16_01_2026/temp_models/trial_54
Modelo LSTM. Treino: 2012 a 2023. Validação: 2024. Teste: 2025.
Dataset: V44. Log Transform: Não.
Obs: ajuste de seed

Hyperparams:
input_size: 11, h: 1, lr: 0.0003414005444589117, batch: 32, encoder n layers: 1, decoder layers: 1",2026-01-18T15:55:03
2024_cluster_0,Sao_Tiago,2025-12-31T00:00:00,0.0,1.8197744,,teste,V44,LSTM,"/media/marcos/Marcos/Codigos/Predicao_Cafe_Arabica/Teste_2_reuniao_16_dez_ajuste_seed_16_01_2026/temp_models/trial_54
Modelo LSTM. Treino: 2012 a 2023. Validação: 2024. Teste: 2025.
Dataset: V44. Log Transform: Não.
Obs: ajuste de seed

Hyperparams:
input_size: 11, h: 1, lr: 0.0003414005444589117, batch: 32, encoder n layers: 1, decoder layers: 1",2026-01-18T15:55:03
2024_cluster_0,Sao_Tomas_de_Aquino,2025-12-31T00:00:00,0.0,1.4685656,,teste,V44,LSTM,"/media/marcos/Marcos/Codigos/Predicao_Cafe_Arabica/Teste_2_reuniao_16_dez_ajuste_seed_16_01_2026/temp_models/trial_54
Modelo LSTM. Treino: 2012 a 2023. Validação: 2024. Teste: 2025.
Dataset: V44. Log Transform: Não.
Obs: ajuste de seed

Hyperparams:
input_size: 11, h: 1, lr: 0.0003414005444589117, batch: 32, encoder n layers: 1, decoder layers: 1",2026-01-18T15:55:03
2024_cluster_0,Senador_Firmino,2025-12-31T00:00:00,0.0,1.6967653,,teste,V44,LSTM,"/media/marcos/Marcos/Codigos/Predicao_Cafe_Arabica/Teste_2_reuniao_16_dez_ajuste_seed_16_01_2026/temp_models/trial_54
Modelo LSTM. Treino: 2012 a 2023. Validação: 2024. Teste: 2025.
Dataset: V44. Log Transform: Não.
Obs: ajuste de seed

Hyperparams:
input_size: 11, h: 1, lr: 0.0003414005444589117, batch: 32, encoder n layers: 1, decoder layers: 1",2026-01-18T15:55:03
2024_cluster_0,Senhora_de_Oliveira,2025-12-31T00:00:00,0.0,1.5656087,,teste,V44,LSTM,"/media/marcos/Marcos/Codigos/Predicao_Cafe_Arabica/Teste_2_reuniao_16_dez_ajuste_seed_16_01_2026/temp_models/trial_54
Modelo LSTM. Treino: 2012 a 2023. Validação: 2024. Teste: 2025.
Dataset: V44. Log Transform: Não.
Obs: ajuste de seed

Hyperparams:
input_size: 11, h: 1, lr: 0.0003414005444589117, batch: 32, encoder n layers: 1, decoder layers: 1",2026-01-18T15:55:03
2024_cluster_0,Sericita,2025-12-31T00:00:00,0.0,1.4545444,,teste,V44,LSTM,"/media/marcos/Marcos/Codigos/Predicao_Cafe_Arabica/Teste_2_reuniao_16_dez_ajuste_seed_16_01_2026/temp_models/trial_54
Modelo LSTM. Treino: 2012 a 2023. Validação: 2024. Teste: 2025.
Dataset: V44. Log Transform: Não.
Obs: ajuste de seed

Hyperparams:
input_size: 11, h: 1, lr: 0.0003414005444589117, batch: 32, encoder n layers: 1, decoder layers: 1",2026-01-18T15:55:03
2024_cluster_0,Simonesia,2025-12-31T00:00:00,0.0,1.416794,,teste,V44,LSTM,"/media/marcos/Marcos/Codigos/Predicao_Cafe_Arabica/Teste_2_reuniao_16_dez_ajuste_seed_16_01_2026/temp_models/trial_54
Modelo LSTM. Treino: 2012 a 2023. Validação: 2024. Teste: 2025.
Dataset: V44. Log Transform: Não.
Obs: ajuste de seed

Hyperparams:
input_size: 11, h: 1, lr: 0.0003414005444589117, batch: 32, encoder n layers: 1, decoder layers: 1",2026-01-18T15:55:03
2024_cluster_0,Tapirai,2025-12-31T00:00:00,0.0,1.6163144,,teste,V44,LSTM,"/media/marcos/Marcos/Codigos/Predicao_Cafe_Arabica/Teste_2_reuniao_16_dez_ajuste_seed_16_01_2026/temp_models/trial_54
Modelo LSTM. Treino: 2012 a 2023. Validação: 2024. Teste: 2025.
Dataset: V44. Log Transform: Não.
Obs: ajuste de seed

Hyperparams:
input_size: 11, h: 1, lr: 0.0003414005444589117, batch: 32, encoder n layers: 1, decoder layers: 1",2026-01-18T15:55:03
2024_cluster_0,Tombos,2025-12-31T00:00:00,0.0,1.1706647,,teste,V44,LSTM,"/media/marcos/Marcos/Codigos/Predicao_Cafe_Arabica/Teste_2_reuniao_16_dez_ajuste_seed_16_01_2026/temp_models/trial_54
Modelo LSTM. Treino: 2012 a 2023. Validação: 2024. Teste: 2025.
Dataset: V44. Log Transform: Não.
Obs: ajuste de seed

Hyperparams:
input_size: 11, h: 1, lr: 0.0003414005444589117, batch: 32, encoder n layers: 1, decoder layers: 1",2026-01-18T15:55:03
2024_cluster_0,Tres_Pontas,2025-12-31T00:00:00,0.0,1.4131147,,teste,V44,LSTM,"/media/marcos/Marcos/Codigos/Predicao_Cafe_Arabica/Teste_2_reuniao_16_dez_ajuste_seed_16_01_2026/temp_models/trial_54
Modelo LSTM. Treino: 2012 a 2023. Validação: 2024. Teste: 2025.
Dataset: V44. Log Transform: Não.
Obs: ajuste de seed

Hyperparams:
input_size: 11, h: 1, lr: 0.0003414005444589117, batch: 32, encoder n layers: 1, decoder layers: 1",2026-01-18T15:55:03
2024_cluster_0,Ubaporanga,2025-12-31T00:00:00,0.0,1.2915258,,teste,V44,LSTM,"/media/marcos/Marcos/Codigos/Predicao_Cafe_Arabica/Teste_2_reuniao_16_dez_ajuste_seed_16_01_2026/temp_models/trial_54
Modelo LSTM. Treino: 2012 a 2023. Validação: 2024. Teste: 2025.
Dataset: V44. Log Transform: Não.
Obs: ajuste de seed

Hyperparams:
input_size: 11, h: 1, lr: 0.0003414005444589117, batch: 32, encoder n layers: 1, decoder layers: 1",2026-01-18T15:55:03
2024_cluster_0,Vargem_Bonita,2025-12-31T00:00:00,0.0,1.705498,,teste,V44,LSTM,"/media/marcos/Marcos/Codigos/Predicao_Cafe_Arabica/Teste_2_reuniao_16_dez_ajuste_seed_16_01_2026/temp_models/trial_54
Modelo LSTM. Treino: 2012 a 2023. Validação: 2024. Teste: 2025.
Dataset: V44. Log Transform: Não.
Obs: ajuste de seed

Hyperparams:
input_size: 11, h: 1, lr: 0.0003414005444589117, batch: 32, encoder n layers: 1, decoder layers: 1",2026-01-18T15:55:03
2024_cluster_0,Vermelho_Novo,2025-12-31T00:00:00,0.0,1.3052486,,teste,V44,LSTM,"/media/marcos/Marcos/Codigos/Predicao_Cafe_Arabica/Teste_2_reuniao_16_dez_ajuste_seed_16_01_2026/temp_models/trial_54
Modelo LSTM. Treino: 2012 a 2023. Validação: 2024. Teste: 2025.
Dataset: V44. Log Transform: Não.
Obs: ajuste de seed

Hyperparams:
input_size: 11, h: 1, lr: 0.0003414005444589117, batch: 32, encoder n layers: 1, decoder layers: 1",2026-01-18T15:55:03
2024_cluster_0,Vicosa,2025-12-31T00:00:00,0.0,1.3707247,,teste,V44,LSTM,"/media/marcos/Marcos/Codigos/Predicao_Cafe_Arabica/Teste_2_reuniao_16_dez_ajuste_seed_16_01_2026/temp_models/trial_54
Modelo LSTM. Treino: 2012 a 2023. Validação: 2024. Teste: 2025.
Dataset: V44. Log Transform: Não.
Obs: ajuste de seed

Hyperparams:
input_size: 11, h: 1, lr: 0.0003414005444589117, batch: 32, encoder n layers: 1, decoder layers: 1",2026-01-18T15:55:03
2024_cluster_0,Vieiras,2025-12-31T00:00:00,0.0,1.3493804,,teste,V44,LSTM,"/media/marcos/Marcos/Codigos/Predicao_Cafe_Arabica/Teste_2_reuniao_16_dez_ajuste_seed_16_01_2026/temp_models/trial_54
Modelo LSTM. Treino: 2012 a 2023. Validação: 2024. Teste: 2025.
Dataset: V44. Log Transform: Não.
Obs: ajuste de seed

Hyperparams:
input_size: 11, h: 1, lr: 0.0003414005444589117, batch: 32, encoder n layers: 1, decoder layers: 1",2026-01-18T15:55:03
