treino_id,unique_id,ds,y,y_pred,diferença_%,flag,dataset,modelo,comentario,data_treino
2023_cluster_4,Abadia_dos_Dourados,2023-12-31T00:00:00,2.103030303030303,1.9628774,6.66,validacao,V44,LSTM,"/media/marcos/Marcos/Codigos/Predicao_Cafe_Arabica/Teste_2_reuniao_16_dez_ajuste_seed_16_01_2026/temp_models/trial_93
Modelo LSTM. Treino: 2012 a 2022. Validação: 2023. Teste: 2024.
Dataset: V44. Log Transform: Não.
Obs: ajuste de seed

Hyperparams:
input_size: 10, h: 1, lr: 0.0004457650731577964, batch: 32, encoder n layers: 2, decoder layers: 2",2026-01-18T19:48:43
2023_cluster_4,Acucena,2023-12-31T00:00:00,1.666666666666667,1.1645865,30.12,validacao,V44,LSTM,"/media/marcos/Marcos/Codigos/Predicao_Cafe_Arabica/Teste_2_reuniao_16_dez_ajuste_seed_16_01_2026/temp_models/trial_93
Modelo LSTM. Treino: 2012 a 2022. Validação: 2023. Teste: 2024.
Dataset: V44. Log Transform: Não.
Obs: ajuste de seed

Hyperparams:
input_size: 10, h: 1, lr: 0.0004457650731577964, batch: 32, encoder n layers: 2, decoder layers: 2",2026-01-18T19:48:43
2023_cluster_4,Agua_Boa,2023-12-31T00:00:00,1.213636363636364,1.1446127,5.69,validacao,V44,LSTM,"/media/marcos/Marcos/Codigos/Predicao_Cafe_Arabica/Teste_2_reuniao_16_dez_ajuste_seed_16_01_2026/temp_models/trial_93
Modelo LSTM. Treino: 2012 a 2022. Validação: 2023. Teste: 2024.
Dataset: V44. Log Transform: Não.
Obs: ajuste de seed

Hyperparams:
input_size: 10, h: 1, lr: 0.0004457650731577964, batch: 32, encoder n layers: 2, decoder layers: 2",2026-01-18T19:48:43
2023_cluster_4,Aguas_Vermelhas,2023-12-31T00:00:00,3.0,3.121279,4.04,validacao,V44,LSTM,"/media/marcos/Marcos/Codigos/Predicao_Cafe_Arabica/Teste_2_reuniao_16_dez_ajuste_seed_16_01_2026/temp_models/trial_93
Modelo LSTM. Treino: 2012 a 2022. Validação: 2023. Teste: 2024.
Dataset: V44. Log Transform: Não.
Obs: ajuste de seed

Hyperparams:
input_size: 10, h: 1, lr: 0.0004457650731577964, batch: 32, encoder n layers: 2, decoder layers: 2",2026-01-18T19:48:43
2023_cluster_4,Angelandia,2023-12-31T00:00:00,2.095663265306122,2.1989875,4.93,validacao,V44,LSTM,"/media/marcos/Marcos/Codigos/Predicao_Cafe_Arabica/Teste_2_reuniao_16_dez_ajuste_seed_16_01_2026/temp_models/trial_93
Modelo LSTM. Treino: 2012 a 2022. Validação: 2023. Teste: 2024.
Dataset: V44. Log Transform: Não.
Obs: ajuste de seed

Hyperparams:
input_size: 10, h: 1, lr: 0.0004457650731577964, batch: 32, encoder n layers: 2, decoder layers: 2",2026-01-18T19:48:43
2023_cluster_4,Aricanduva,2023-12-31T00:00:00,1.2,1.2664444,5.54,validacao,V44,LSTM,"/media/marcos/Marcos/Codigos/Predicao_Cafe_Arabica/Teste_2_reuniao_16_dez_ajuste_seed_16_01_2026/temp_models/trial_93
Modelo LSTM. Treino: 2012 a 2022. Validação: 2023. Teste: 2024.
Dataset: V44. Log Transform: Não.
Obs: ajuste de seed

Hyperparams:
input_size: 10, h: 1, lr: 0.0004457650731577964, batch: 32, encoder n layers: 2, decoder layers: 2",2026-01-18T19:48:43
2023_cluster_4,Ataleia,2023-12-31T00:00:00,0.6833333333333333,0.8272384,21.06,validacao,V44,LSTM,"/media/marcos/Marcos/Codigos/Predicao_Cafe_Arabica/Teste_2_reuniao_16_dez_ajuste_seed_16_01_2026/temp_models/trial_93
Modelo LSTM. Treino: 2012 a 2022. Validação: 2023. Teste: 2024.
Dataset: V44. Log Transform: Não.
Obs: ajuste de seed

Hyperparams:
input_size: 10, h: 1, lr: 0.0004457650731577964, batch: 32, encoder n layers: 2, decoder layers: 2",2026-01-18T19:48:43
2023_cluster_4,Bandeira,2023-12-31T00:00:00,0.95,1.4477971,52.4,validacao,V44,LSTM,"/media/marcos/Marcos/Codigos/Predicao_Cafe_Arabica/Teste_2_reuniao_16_dez_ajuste_seed_16_01_2026/temp_models/trial_93
Modelo LSTM. Treino: 2012 a 2022. Validação: 2023. Teste: 2024.
Dataset: V44. Log Transform: Não.
Obs: ajuste de seed

Hyperparams:
input_size: 10, h: 1, lr: 0.0004457650731577964, batch: 32, encoder n layers: 2, decoder layers: 2",2026-01-18T19:48:43
2023_cluster_4,Berilo,2023-12-31T00:00:00,1.798882681564246,1.494518,16.92,validacao,V44,LSTM,"/media/marcos/Marcos/Codigos/Predicao_Cafe_Arabica/Teste_2_reuniao_16_dez_ajuste_seed_16_01_2026/temp_models/trial_93
Modelo LSTM. Treino: 2012 a 2022. Validação: 2023. Teste: 2024.
Dataset: V44. Log Transform: Não.
Obs: ajuste de seed

Hyperparams:
input_size: 10, h: 1, lr: 0.0004457650731577964, batch: 32, encoder n layers: 2, decoder layers: 2",2026-01-18T19:48:43
2023_cluster_4,Berizal,2023-12-31T00:00:00,3.570967741935484,3.6049612,0.95,validacao,V44,LSTM,"/media/marcos/Marcos/Codigos/Predicao_Cafe_Arabica/Teste_2_reuniao_16_dez_ajuste_seed_16_01_2026/temp_models/trial_93
Modelo LSTM. Treino: 2012 a 2022. Validação: 2023. Teste: 2024.
Dataset: V44. Log Transform: Não.
Obs: ajuste de seed

Hyperparams:
input_size: 10, h: 1, lr: 0.0004457650731577964, batch: 32, encoder n layers: 2, decoder layers: 2",2026-01-18T19:48:43
2023_cluster_4,Bonfinopolis_de_Minas,2023-12-31T00:00:00,3.0,3.2212005,7.37,validacao,V44,LSTM,"/media/marcos/Marcos/Codigos/Predicao_Cafe_Arabica/Teste_2_reuniao_16_dez_ajuste_seed_16_01_2026/temp_models/trial_93
Modelo LSTM. Treino: 2012 a 2022. Validação: 2023. Teste: 2024.
Dataset: V44. Log Transform: Não.
Obs: ajuste de seed

Hyperparams:
input_size: 10, h: 1, lr: 0.0004457650731577964, batch: 32, encoder n layers: 2, decoder layers: 2",2026-01-18T19:48:43
2023_cluster_4,Buritis,2023-12-31T00:00:00,3.0,2.9415271,1.95,validacao,V44,LSTM,"/media/marcos/Marcos/Codigos/Predicao_Cafe_Arabica/Teste_2_reuniao_16_dez_ajuste_seed_16_01_2026/temp_models/trial_93
Modelo LSTM. Treino: 2012 a 2022. Validação: 2023. Teste: 2024.
Dataset: V44. Log Transform: Não.
Obs: ajuste de seed

Hyperparams:
input_size: 10, h: 1, lr: 0.0004457650731577964, batch: 32, encoder n layers: 2, decoder layers: 2",2026-01-18T19:48:43
2023_cluster_4,Buritizeiro,2023-12-31T00:00:00,3.0,2.9625242,1.25,validacao,V44,LSTM,"/media/marcos/Marcos/Codigos/Predicao_Cafe_Arabica/Teste_2_reuniao_16_dez_ajuste_seed_16_01_2026/temp_models/trial_93
Modelo LSTM. Treino: 2012 a 2022. Validação: 2023. Teste: 2024.
Dataset: V44. Log Transform: Não.
Obs: ajuste de seed

Hyperparams:
input_size: 10, h: 1, lr: 0.0004457650731577964, batch: 32, encoder n layers: 2, decoder layers: 2",2026-01-18T19:48:43
2023_cluster_4,Capelinha,2023-12-31T00:00:00,1.541750580945004,1.7314334,12.3,validacao,V44,LSTM,"/media/marcos/Marcos/Codigos/Predicao_Cafe_Arabica/Teste_2_reuniao_16_dez_ajuste_seed_16_01_2026/temp_models/trial_93
Modelo LSTM. Treino: 2012 a 2022. Validação: 2023. Teste: 2024.
Dataset: V44. Log Transform: Não.
Obs: ajuste de seed

Hyperparams:
input_size: 10, h: 1, lr: 0.0004457650731577964, batch: 32, encoder n layers: 2, decoder layers: 2",2026-01-18T19:48:43
2023_cluster_4,Carai,2023-12-31T00:00:00,1.2,1.1494572,4.21,validacao,V44,LSTM,"/media/marcos/Marcos/Codigos/Predicao_Cafe_Arabica/Teste_2_reuniao_16_dez_ajuste_seed_16_01_2026/temp_models/trial_93
Modelo LSTM. Treino: 2012 a 2022. Validação: 2023. Teste: 2024.
Dataset: V44. Log Transform: Não.
Obs: ajuste de seed

Hyperparams:
input_size: 10, h: 1, lr: 0.0004457650731577964, batch: 32, encoder n layers: 2, decoder layers: 2",2026-01-18T19:48:43
2023_cluster_4,Caranaiba,2023-12-31T00:00:00,1.45,3.9391744,171.67,validacao,V44,LSTM,"/media/marcos/Marcos/Codigos/Predicao_Cafe_Arabica/Teste_2_reuniao_16_dez_ajuste_seed_16_01_2026/temp_models/trial_93
Modelo LSTM. Treino: 2012 a 2022. Validação: 2023. Teste: 2024.
Dataset: V44. Log Transform: Não.
Obs: ajuste de seed

Hyperparams:
input_size: 10, h: 1, lr: 0.0004457650731577964, batch: 32, encoder n layers: 2, decoder layers: 2",2026-01-18T19:48:43
2023_cluster_4,Catuji,2023-12-31T00:00:00,1.384615384615385,1.2442577,10.14,validacao,V44,LSTM,"/media/marcos/Marcos/Codigos/Predicao_Cafe_Arabica/Teste_2_reuniao_16_dez_ajuste_seed_16_01_2026/temp_models/trial_93
Modelo LSTM. Treino: 2012 a 2022. Validação: 2023. Teste: 2024.
Dataset: V44. Log Transform: Não.
Obs: ajuste de seed

Hyperparams:
input_size: 10, h: 1, lr: 0.0004457650731577964, batch: 32, encoder n layers: 2, decoder layers: 2",2026-01-18T19:48:43
2023_cluster_4,Congonhas_do_Norte,2023-12-31T00:00:00,1.111111111111111,1.0314052,7.17,validacao,V44,LSTM,"/media/marcos/Marcos/Codigos/Predicao_Cafe_Arabica/Teste_2_reuniao_16_dez_ajuste_seed_16_01_2026/temp_models/trial_93
Modelo LSTM. Treino: 2012 a 2022. Validação: 2023. Teste: 2024.
Dataset: V44. Log Transform: Não.
Obs: ajuste de seed

Hyperparams:
input_size: 10, h: 1, lr: 0.0004457650731577964, batch: 32, encoder n layers: 2, decoder layers: 2",2026-01-18T19:48:43
2023_cluster_4,Coroaci,2023-12-31T00:00:00,2.4,2.305248,3.95,validacao,V44,LSTM,"/media/marcos/Marcos/Codigos/Predicao_Cafe_Arabica/Teste_2_reuniao_16_dez_ajuste_seed_16_01_2026/temp_models/trial_93
Modelo LSTM. Treino: 2012 a 2022. Validação: 2023. Teste: 2024.
Dataset: V44. Log Transform: Não.
Obs: ajuste de seed

Hyperparams:
input_size: 10, h: 1, lr: 0.0004457650731577964, batch: 32, encoder n layers: 2, decoder layers: 2",2026-01-18T19:48:43
2023_cluster_4,Cuparaque,2023-12-31T00:00:00,1.318367346938776,1.0865085,17.59,validacao,V44,LSTM,"/media/marcos/Marcos/Codigos/Predicao_Cafe_Arabica/Teste_2_reuniao_16_dez_ajuste_seed_16_01_2026/temp_models/trial_93
Modelo LSTM. Treino: 2012 a 2022. Validação: 2023. Teste: 2024.
Dataset: V44. Log Transform: Não.
Obs: ajuste de seed

Hyperparams:
input_size: 10, h: 1, lr: 0.0004457650731577964, batch: 32, encoder n layers: 2, decoder layers: 2",2026-01-18T19:48:43
2023_cluster_4,Diamantina,2023-12-31T00:00:00,2.965183752417795,2.7792623,6.27,validacao,V44,LSTM,"/media/marcos/Marcos/Codigos/Predicao_Cafe_Arabica/Teste_2_reuniao_16_dez_ajuste_seed_16_01_2026/temp_models/trial_93
Modelo LSTM. Treino: 2012 a 2022. Validação: 2023. Teste: 2024.
Dataset: V44. Log Transform: Não.
Obs: ajuste de seed

Hyperparams:
input_size: 10, h: 1, lr: 0.0004457650731577964, batch: 32, encoder n layers: 2, decoder layers: 2",2026-01-18T19:48:43
2023_cluster_4,Formoso,2023-12-31T00:00:00,3.380392156862745,3.1058397,8.12,validacao,V44,LSTM,"/media/marcos/Marcos/Codigos/Predicao_Cafe_Arabica/Teste_2_reuniao_16_dez_ajuste_seed_16_01_2026/temp_models/trial_93
Modelo LSTM. Treino: 2012 a 2022. Validação: 2023. Teste: 2024.
Dataset: V44. Log Transform: Não.
Obs: ajuste de seed

Hyperparams:
input_size: 10, h: 1, lr: 0.0004457650731577964, batch: 32, encoder n layers: 2, decoder layers: 2",2026-01-18T19:48:43
2023_cluster_4,Franciscopolis,2023-12-31T00:00:00,1.2,1.5148442,26.24,validacao,V44,LSTM,"/media/marcos/Marcos/Codigos/Predicao_Cafe_Arabica/Teste_2_reuniao_16_dez_ajuste_seed_16_01_2026/temp_models/trial_93
Modelo LSTM. Treino: 2012 a 2022. Validação: 2023. Teste: 2024.
Dataset: V44. Log Transform: Não.
Obs: ajuste de seed

Hyperparams:
input_size: 10, h: 1, lr: 0.0004457650731577964, batch: 32, encoder n layers: 2, decoder layers: 2",2026-01-18T19:48:43
2023_cluster_4,Frei_Gaspar,2023-12-31T00:00:00,1.2,1.136342,5.3,validacao,V44,LSTM,"/media/marcos/Marcos/Codigos/Predicao_Cafe_Arabica/Teste_2_reuniao_16_dez_ajuste_seed_16_01_2026/temp_models/trial_93
Modelo LSTM. Treino: 2012 a 2022. Validação: 2023. Teste: 2024.
Dataset: V44. Log Transform: Não.
Obs: ajuste de seed

Hyperparams:
input_size: 10, h: 1, lr: 0.0004457650731577964, batch: 32, encoder n layers: 2, decoder layers: 2",2026-01-18T19:48:43
2023_cluster_4,Grao_Mogol,2023-12-31T00:00:00,1.155555555555555,1.6228981,40.44,validacao,V44,LSTM,"/media/marcos/Marcos/Codigos/Predicao_Cafe_Arabica/Teste_2_reuniao_16_dez_ajuste_seed_16_01_2026/temp_models/trial_93
Modelo LSTM. Treino: 2012 a 2022. Validação: 2023. Teste: 2024.
Dataset: V44. Log Transform: Não.
Obs: ajuste de seed

Hyperparams:
input_size: 10, h: 1, lr: 0.0004457650731577964, batch: 32, encoder n layers: 2, decoder layers: 2",2026-01-18T19:48:43
2023_cluster_4,Indaiabira,2023-12-31T00:00:00,1.932075471698113,2.4086614,24.67,validacao,V44,LSTM,"/media/marcos/Marcos/Codigos/Predicao_Cafe_Arabica/Teste_2_reuniao_16_dez_ajuste_seed_16_01_2026/temp_models/trial_93
Modelo LSTM. Treino: 2012 a 2022. Validação: 2023. Teste: 2024.
Dataset: V44. Log Transform: Não.
Obs: ajuste de seed

Hyperparams:
input_size: 10, h: 1, lr: 0.0004457650731577964, batch: 32, encoder n layers: 2, decoder layers: 2",2026-01-18T19:48:43
2023_cluster_4,Itabirinha,2023-12-31T00:00:00,1.027027027027027,0.95600533,6.92,validacao,V44,LSTM,"/media/marcos/Marcos/Codigos/Predicao_Cafe_Arabica/Teste_2_reuniao_16_dez_ajuste_seed_16_01_2026/temp_models/trial_93
Modelo LSTM. Treino: 2012 a 2022. Validação: 2023. Teste: 2024.
Dataset: V44. Log Transform: Não.
Obs: ajuste de seed

Hyperparams:
input_size: 10, h: 1, lr: 0.0004457650731577964, batch: 32, encoder n layers: 2, decoder layers: 2",2026-01-18T19:48:43
2023_cluster_4,Itacambira,2023-12-31T00:00:00,0.75,2.4167733,222.24,validacao,V44,LSTM,"/media/marcos/Marcos/Codigos/Predicao_Cafe_Arabica/Teste_2_reuniao_16_dez_ajuste_seed_16_01_2026/temp_models/trial_93
Modelo LSTM. Treino: 2012 a 2022. Validação: 2023. Teste: 2024.
Dataset: V44. Log Transform: Não.
Obs: ajuste de seed

Hyperparams:
input_size: 10, h: 1, lr: 0.0004457650731577964, batch: 32, encoder n layers: 2, decoder layers: 2",2026-01-18T19:48:43
2023_cluster_4,Itaipe,2023-12-31T00:00:00,0.9598214285714286,0.9256018,3.57,validacao,V44,LSTM,"/media/marcos/Marcos/Codigos/Predicao_Cafe_Arabica/Teste_2_reuniao_16_dez_ajuste_seed_16_01_2026/temp_models/trial_93
Modelo LSTM. Treino: 2012 a 2022. Validação: 2023. Teste: 2024.
Dataset: V44. Log Transform: Não.
Obs: ajuste de seed

Hyperparams:
input_size: 10, h: 1, lr: 0.0004457650731577964, batch: 32, encoder n layers: 2, decoder layers: 2",2026-01-18T19:48:43
2023_cluster_4,Itamarandiba,2023-12-31T00:00:00,2.4,1.812144,24.49,validacao,V44,LSTM,"/media/marcos/Marcos/Codigos/Predicao_Cafe_Arabica/Teste_2_reuniao_16_dez_ajuste_seed_16_01_2026/temp_models/trial_93
Modelo LSTM. Treino: 2012 a 2022. Validação: 2023. Teste: 2024.
Dataset: V44. Log Transform: Não.
Obs: ajuste de seed

Hyperparams:
input_size: 10, h: 1, lr: 0.0004457650731577964, batch: 32, encoder n layers: 2, decoder layers: 2",2026-01-18T19:48:43
2023_cluster_4,Itambacuri,2023-12-31T00:00:00,0.8987341772151899,1.0263374,14.2,validacao,V44,LSTM,"/media/marcos/Marcos/Codigos/Predicao_Cafe_Arabica/Teste_2_reuniao_16_dez_ajuste_seed_16_01_2026/temp_models/trial_93
Modelo LSTM. Treino: 2012 a 2022. Validação: 2023. Teste: 2024.
Dataset: V44. Log Transform: Não.
Obs: ajuste de seed

Hyperparams:
input_size: 10, h: 1, lr: 0.0004457650731577964, batch: 32, encoder n layers: 2, decoder layers: 2",2026-01-18T19:48:43
2023_cluster_4,Jequitinhonha,2023-12-31T00:00:00,2.7,2.0983694,22.28,validacao,V44,LSTM,"/media/marcos/Marcos/Codigos/Predicao_Cafe_Arabica/Teste_2_reuniao_16_dez_ajuste_seed_16_01_2026/temp_models/trial_93
Modelo LSTM. Treino: 2012 a 2022. Validação: 2023. Teste: 2024.
Dataset: V44. Log Transform: Não.
Obs: ajuste de seed

Hyperparams:
input_size: 10, h: 1, lr: 0.0004457650731577964, batch: 32, encoder n layers: 2, decoder layers: 2",2026-01-18T19:48:43
2023_cluster_4,Joao_Pinheiro,2023-12-31T00:00:00,3.3,2.856831,13.43,validacao,V44,LSTM,"/media/marcos/Marcos/Codigos/Predicao_Cafe_Arabica/Teste_2_reuniao_16_dez_ajuste_seed_16_01_2026/temp_models/trial_93
Modelo LSTM. Treino: 2012 a 2022. Validação: 2023. Teste: 2024.
Dataset: V44. Log Transform: Não.
Obs: ajuste de seed

Hyperparams:
input_size: 10, h: 1, lr: 0.0004457650731577964, batch: 32, encoder n layers: 2, decoder layers: 2",2026-01-18T19:48:43
2023_cluster_4,Jose_Goncalves_de_Minas,2023-12-31T00:00:00,1.321052631578947,1.3708917,3.77,validacao,V44,LSTM,"/media/marcos/Marcos/Codigos/Predicao_Cafe_Arabica/Teste_2_reuniao_16_dez_ajuste_seed_16_01_2026/temp_models/trial_93
Modelo LSTM. Treino: 2012 a 2022. Validação: 2023. Teste: 2024.
Dataset: V44. Log Transform: Não.
Obs: ajuste de seed

Hyperparams:
input_size: 10, h: 1, lr: 0.0004457650731577964, batch: 32, encoder n layers: 2, decoder layers: 2",2026-01-18T19:48:43
2023_cluster_4,Juiz_de_Fora,2023-12-31T00:00:00,0.7142857142857143,3.0282412,323.95,validacao,V44,LSTM,"/media/marcos/Marcos/Codigos/Predicao_Cafe_Arabica/Teste_2_reuniao_16_dez_ajuste_seed_16_01_2026/temp_models/trial_93
Modelo LSTM. Treino: 2012 a 2022. Validação: 2023. Teste: 2024.
Dataset: V44. Log Transform: Não.
Obs: ajuste de seed

Hyperparams:
input_size: 10, h: 1, lr: 0.0004457650731577964, batch: 32, encoder n layers: 2, decoder layers: 2",2026-01-18T19:48:43
2023_cluster_4,Ladainha,2023-12-31T00:00:00,1.081818181818182,0.95058644,12.13,validacao,V44,LSTM,"/media/marcos/Marcos/Codigos/Predicao_Cafe_Arabica/Teste_2_reuniao_16_dez_ajuste_seed_16_01_2026/temp_models/trial_93
Modelo LSTM. Treino: 2012 a 2022. Validação: 2023. Teste: 2024.
Dataset: V44. Log Transform: Não.
Obs: ajuste de seed

Hyperparams:
input_size: 10, h: 1, lr: 0.0004457650731577964, batch: 32, encoder n layers: 2, decoder layers: 2",2026-01-18T19:48:43
2023_cluster_4,Malacacheta,2023-12-31T00:00:00,1.619230769230769,1.6786118,3.67,validacao,V44,LSTM,"/media/marcos/Marcos/Codigos/Predicao_Cafe_Arabica/Teste_2_reuniao_16_dez_ajuste_seed_16_01_2026/temp_models/trial_93
Modelo LSTM. Treino: 2012 a 2022. Validação: 2023. Teste: 2024.
Dataset: V44. Log Transform: Não.
Obs: ajuste de seed

Hyperparams:
input_size: 10, h: 1, lr: 0.0004457650731577964, batch: 32, encoder n layers: 2, decoder layers: 2",2026-01-18T19:48:43
2023_cluster_4,Mantena,2023-12-31T00:00:00,1.2,0.7155807,40.37,validacao,V44,LSTM,"/media/marcos/Marcos/Codigos/Predicao_Cafe_Arabica/Teste_2_reuniao_16_dez_ajuste_seed_16_01_2026/temp_models/trial_93
Modelo LSTM. Treino: 2012 a 2022. Validação: 2023. Teste: 2024.
Dataset: V44. Log Transform: Não.
Obs: ajuste de seed

Hyperparams:
input_size: 10, h: 1, lr: 0.0004457650731577964, batch: 32, encoder n layers: 2, decoder layers: 2",2026-01-18T19:48:43
2023_cluster_4,Minas_Novas,2023-12-31T00:00:00,1.26,1.7752252,40.89,validacao,V44,LSTM,"/media/marcos/Marcos/Codigos/Predicao_Cafe_Arabica/Teste_2_reuniao_16_dez_ajuste_seed_16_01_2026/temp_models/trial_93
Modelo LSTM. Treino: 2012 a 2022. Validação: 2023. Teste: 2024.
Dataset: V44. Log Transform: Não.
Obs: ajuste de seed

Hyperparams:
input_size: 10, h: 1, lr: 0.0004457650731577964, batch: 32, encoder n layers: 2, decoder layers: 2",2026-01-18T19:48:43
2023_cluster_4,Monte_Formoso,2023-12-31T00:00:00,0.6,0.7818548,30.31,validacao,V44,LSTM,"/media/marcos/Marcos/Codigos/Predicao_Cafe_Arabica/Teste_2_reuniao_16_dez_ajuste_seed_16_01_2026/temp_models/trial_93
Modelo LSTM. Treino: 2012 a 2022. Validação: 2023. Teste: 2024.
Dataset: V44. Log Transform: Não.
Obs: ajuste de seed

Hyperparams:
input_size: 10, h: 1, lr: 0.0004457650731577964, batch: 32, encoder n layers: 2, decoder layers: 2",2026-01-18T19:48:43
2023_cluster_4,Ninheira,2023-12-31T00:00:00,3.0,2.9615622,1.28,validacao,V44,LSTM,"/media/marcos/Marcos/Codigos/Predicao_Cafe_Arabica/Teste_2_reuniao_16_dez_ajuste_seed_16_01_2026/temp_models/trial_93
Modelo LSTM. Treino: 2012 a 2022. Validação: 2023. Teste: 2024.
Dataset: V44. Log Transform: Não.
Obs: ajuste de seed

Hyperparams:
input_size: 10, h: 1, lr: 0.0004457650731577964, batch: 32, encoder n layers: 2, decoder layers: 2",2026-01-18T19:48:43
2023_cluster_4,Nova_Belem,2023-12-31T00:00:00,0.96,0.9785394,1.93,validacao,V44,LSTM,"/media/marcos/Marcos/Codigos/Predicao_Cafe_Arabica/Teste_2_reuniao_16_dez_ajuste_seed_16_01_2026/temp_models/trial_93
Modelo LSTM. Treino: 2012 a 2022. Validação: 2023. Teste: 2024.
Dataset: V44. Log Transform: Não.
Obs: ajuste de seed

Hyperparams:
input_size: 10, h: 1, lr: 0.0004457650731577964, batch: 32, encoder n layers: 2, decoder layers: 2",2026-01-18T19:48:43
2023_cluster_4,Novo_Cruzeiro,2023-12-31T00:00:00,1.209891435464415,1.1688476,3.39,validacao,V44,LSTM,"/media/marcos/Marcos/Codigos/Predicao_Cafe_Arabica/Teste_2_reuniao_16_dez_ajuste_seed_16_01_2026/temp_models/trial_93
Modelo LSTM. Treino: 2012 a 2022. Validação: 2023. Teste: 2024.
Dataset: V44. Log Transform: Não.
Obs: ajuste de seed

Hyperparams:
input_size: 10, h: 1, lr: 0.0004457650731577964, batch: 32, encoder n layers: 2, decoder layers: 2",2026-01-18T19:48:43
2023_cluster_4,Novorizonte,2023-12-31T00:00:00,1.333333333333333,1.6649935,24.87,validacao,V44,LSTM,"/media/marcos/Marcos/Codigos/Predicao_Cafe_Arabica/Teste_2_reuniao_16_dez_ajuste_seed_16_01_2026/temp_models/trial_93
Modelo LSTM. Treino: 2012 a 2022. Validação: 2023. Teste: 2024.
Dataset: V44. Log Transform: Não.
Obs: ajuste de seed

Hyperparams:
input_size: 10, h: 1, lr: 0.0004457650731577964, batch: 32, encoder n layers: 2, decoder layers: 2",2026-01-18T19:48:43
2023_cluster_4,Ouro_Verde_de_Minas,2023-12-31T00:00:00,2.5,1.6725078,33.1,validacao,V44,LSTM,"/media/marcos/Marcos/Codigos/Predicao_Cafe_Arabica/Teste_2_reuniao_16_dez_ajuste_seed_16_01_2026/temp_models/trial_93
Modelo LSTM. Treino: 2012 a 2022. Validação: 2023. Teste: 2024.
Dataset: V44. Log Transform: Não.
Obs: ajuste de seed

Hyperparams:
input_size: 10, h: 1, lr: 0.0004457650731577964, batch: 32, encoder n layers: 2, decoder layers: 2",2026-01-18T19:48:43
2023_cluster_4,Padre_Paraiso,2023-12-31T00:00:00,0.7212121212121212,0.7118284,1.3,validacao,V44,LSTM,"/media/marcos/Marcos/Codigos/Predicao_Cafe_Arabica/Teste_2_reuniao_16_dez_ajuste_seed_16_01_2026/temp_models/trial_93
Modelo LSTM. Treino: 2012 a 2022. Validação: 2023. Teste: 2024.
Dataset: V44. Log Transform: Não.
Obs: ajuste de seed

Hyperparams:
input_size: 10, h: 1, lr: 0.0004457650731577964, batch: 32, encoder n layers: 2, decoder layers: 2",2026-01-18T19:48:43
2023_cluster_4,Paracatu,2023-12-31T00:00:00,2.4,2.6013665,8.39,validacao,V44,LSTM,"/media/marcos/Marcos/Codigos/Predicao_Cafe_Arabica/Teste_2_reuniao_16_dez_ajuste_seed_16_01_2026/temp_models/trial_93
Modelo LSTM. Treino: 2012 a 2022. Validação: 2023. Teste: 2024.
Dataset: V44. Log Transform: Não.
Obs: ajuste de seed

Hyperparams:
input_size: 10, h: 1, lr: 0.0004457650731577964, batch: 32, encoder n layers: 2, decoder layers: 2",2026-01-18T19:48:43
2023_cluster_4,Pedra_Azul,2023-12-31T00:00:00,1.166666666666667,1.6002918,37.17,validacao,V44,LSTM,"/media/marcos/Marcos/Codigos/Predicao_Cafe_Arabica/Teste_2_reuniao_16_dez_ajuste_seed_16_01_2026/temp_models/trial_93
Modelo LSTM. Treino: 2012 a 2022. Validação: 2023. Teste: 2024.
Dataset: V44. Log Transform: Não.
Obs: ajuste de seed

Hyperparams:
input_size: 10, h: 1, lr: 0.0004457650731577964, batch: 32, encoder n layers: 2, decoder layers: 2",2026-01-18T19:48:43
2023_cluster_4,Pirapora,2023-12-31T00:00:00,3.6,3.4841123,3.22,validacao,V44,LSTM,"/media/marcos/Marcos/Codigos/Predicao_Cafe_Arabica/Teste_2_reuniao_16_dez_ajuste_seed_16_01_2026/temp_models/trial_93
Modelo LSTM. Treino: 2012 a 2022. Validação: 2023. Teste: 2024.
Dataset: V44. Log Transform: Não.
Obs: ajuste de seed

Hyperparams:
input_size: 10, h: 1, lr: 0.0004457650731577964, batch: 32, encoder n layers: 2, decoder layers: 2",2026-01-18T19:48:43
2023_cluster_4,Pote,2023-12-31T00:00:00,1.125,0.88775504,21.09,validacao,V44,LSTM,"/media/marcos/Marcos/Codigos/Predicao_Cafe_Arabica/Teste_2_reuniao_16_dez_ajuste_seed_16_01_2026/temp_models/trial_93
Modelo LSTM. Treino: 2012 a 2022. Validação: 2023. Teste: 2024.
Dataset: V44. Log Transform: Não.
Obs: ajuste de seed

Hyperparams:
input_size: 10, h: 1, lr: 0.0004457650731577964, batch: 32, encoder n layers: 2, decoder layers: 2",2026-01-18T19:48:43
2023_cluster_4,Rio_Pardo_de_Minas,2023-12-31T00:00:00,2.568224299065421,2.6747375,4.15,validacao,V44,LSTM,"/media/marcos/Marcos/Codigos/Predicao_Cafe_Arabica/Teste_2_reuniao_16_dez_ajuste_seed_16_01_2026/temp_models/trial_93
Modelo LSTM. Treino: 2012 a 2022. Validação: 2023. Teste: 2024.
Dataset: V44. Log Transform: Não.
Obs: ajuste de seed

Hyperparams:
input_size: 10, h: 1, lr: 0.0004457650731577964, batch: 32, encoder n layers: 2, decoder layers: 2",2026-01-18T19:48:43
2023_cluster_4,Santa_Barbara_do_Monte_Verde,2023-12-31T00:00:00,1.4,1.6268784,16.21,validacao,V44,LSTM,"/media/marcos/Marcos/Codigos/Predicao_Cafe_Arabica/Teste_2_reuniao_16_dez_ajuste_seed_16_01_2026/temp_models/trial_93
Modelo LSTM. Treino: 2012 a 2022. Validação: 2023. Teste: 2024.
Dataset: V44. Log Transform: Não.
Obs: ajuste de seed

Hyperparams:
input_size: 10, h: 1, lr: 0.0004457650731577964, batch: 32, encoder n layers: 2, decoder layers: 2",2026-01-18T19:48:43
2023_cluster_4,Santa_Maria_do_Suacui,2023-12-31T00:00:00,0.6666666666666666,1.0608847,59.13,validacao,V44,LSTM,"/media/marcos/Marcos/Codigos/Predicao_Cafe_Arabica/Teste_2_reuniao_16_dez_ajuste_seed_16_01_2026/temp_models/trial_93
Modelo LSTM. Treino: 2012 a 2022. Validação: 2023. Teste: 2024.
Dataset: V44. Log Transform: Não.
Obs: ajuste de seed

Hyperparams:
input_size: 10, h: 1, lr: 0.0004457650731577964, batch: 32, encoder n layers: 2, decoder layers: 2",2026-01-18T19:48:43
2023_cluster_4,Santo_Antonio_do_Retiro,2023-12-31T00:00:00,1.02,1.3403211,31.4,validacao,V44,LSTM,"/media/marcos/Marcos/Codigos/Predicao_Cafe_Arabica/Teste_2_reuniao_16_dez_ajuste_seed_16_01_2026/temp_models/trial_93
Modelo LSTM. Treino: 2012 a 2022. Validação: 2023. Teste: 2024.
Dataset: V44. Log Transform: Não.
Obs: ajuste de seed

Hyperparams:
input_size: 10, h: 1, lr: 0.0004457650731577964, batch: 32, encoder n layers: 2, decoder layers: 2",2026-01-18T19:48:43
2023_cluster_4,Sao_Goncalo_do_Rio_Preto,2023-12-31T00:00:00,2.868421052631579,2.1909184,23.62,validacao,V44,LSTM,"/media/marcos/Marcos/Codigos/Predicao_Cafe_Arabica/Teste_2_reuniao_16_dez_ajuste_seed_16_01_2026/temp_models/trial_93
Modelo LSTM. Treino: 2012 a 2022. Validação: 2023. Teste: 2024.
Dataset: V44. Log Transform: Não.
Obs: ajuste de seed

Hyperparams:
input_size: 10, h: 1, lr: 0.0004457650731577964, batch: 32, encoder n layers: 2, decoder layers: 2",2026-01-18T19:48:43
2023_cluster_4,Sao_Joao_do_Manteninha,2023-12-31T00:00:00,1.2,0.93660396,21.95,validacao,V44,LSTM,"/media/marcos/Marcos/Codigos/Predicao_Cafe_Arabica/Teste_2_reuniao_16_dez_ajuste_seed_16_01_2026/temp_models/trial_93
Modelo LSTM. Treino: 2012 a 2022. Validação: 2023. Teste: 2024.
Dataset: V44. Log Transform: Não.
Obs: ajuste de seed

Hyperparams:
input_size: 10, h: 1, lr: 0.0004457650731577964, batch: 32, encoder n layers: 2, decoder layers: 2",2026-01-18T19:48:43
2023_cluster_4,Sao_Joao_do_Paraiso,2023-12-31T00:00:00,3.601190476190476,2.9855769,17.09,validacao,V44,LSTM,"/media/marcos/Marcos/Codigos/Predicao_Cafe_Arabica/Teste_2_reuniao_16_dez_ajuste_seed_16_01_2026/temp_models/trial_93
Modelo LSTM. Treino: 2012 a 2022. Validação: 2023. Teste: 2024.
Dataset: V44. Log Transform: Não.
Obs: ajuste de seed

Hyperparams:
input_size: 10, h: 1, lr: 0.0004457650731577964, batch: 32, encoder n layers: 2, decoder layers: 2",2026-01-18T19:48:43
2023_cluster_4,Sao_Sebastiao_do_Maranhao,2023-12-31T00:00:00,1.2,1.1836293,1.36,validacao,V44,LSTM,"/media/marcos/Marcos/Codigos/Predicao_Cafe_Arabica/Teste_2_reuniao_16_dez_ajuste_seed_16_01_2026/temp_models/trial_93
Modelo LSTM. Treino: 2012 a 2022. Validação: 2023. Teste: 2024.
Dataset: V44. Log Transform: Não.
Obs: ajuste de seed

Hyperparams:
input_size: 10, h: 1, lr: 0.0004457650731577964, batch: 32, encoder n layers: 2, decoder layers: 2",2026-01-18T19:48:43
2023_cluster_4,Senador_Modestino_Goncalves,2023-12-31T00:00:00,2.7,2.132134,21.03,validacao,V44,LSTM,"/media/marcos/Marcos/Codigos/Predicao_Cafe_Arabica/Teste_2_reuniao_16_dez_ajuste_seed_16_01_2026/temp_models/trial_93
Modelo LSTM. Treino: 2012 a 2022. Validação: 2023. Teste: 2024.
Dataset: V44. Log Transform: Não.
Obs: ajuste de seed

Hyperparams:
input_size: 10, h: 1, lr: 0.0004457650731577964, batch: 32, encoder n layers: 2, decoder layers: 2",2026-01-18T19:48:43
2023_cluster_4,Setubinha,2023-12-31T00:00:00,1.2,1.2777982,6.48,validacao,V44,LSTM,"/media/marcos/Marcos/Codigos/Predicao_Cafe_Arabica/Teste_2_reuniao_16_dez_ajuste_seed_16_01_2026/temp_models/trial_93
Modelo LSTM. Treino: 2012 a 2022. Validação: 2023. Teste: 2024.
Dataset: V44. Log Transform: Não.
Obs: ajuste de seed

Hyperparams:
input_size: 10, h: 1, lr: 0.0004457650731577964, batch: 32, encoder n layers: 2, decoder layers: 2",2026-01-18T19:48:43
2023_cluster_4,Taiobeiras,2023-12-31T00:00:00,3.0,3.2870007,9.57,validacao,V44,LSTM,"/media/marcos/Marcos/Codigos/Predicao_Cafe_Arabica/Teste_2_reuniao_16_dez_ajuste_seed_16_01_2026/temp_models/trial_93
Modelo LSTM. Treino: 2012 a 2022. Validação: 2023. Teste: 2024.
Dataset: V44. Log Transform: Não.
Obs: ajuste de seed

Hyperparams:
input_size: 10, h: 1, lr: 0.0004457650731577964, batch: 32, encoder n layers: 2, decoder layers: 2",2026-01-18T19:48:43
2023_cluster_4,Teofilo_Otoni,2023-12-31T00:00:00,1.2,0.8719881,27.33,validacao,V44,LSTM,"/media/marcos/Marcos/Codigos/Predicao_Cafe_Arabica/Teste_2_reuniao_16_dez_ajuste_seed_16_01_2026/temp_models/trial_93
Modelo LSTM. Treino: 2012 a 2022. Validação: 2023. Teste: 2024.
Dataset: V44. Log Transform: Não.
Obs: ajuste de seed

Hyperparams:
input_size: 10, h: 1, lr: 0.0004457650731577964, batch: 32, encoder n layers: 2, decoder layers: 2",2026-01-18T19:48:43
2023_cluster_4,Turmalina,2023-12-31T00:00:00,1.360606060606061,1.6315963,19.92,validacao,V44,LSTM,"/media/marcos/Marcos/Codigos/Predicao_Cafe_Arabica/Teste_2_reuniao_16_dez_ajuste_seed_16_01_2026/temp_models/trial_93
Modelo LSTM. Treino: 2012 a 2022. Validação: 2023. Teste: 2024.
Dataset: V44. Log Transform: Não.
Obs: ajuste de seed

Hyperparams:
input_size: 10, h: 1, lr: 0.0004457650731577964, batch: 32, encoder n layers: 2, decoder layers: 2",2026-01-18T19:48:43
2023_cluster_4,Urucuia,2023-12-31T00:00:00,2.099457504520795,2.0188704,3.84,validacao,V44,LSTM,"/media/marcos/Marcos/Codigos/Predicao_Cafe_Arabica/Teste_2_reuniao_16_dez_ajuste_seed_16_01_2026/temp_models/trial_93
Modelo LSTM. Treino: 2012 a 2022. Validação: 2023. Teste: 2024.
Dataset: V44. Log Transform: Não.
Obs: ajuste de seed

Hyperparams:
input_size: 10, h: 1, lr: 0.0004457650731577964, batch: 32, encoder n layers: 2, decoder layers: 2",2026-01-18T19:48:43
2023_cluster_4,Vargem_Grande_do_Rio_Pardo,2023-12-31T00:00:00,2.1,1.6090568,23.38,validacao,V44,LSTM,"/media/marcos/Marcos/Codigos/Predicao_Cafe_Arabica/Teste_2_reuniao_16_dez_ajuste_seed_16_01_2026/temp_models/trial_93
Modelo LSTM. Treino: 2012 a 2022. Validação: 2023. Teste: 2024.
Dataset: V44. Log Transform: Não.
Obs: ajuste de seed

Hyperparams:
input_size: 10, h: 1, lr: 0.0004457650731577964, batch: 32, encoder n layers: 2, decoder layers: 2",2026-01-18T19:48:43
2023_cluster_4,Varzea_da_Palma,2023-12-31T00:00:00,3.3,2.891115,12.39,validacao,V44,LSTM,"/media/marcos/Marcos/Codigos/Predicao_Cafe_Arabica/Teste_2_reuniao_16_dez_ajuste_seed_16_01_2026/temp_models/trial_93
Modelo LSTM. Treino: 2012 a 2022. Validação: 2023. Teste: 2024.
Dataset: V44. Log Transform: Não.
Obs: ajuste de seed

Hyperparams:
input_size: 10, h: 1, lr: 0.0004457650731577964, batch: 32, encoder n layers: 2, decoder layers: 2",2026-01-18T19:48:43
2023_cluster_4,Abadia_dos_Dourados,2024-12-31T00:00:00,2.611607142857143,1.9373778,25.82,teste,V44,LSTM,"/media/marcos/Marcos/Codigos/Predicao_Cafe_Arabica/Teste_2_reuniao_16_dez_ajuste_seed_16_01_2026/temp_models/trial_93
Modelo LSTM. Treino: 2012 a 2022. Validação: 2023. Teste: 2024.
Dataset: V44. Log Transform: Não.
Obs: ajuste de seed

Hyperparams:
input_size: 10, h: 1, lr: 0.0004457650731577964, batch: 32, encoder n layers: 2, decoder layers: 2",2026-01-18T19:48:43
2023_cluster_4,Acucena,2024-12-31T00:00:00,1.666666666666667,1.1837789,28.97,teste,V44,LSTM,"/media/marcos/Marcos/Codigos/Predicao_Cafe_Arabica/Teste_2_reuniao_16_dez_ajuste_seed_16_01_2026/temp_models/trial_93
Modelo LSTM. Treino: 2012 a 2022. Validação: 2023. Teste: 2024.
Dataset: V44. Log Transform: Não.
Obs: ajuste de seed

Hyperparams:
input_size: 10, h: 1, lr: 0.0004457650731577964, batch: 32, encoder n layers: 2, decoder layers: 2",2026-01-18T19:48:43
2023_cluster_4,Agua_Boa,2024-12-31T00:00:00,1.706493506493507,1.0346444,39.37,teste,V44,LSTM,"/media/marcos/Marcos/Codigos/Predicao_Cafe_Arabica/Teste_2_reuniao_16_dez_ajuste_seed_16_01_2026/temp_models/trial_93
Modelo LSTM. Treino: 2012 a 2022. Validação: 2023. Teste: 2024.
Dataset: V44. Log Transform: Não.
Obs: ajuste de seed

Hyperparams:
input_size: 10, h: 1, lr: 0.0004457650731577964, batch: 32, encoder n layers: 2, decoder layers: 2",2026-01-18T19:48:43
2023_cluster_4,Aguas_Vermelhas,2024-12-31T00:00:00,3.0,2.405222,19.83,teste,V44,LSTM,"/media/marcos/Marcos/Codigos/Predicao_Cafe_Arabica/Teste_2_reuniao_16_dez_ajuste_seed_16_01_2026/temp_models/trial_93
Modelo LSTM. Treino: 2012 a 2022. Validação: 2023. Teste: 2024.
Dataset: V44. Log Transform: Não.
Obs: ajuste de seed

Hyperparams:
input_size: 10, h: 1, lr: 0.0004457650731577964, batch: 32, encoder n layers: 2, decoder layers: 2",2026-01-18T19:48:43
2023_cluster_4,Angelandia,2024-12-31T00:00:00,1.870967741935484,1.5005902,19.8,teste,V44,LSTM,"/media/marcos/Marcos/Codigos/Predicao_Cafe_Arabica/Teste_2_reuniao_16_dez_ajuste_seed_16_01_2026/temp_models/trial_93
Modelo LSTM. Treino: 2012 a 2022. Validação: 2023. Teste: 2024.
Dataset: V44. Log Transform: Não.
Obs: ajuste de seed

Hyperparams:
input_size: 10, h: 1, lr: 0.0004457650731577964, batch: 32, encoder n layers: 2, decoder layers: 2",2026-01-18T19:48:43
2023_cluster_4,Aricanduva,2024-12-31T00:00:00,1.320245398773006,1.046927,20.7,teste,V44,LSTM,"/media/marcos/Marcos/Codigos/Predicao_Cafe_Arabica/Teste_2_reuniao_16_dez_ajuste_seed_16_01_2026/temp_models/trial_93
Modelo LSTM. Treino: 2012 a 2022. Validação: 2023. Teste: 2024.
Dataset: V44. Log Transform: Não.
Obs: ajuste de seed

Hyperparams:
input_size: 10, h: 1, lr: 0.0004457650731577964, batch: 32, encoder n layers: 2, decoder layers: 2",2026-01-18T19:48:43
2023_cluster_4,Ataleia,2024-12-31T00:00:00,0.7529411764705882,0.7582181,0.7,teste,V44,LSTM,"/media/marcos/Marcos/Codigos/Predicao_Cafe_Arabica/Teste_2_reuniao_16_dez_ajuste_seed_16_01_2026/temp_models/trial_93
Modelo LSTM. Treino: 2012 a 2022. Validação: 2023. Teste: 2024.
Dataset: V44. Log Transform: Não.
Obs: ajuste de seed

Hyperparams:
input_size: 10, h: 1, lr: 0.0004457650731577964, batch: 32, encoder n layers: 2, decoder layers: 2",2026-01-18T19:48:43
2023_cluster_4,Bandeira,2024-12-31T00:00:00,1.15,1.0036443,12.73,teste,V44,LSTM,"/media/marcos/Marcos/Codigos/Predicao_Cafe_Arabica/Teste_2_reuniao_16_dez_ajuste_seed_16_01_2026/temp_models/trial_93
Modelo LSTM. Treino: 2012 a 2022. Validação: 2023. Teste: 2024.
Dataset: V44. Log Transform: Não.
Obs: ajuste de seed

Hyperparams:
input_size: 10, h: 1, lr: 0.0004457650731577964, batch: 32, encoder n layers: 2, decoder layers: 2",2026-01-18T19:48:43
2023_cluster_4,Berilo,2024-12-31T00:00:00,1.681818181818182,1.2088113,28.12,teste,V44,LSTM,"/media/marcos/Marcos/Codigos/Predicao_Cafe_Arabica/Teste_2_reuniao_16_dez_ajuste_seed_16_01_2026/temp_models/trial_93
Modelo LSTM. Treino: 2012 a 2022. Validação: 2023. Teste: 2024.
Dataset: V44. Log Transform: Não.
Obs: ajuste de seed

Hyperparams:
input_size: 10, h: 1, lr: 0.0004457650731577964, batch: 32, encoder n layers: 2, decoder layers: 2",2026-01-18T19:48:43
2023_cluster_4,Berizal,2024-12-31T00:00:00,3.551612903225807,2.1541398,39.35,teste,V44,LSTM,"/media/marcos/Marcos/Codigos/Predicao_Cafe_Arabica/Teste_2_reuniao_16_dez_ajuste_seed_16_01_2026/temp_models/trial_93
Modelo LSTM. Treino: 2012 a 2022. Validação: 2023. Teste: 2024.
Dataset: V44. Log Transform: Não.
Obs: ajuste de seed

Hyperparams:
input_size: 10, h: 1, lr: 0.0004457650731577964, batch: 32, encoder n layers: 2, decoder layers: 2",2026-01-18T19:48:43
2023_cluster_4,Bonfinopolis_de_Minas,2024-12-31T00:00:00,2.1,2.6642773,26.87,teste,V44,LSTM,"/media/marcos/Marcos/Codigos/Predicao_Cafe_Arabica/Teste_2_reuniao_16_dez_ajuste_seed_16_01_2026/temp_models/trial_93
Modelo LSTM. Treino: 2012 a 2022. Validação: 2023. Teste: 2024.
Dataset: V44. Log Transform: Não.
Obs: ajuste de seed

Hyperparams:
input_size: 10, h: 1, lr: 0.0004457650731577964, batch: 32, encoder n layers: 2, decoder layers: 2",2026-01-18T19:48:43
2023_cluster_4,Buritis,2024-12-31T00:00:00,2.69967707212056,2.4983344,7.46,teste,V44,LSTM,"/media/marcos/Marcos/Codigos/Predicao_Cafe_Arabica/Teste_2_reuniao_16_dez_ajuste_seed_16_01_2026/temp_models/trial_93
Modelo LSTM. Treino: 2012 a 2022. Validação: 2023. Teste: 2024.
Dataset: V44. Log Transform: Não.
Obs: ajuste de seed

Hyperparams:
input_size: 10, h: 1, lr: 0.0004457650731577964, batch: 32, encoder n layers: 2, decoder layers: 2",2026-01-18T19:48:43
2023_cluster_4,Buritizeiro,2024-12-31T00:00:00,2.7,2.824049,4.59,teste,V44,LSTM,"/media/marcos/Marcos/Codigos/Predicao_Cafe_Arabica/Teste_2_reuniao_16_dez_ajuste_seed_16_01_2026/temp_models/trial_93
Modelo LSTM. Treino: 2012 a 2022. Validação: 2023. Teste: 2024.
Dataset: V44. Log Transform: Não.
Obs: ajuste de seed

Hyperparams:
input_size: 10, h: 1, lr: 0.0004457650731577964, batch: 32, encoder n layers: 2, decoder layers: 2",2026-01-18T19:48:43
2023_cluster_4,Capelinha,2024-12-31T00:00:00,1.62007678089009,1.3450955,16.97,teste,V44,LSTM,"/media/marcos/Marcos/Codigos/Predicao_Cafe_Arabica/Teste_2_reuniao_16_dez_ajuste_seed_16_01_2026/temp_models/trial_93
Modelo LSTM. Treino: 2012 a 2022. Validação: 2023. Teste: 2024.
Dataset: V44. Log Transform: Não.
Obs: ajuste de seed

Hyperparams:
input_size: 10, h: 1, lr: 0.0004457650731577964, batch: 32, encoder n layers: 2, decoder layers: 2",2026-01-18T19:48:43
2023_cluster_4,Carai,2024-12-31T00:00:00,1.2,0.93652856,21.96,teste,V44,LSTM,"/media/marcos/Marcos/Codigos/Predicao_Cafe_Arabica/Teste_2_reuniao_16_dez_ajuste_seed_16_01_2026/temp_models/trial_93
Modelo LSTM. Treino: 2012 a 2022. Validação: 2023. Teste: 2024.
Dataset: V44. Log Transform: Não.
Obs: ajuste de seed

Hyperparams:
input_size: 10, h: 1, lr: 0.0004457650731577964, batch: 32, encoder n layers: 2, decoder layers: 2",2026-01-18T19:48:43
2023_cluster_4,Caranaiba,2024-12-31T00:00:00,1.5,1.8272238,21.81,teste,V44,LSTM,"/media/marcos/Marcos/Codigos/Predicao_Cafe_Arabica/Teste_2_reuniao_16_dez_ajuste_seed_16_01_2026/temp_models/trial_93
Modelo LSTM. Treino: 2012 a 2022. Validação: 2023. Teste: 2024.
Dataset: V44. Log Transform: Não.
Obs: ajuste de seed

Hyperparams:
input_size: 10, h: 1, lr: 0.0004457650731577964, batch: 32, encoder n layers: 2, decoder layers: 2",2026-01-18T19:48:43
2023_cluster_4,Catuji,2024-12-31T00:00:00,1.138461538461538,1.0875229,4.47,teste,V44,LSTM,"/media/marcos/Marcos/Codigos/Predicao_Cafe_Arabica/Teste_2_reuniao_16_dez_ajuste_seed_16_01_2026/temp_models/trial_93
Modelo LSTM. Treino: 2012 a 2022. Validação: 2023. Teste: 2024.
Dataset: V44. Log Transform: Não.
Obs: ajuste de seed

Hyperparams:
input_size: 10, h: 1, lr: 0.0004457650731577964, batch: 32, encoder n layers: 2, decoder layers: 2",2026-01-18T19:48:43
2023_cluster_4,Congonhas_do_Norte,2024-12-31T00:00:00,1.2,0.9923076,17.31,teste,V44,LSTM,"/media/marcos/Marcos/Codigos/Predicao_Cafe_Arabica/Teste_2_reuniao_16_dez_ajuste_seed_16_01_2026/temp_models/trial_93
Modelo LSTM. Treino: 2012 a 2022. Validação: 2023. Teste: 2024.
Dataset: V44. Log Transform: Não.
Obs: ajuste de seed

Hyperparams:
input_size: 10, h: 1, lr: 0.0004457650731577964, batch: 32, encoder n layers: 2, decoder layers: 2",2026-01-18T19:48:43
2023_cluster_4,Coroaci,2024-12-31T00:00:00,2.1,1.9340814,7.9,teste,V44,LSTM,"/media/marcos/Marcos/Codigos/Predicao_Cafe_Arabica/Teste_2_reuniao_16_dez_ajuste_seed_16_01_2026/temp_models/trial_93
Modelo LSTM. Treino: 2012 a 2022. Validação: 2023. Teste: 2024.
Dataset: V44. Log Transform: Não.
Obs: ajuste de seed

Hyperparams:
input_size: 10, h: 1, lr: 0.0004457650731577964, batch: 32, encoder n layers: 2, decoder layers: 2",2026-01-18T19:48:43
2023_cluster_4,Cuparaque,2024-12-31T00:00:00,1.020408163265306,1.0920126,7.02,teste,V44,LSTM,"/media/marcos/Marcos/Codigos/Predicao_Cafe_Arabica/Teste_2_reuniao_16_dez_ajuste_seed_16_01_2026/temp_models/trial_93
Modelo LSTM. Treino: 2012 a 2022. Validação: 2023. Teste: 2024.
Dataset: V44. Log Transform: Não.
Obs: ajuste de seed

Hyperparams:
input_size: 10, h: 1, lr: 0.0004457650731577964, batch: 32, encoder n layers: 2, decoder layers: 2",2026-01-18T19:48:43
2023_cluster_4,Diamantina,2024-12-31T00:00:00,2.967637540453075,2.090474,29.56,teste,V44,LSTM,"/media/marcos/Marcos/Codigos/Predicao_Cafe_Arabica/Teste_2_reuniao_16_dez_ajuste_seed_16_01_2026/temp_models/trial_93
Modelo LSTM. Treino: 2012 a 2022. Validação: 2023. Teste: 2024.
Dataset: V44. Log Transform: Não.
Obs: ajuste de seed

Hyperparams:
input_size: 10, h: 1, lr: 0.0004457650731577964, batch: 32, encoder n layers: 2, decoder layers: 2",2026-01-18T19:48:43
2023_cluster_4,Formoso,2024-12-31T00:00:00,3.6,2.9563105,17.88,teste,V44,LSTM,"/media/marcos/Marcos/Codigos/Predicao_Cafe_Arabica/Teste_2_reuniao_16_dez_ajuste_seed_16_01_2026/temp_models/trial_93
Modelo LSTM. Treino: 2012 a 2022. Validação: 2023. Teste: 2024.
Dataset: V44. Log Transform: Não.
Obs: ajuste de seed

Hyperparams:
input_size: 10, h: 1, lr: 0.0004457650731577964, batch: 32, encoder n layers: 2, decoder layers: 2",2026-01-18T19:48:43
2023_cluster_4,Franciscopolis,2024-12-31T00:00:00,0.9,1.225179,36.13,teste,V44,LSTM,"/media/marcos/Marcos/Codigos/Predicao_Cafe_Arabica/Teste_2_reuniao_16_dez_ajuste_seed_16_01_2026/temp_models/trial_93
Modelo LSTM. Treino: 2012 a 2022. Validação: 2023. Teste: 2024.
Dataset: V44. Log Transform: Não.
Obs: ajuste de seed

Hyperparams:
input_size: 10, h: 1, lr: 0.0004457650731577964, batch: 32, encoder n layers: 2, decoder layers: 2",2026-01-18T19:48:43
2023_cluster_4,Frei_Gaspar,2024-12-31T00:00:00,1.2,0.9399454,21.67,teste,V44,LSTM,"/media/marcos/Marcos/Codigos/Predicao_Cafe_Arabica/Teste_2_reuniao_16_dez_ajuste_seed_16_01_2026/temp_models/trial_93
Modelo LSTM. Treino: 2012 a 2022. Validação: 2023. Teste: 2024.
Dataset: V44. Log Transform: Não.
Obs: ajuste de seed

Hyperparams:
input_size: 10, h: 1, lr: 0.0004457650731577964, batch: 32, encoder n layers: 2, decoder layers: 2",2026-01-18T19:48:43
2023_cluster_4,Grao_Mogol,2024-12-31T00:00:00,2.033333333333333,1.1804416,41.95,teste,V44,LSTM,"/media/marcos/Marcos/Codigos/Predicao_Cafe_Arabica/Teste_2_reuniao_16_dez_ajuste_seed_16_01_2026/temp_models/trial_93
Modelo LSTM. Treino: 2012 a 2022. Validação: 2023. Teste: 2024.
Dataset: V44. Log Transform: Não.
Obs: ajuste de seed

Hyperparams:
input_size: 10, h: 1, lr: 0.0004457650731577964, batch: 32, encoder n layers: 2, decoder layers: 2",2026-01-18T19:48:43
2023_cluster_4,Indaiabira,2024-12-31T00:00:00,2.511111111111111,2.225149,11.39,teste,V44,LSTM,"/media/marcos/Marcos/Codigos/Predicao_Cafe_Arabica/Teste_2_reuniao_16_dez_ajuste_seed_16_01_2026/temp_models/trial_93
Modelo LSTM. Treino: 2012 a 2022. Validação: 2023. Teste: 2024.
Dataset: V44. Log Transform: Não.
Obs: ajuste de seed

Hyperparams:
input_size: 10, h: 1, lr: 0.0004457650731577964, batch: 32, encoder n layers: 2, decoder layers: 2",2026-01-18T19:48:43
2023_cluster_4,Itabirinha,2024-12-31T00:00:00,0.8918918918918919,0.9029589,1.24,teste,V44,LSTM,"/media/marcos/Marcos/Codigos/Predicao_Cafe_Arabica/Teste_2_reuniao_16_dez_ajuste_seed_16_01_2026/temp_models/trial_93
Modelo LSTM. Treino: 2012 a 2022. Validação: 2023. Teste: 2024.
Dataset: V44. Log Transform: Não.
Obs: ajuste de seed

Hyperparams:
input_size: 10, h: 1, lr: 0.0004457650731577964, batch: 32, encoder n layers: 2, decoder layers: 2",2026-01-18T19:48:43
2023_cluster_4,Itacambira,2024-12-31T00:00:00,0.5,1.3960755,179.22,teste,V44,LSTM,"/media/marcos/Marcos/Codigos/Predicao_Cafe_Arabica/Teste_2_reuniao_16_dez_ajuste_seed_16_01_2026/temp_models/trial_93
Modelo LSTM. Treino: 2012 a 2022. Validação: 2023. Teste: 2024.
Dataset: V44. Log Transform: Não.
Obs: ajuste de seed

Hyperparams:
input_size: 10, h: 1, lr: 0.0004457650731577964, batch: 32, encoder n layers: 2, decoder layers: 2",2026-01-18T19:48:43
2023_cluster_4,Itaipe,2024-12-31T00:00:00,0.9,0.8375735,6.94,teste,V44,LSTM,"/media/marcos/Marcos/Codigos/Predicao_Cafe_Arabica/Teste_2_reuniao_16_dez_ajuste_seed_16_01_2026/temp_models/trial_93
Modelo LSTM. Treino: 2012 a 2022. Validação: 2023. Teste: 2024.
Dataset: V44. Log Transform: Não.
Obs: ajuste de seed

Hyperparams:
input_size: 10, h: 1, lr: 0.0004457650731577964, batch: 32, encoder n layers: 2, decoder layers: 2",2026-01-18T19:48:43
2023_cluster_4,Itamarandiba,2024-12-31T00:00:00,2.135238095238095,1.6034803,24.9,teste,V44,LSTM,"/media/marcos/Marcos/Codigos/Predicao_Cafe_Arabica/Teste_2_reuniao_16_dez_ajuste_seed_16_01_2026/temp_models/trial_93
Modelo LSTM. Treino: 2012 a 2022. Validação: 2023. Teste: 2024.
Dataset: V44. Log Transform: Não.
Obs: ajuste de seed

Hyperparams:
input_size: 10, h: 1, lr: 0.0004457650731577964, batch: 32, encoder n layers: 2, decoder layers: 2",2026-01-18T19:48:43
2023_cluster_4,Itambacuri,2024-12-31T00:00:00,1.084388185654009,0.9635782,11.14,teste,V44,LSTM,"/media/marcos/Marcos/Codigos/Predicao_Cafe_Arabica/Teste_2_reuniao_16_dez_ajuste_seed_16_01_2026/temp_models/trial_93
Modelo LSTM. Treino: 2012 a 2022. Validação: 2023. Teste: 2024.
Dataset: V44. Log Transform: Não.
Obs: ajuste de seed

Hyperparams:
input_size: 10, h: 1, lr: 0.0004457650731577964, batch: 32, encoder n layers: 2, decoder layers: 2",2026-01-18T19:48:43
2023_cluster_4,Jequitinhonha,2024-12-31T00:00:00,2.4,1.770272,26.24,teste,V44,LSTM,"/media/marcos/Marcos/Codigos/Predicao_Cafe_Arabica/Teste_2_reuniao_16_dez_ajuste_seed_16_01_2026/temp_models/trial_93
Modelo LSTM. Treino: 2012 a 2022. Validação: 2023. Teste: 2024.
Dataset: V44. Log Transform: Não.
Obs: ajuste de seed

Hyperparams:
input_size: 10, h: 1, lr: 0.0004457650731577964, batch: 32, encoder n layers: 2, decoder layers: 2",2026-01-18T19:48:43
2023_cluster_4,Joao_Pinheiro,2024-12-31T00:00:00,3.0,2.6747434,10.84,teste,V44,LSTM,"/media/marcos/Marcos/Codigos/Predicao_Cafe_Arabica/Teste_2_reuniao_16_dez_ajuste_seed_16_01_2026/temp_models/trial_93
Modelo LSTM. Treino: 2012 a 2022. Validação: 2023. Teste: 2024.
Dataset: V44. Log Transform: Não.
Obs: ajuste de seed

Hyperparams:
input_size: 10, h: 1, lr: 0.0004457650731577964, batch: 32, encoder n layers: 2, decoder layers: 2",2026-01-18T19:48:43
2023_cluster_4,Jose_Goncalves_de_Minas,2024-12-31T00:00:00,1.5,1.0880576,27.46,teste,V44,LSTM,"/media/marcos/Marcos/Codigos/Predicao_Cafe_Arabica/Teste_2_reuniao_16_dez_ajuste_seed_16_01_2026/temp_models/trial_93
Modelo LSTM. Treino: 2012 a 2022. Validação: 2023. Teste: 2024.
Dataset: V44. Log Transform: Não.
Obs: ajuste de seed

Hyperparams:
input_size: 10, h: 1, lr: 0.0004457650731577964, batch: 32, encoder n layers: 2, decoder layers: 2",2026-01-18T19:48:43
2023_cluster_4,Juiz_de_Fora,2024-12-31T00:00:00,1.166666666666667,1.6738167,43.47,teste,V44,LSTM,"/media/marcos/Marcos/Codigos/Predicao_Cafe_Arabica/Teste_2_reuniao_16_dez_ajuste_seed_16_01_2026/temp_models/trial_93
Modelo LSTM. Treino: 2012 a 2022. Validação: 2023. Teste: 2024.
Dataset: V44. Log Transform: Não.
Obs: ajuste de seed

Hyperparams:
input_size: 10, h: 1, lr: 0.0004457650731577964, batch: 32, encoder n layers: 2, decoder layers: 2",2026-01-18T19:48:43
2023_cluster_4,Ladainha,2024-12-31T00:00:00,1.12,0.9205255,17.81,teste,V44,LSTM,"/media/marcos/Marcos/Codigos/Predicao_Cafe_Arabica/Teste_2_reuniao_16_dez_ajuste_seed_16_01_2026/temp_models/trial_93
Modelo LSTM. Treino: 2012 a 2022. Validação: 2023. Teste: 2024.
Dataset: V44. Log Transform: Não.
Obs: ajuste de seed

Hyperparams:
input_size: 10, h: 1, lr: 0.0004457650731577964, batch: 32, encoder n layers: 2, decoder layers: 2",2026-01-18T19:48:43
2023_cluster_4,Malacacheta,2024-12-31T00:00:00,1.5,1.5280842,1.87,teste,V44,LSTM,"/media/marcos/Marcos/Codigos/Predicao_Cafe_Arabica/Teste_2_reuniao_16_dez_ajuste_seed_16_01_2026/temp_models/trial_93
Modelo LSTM. Treino: 2012 a 2022. Validação: 2023. Teste: 2024.
Dataset: V44. Log Transform: Não.
Obs: ajuste de seed

Hyperparams:
input_size: 10, h: 1, lr: 0.0004457650731577964, batch: 32, encoder n layers: 2, decoder layers: 2",2026-01-18T19:48:43
2023_cluster_4,Mantena,2024-12-31T00:00:00,1.2,0.80055815,33.29,teste,V44,LSTM,"/media/marcos/Marcos/Codigos/Predicao_Cafe_Arabica/Teste_2_reuniao_16_dez_ajuste_seed_16_01_2026/temp_models/trial_93
Modelo LSTM. Treino: 2012 a 2022. Validação: 2023. Teste: 2024.
Dataset: V44. Log Transform: Não.
Obs: ajuste de seed

Hyperparams:
input_size: 10, h: 1, lr: 0.0004457650731577964, batch: 32, encoder n layers: 2, decoder layers: 2",2026-01-18T19:48:43
2023_cluster_4,Minas_Novas,2024-12-31T00:00:00,1.620454545454545,1.1932555,26.36,teste,V44,LSTM,"/media/marcos/Marcos/Codigos/Predicao_Cafe_Arabica/Teste_2_reuniao_16_dez_ajuste_seed_16_01_2026/temp_models/trial_93
Modelo LSTM. Treino: 2012 a 2022. Validação: 2023. Teste: 2024.
Dataset: V44. Log Transform: Não.
Obs: ajuste de seed

Hyperparams:
input_size: 10, h: 1, lr: 0.0004457650731577964, batch: 32, encoder n layers: 2, decoder layers: 2",2026-01-18T19:48:43
2023_cluster_4,Monte_Formoso,2024-12-31T00:00:00,0.68,0.6182003,9.09,teste,V44,LSTM,"/media/marcos/Marcos/Codigos/Predicao_Cafe_Arabica/Teste_2_reuniao_16_dez_ajuste_seed_16_01_2026/temp_models/trial_93
Modelo LSTM. Treino: 2012 a 2022. Validação: 2023. Teste: 2024.
Dataset: V44. Log Transform: Não.
Obs: ajuste de seed

Hyperparams:
input_size: 10, h: 1, lr: 0.0004457650731577964, batch: 32, encoder n layers: 2, decoder layers: 2",2026-01-18T19:48:43
2023_cluster_4,Ninheira,2024-12-31T00:00:00,2.819758276405675,2.8058374,0.49,teste,V44,LSTM,"/media/marcos/Marcos/Codigos/Predicao_Cafe_Arabica/Teste_2_reuniao_16_dez_ajuste_seed_16_01_2026/temp_models/trial_93
Modelo LSTM. Treino: 2012 a 2022. Validação: 2023. Teste: 2024.
Dataset: V44. Log Transform: Não.
Obs: ajuste de seed

Hyperparams:
input_size: 10, h: 1, lr: 0.0004457650731577964, batch: 32, encoder n layers: 2, decoder layers: 2",2026-01-18T19:48:43
2023_cluster_4,Nova_Belem,2024-12-31T00:00:00,0.9,0.9741553,8.24,teste,V44,LSTM,"/media/marcos/Marcos/Codigos/Predicao_Cafe_Arabica/Teste_2_reuniao_16_dez_ajuste_seed_16_01_2026/temp_models/trial_93
Modelo LSTM. Treino: 2012 a 2022. Validação: 2023. Teste: 2024.
Dataset: V44. Log Transform: Não.
Obs: ajuste de seed

Hyperparams:
input_size: 10, h: 1, lr: 0.0004457650731577964, batch: 32, encoder n layers: 2, decoder layers: 2",2026-01-18T19:48:43
2023_cluster_4,Novo_Cruzeiro,2024-12-31T00:00:00,1.7997542997543,1.0773554,40.14,teste,V44,LSTM,"/media/marcos/Marcos/Codigos/Predicao_Cafe_Arabica/Teste_2_reuniao_16_dez_ajuste_seed_16_01_2026/temp_models/trial_93
Modelo LSTM. Treino: 2012 a 2022. Validação: 2023. Teste: 2024.
Dataset: V44. Log Transform: Não.
Obs: ajuste de seed

Hyperparams:
input_size: 10, h: 1, lr: 0.0004457650731577964, batch: 32, encoder n layers: 2, decoder layers: 2",2026-01-18T19:48:43
2023_cluster_4,Novorizonte,2024-12-31T00:00:00,1.333333333333333,1.2740005,4.45,teste,V44,LSTM,"/media/marcos/Marcos/Codigos/Predicao_Cafe_Arabica/Teste_2_reuniao_16_dez_ajuste_seed_16_01_2026/temp_models/trial_93
Modelo LSTM. Treino: 2012 a 2022. Validação: 2023. Teste: 2024.
Dataset: V44. Log Transform: Não.
Obs: ajuste de seed

Hyperparams:
input_size: 10, h: 1, lr: 0.0004457650731577964, batch: 32, encoder n layers: 2, decoder layers: 2",2026-01-18T19:48:43
2023_cluster_4,Ouro_Verde_de_Minas,2024-12-31T00:00:00,2.5,1.4740825,41.04,teste,V44,LSTM,"/media/marcos/Marcos/Codigos/Predicao_Cafe_Arabica/Teste_2_reuniao_16_dez_ajuste_seed_16_01_2026/temp_models/trial_93
Modelo LSTM. Treino: 2012 a 2022. Validação: 2023. Teste: 2024.
Dataset: V44. Log Transform: Não.
Obs: ajuste de seed

Hyperparams:
input_size: 10, h: 1, lr: 0.0004457650731577964, batch: 32, encoder n layers: 2, decoder layers: 2",2026-01-18T19:48:43
2023_cluster_4,Padre_Paraiso,2024-12-31T00:00:00,0.7212121212121212,0.6729193,6.7,teste,V44,LSTM,"/media/marcos/Marcos/Codigos/Predicao_Cafe_Arabica/Teste_2_reuniao_16_dez_ajuste_seed_16_01_2026/temp_models/trial_93
Modelo LSTM. Treino: 2012 a 2022. Validação: 2023. Teste: 2024.
Dataset: V44. Log Transform: Não.
Obs: ajuste de seed

Hyperparams:
input_size: 10, h: 1, lr: 0.0004457650731577964, batch: 32, encoder n layers: 2, decoder layers: 2",2026-01-18T19:48:43
2023_cluster_4,Paracatu,2024-12-31T00:00:00,2.700323624595469,2.3560984,12.75,teste,V44,LSTM,"/media/marcos/Marcos/Codigos/Predicao_Cafe_Arabica/Teste_2_reuniao_16_dez_ajuste_seed_16_01_2026/temp_models/trial_93
Modelo LSTM. Treino: 2012 a 2022. Validação: 2023. Teste: 2024.
Dataset: V44. Log Transform: Não.
Obs: ajuste de seed

Hyperparams:
input_size: 10, h: 1, lr: 0.0004457650731577964, batch: 32, encoder n layers: 2, decoder layers: 2",2026-01-18T19:48:43
2023_cluster_4,Pedra_Azul,2024-12-31T00:00:00,0.9,1.2241721,36.02,teste,V44,LSTM,"/media/marcos/Marcos/Codigos/Predicao_Cafe_Arabica/Teste_2_reuniao_16_dez_ajuste_seed_16_01_2026/temp_models/trial_93
Modelo LSTM. Treino: 2012 a 2022. Validação: 2023. Teste: 2024.
Dataset: V44. Log Transform: Não.
Obs: ajuste de seed

Hyperparams:
input_size: 10, h: 1, lr: 0.0004457650731577964, batch: 32, encoder n layers: 2, decoder layers: 2",2026-01-18T19:48:43
2023_cluster_4,Pirapora,2024-12-31T00:00:00,2.7,3.3172817,22.86,teste,V44,LSTM,"/media/marcos/Marcos/Codigos/Predicao_Cafe_Arabica/Teste_2_reuniao_16_dez_ajuste_seed_16_01_2026/temp_models/trial_93
Modelo LSTM. Treino: 2012 a 2022. Validação: 2023. Teste: 2024.
Dataset: V44. Log Transform: Não.
Obs: ajuste de seed

Hyperparams:
input_size: 10, h: 1, lr: 0.0004457650731577964, batch: 32, encoder n layers: 2, decoder layers: 2",2026-01-18T19:48:43
2023_cluster_4,Pote,2024-12-31T00:00:00,1.125,0.82042766,27.07,teste,V44,LSTM,"/media/marcos/Marcos/Codigos/Predicao_Cafe_Arabica/Teste_2_reuniao_16_dez_ajuste_seed_16_01_2026/temp_models/trial_93
Modelo LSTM. Treino: 2012 a 2022. Validação: 2023. Teste: 2024.
Dataset: V44. Log Transform: Não.
Obs: ajuste de seed

Hyperparams:
input_size: 10, h: 1, lr: 0.0004457650731577964, batch: 32, encoder n layers: 2, decoder layers: 2",2026-01-18T19:48:43
2023_cluster_4,Rio_Pardo_de_Minas,2024-12-31T00:00:00,3.064285714285715,2.4861553,18.87,teste,V44,LSTM,"/media/marcos/Marcos/Codigos/Predicao_Cafe_Arabica/Teste_2_reuniao_16_dez_ajuste_seed_16_01_2026/temp_models/trial_93
Modelo LSTM. Treino: 2012 a 2022. Validação: 2023. Teste: 2024.
Dataset: V44. Log Transform: Não.
Obs: ajuste de seed

Hyperparams:
input_size: 10, h: 1, lr: 0.0004457650731577964, batch: 32, encoder n layers: 2, decoder layers: 2",2026-01-18T19:48:43
2023_cluster_4,Santa_Barbara_do_Monte_Verde,2024-12-31T00:00:00,1.3,1.3765528,5.89,teste,V44,LSTM,"/media/marcos/Marcos/Codigos/Predicao_Cafe_Arabica/Teste_2_reuniao_16_dez_ajuste_seed_16_01_2026/temp_models/trial_93
Modelo LSTM. Treino: 2012 a 2022. Validação: 2023. Teste: 2024.
Dataset: V44. Log Transform: Não.
Obs: ajuste de seed

Hyperparams:
input_size: 10, h: 1, lr: 0.0004457650731577964, batch: 32, encoder n layers: 2, decoder layers: 2",2026-01-18T19:48:43
2023_cluster_4,Santa_Maria_do_Suacui,2024-12-31T00:00:00,1.333333333333333,0.769526,42.29,teste,V44,LSTM,"/media/marcos/Marcos/Codigos/Predicao_Cafe_Arabica/Teste_2_reuniao_16_dez_ajuste_seed_16_01_2026/temp_models/trial_93
Modelo LSTM. Treino: 2012 a 2022. Validação: 2023. Teste: 2024.
Dataset: V44. Log Transform: Não.
Obs: ajuste de seed

Hyperparams:
input_size: 10, h: 1, lr: 0.0004457650731577964, batch: 32, encoder n layers: 2, decoder layers: 2",2026-01-18T19:48:43
2023_cluster_4,Santo_Antonio_do_Retiro,2024-12-31T00:00:00,1.966666666666667,1.1368841,42.19,teste,V44,LSTM,"/media/marcos/Marcos/Codigos/Predicao_Cafe_Arabica/Teste_2_reuniao_16_dez_ajuste_seed_16_01_2026/temp_models/trial_93
Modelo LSTM. Treino: 2012 a 2022. Validação: 2023. Teste: 2024.
Dataset: V44. Log Transform: Não.
Obs: ajuste de seed

Hyperparams:
input_size: 10, h: 1, lr: 0.0004457650731577964, batch: 32, encoder n layers: 2, decoder layers: 2",2026-01-18T19:48:43
2023_cluster_4,Sao_Goncalo_do_Rio_Preto,2024-12-31T00:00:00,2.523809523809524,1.9814668,21.49,teste,V44,LSTM,"/media/marcos/Marcos/Codigos/Predicao_Cafe_Arabica/Teste_2_reuniao_16_dez_ajuste_seed_16_01_2026/temp_models/trial_93
Modelo LSTM. Treino: 2012 a 2022. Validação: 2023. Teste: 2024.
Dataset: V44. Log Transform: Não.
Obs: ajuste de seed

Hyperparams:
input_size: 10, h: 1, lr: 0.0004457650731577964, batch: 32, encoder n layers: 2, decoder layers: 2",2026-01-18T19:48:43
2023_cluster_4,Sao_Joao_do_Manteninha,2024-12-31T00:00:00,0.9,0.9537869,5.98,teste,V44,LSTM,"/media/marcos/Marcos/Codigos/Predicao_Cafe_Arabica/Teste_2_reuniao_16_dez_ajuste_seed_16_01_2026/temp_models/trial_93
Modelo LSTM. Treino: 2012 a 2022. Validação: 2023. Teste: 2024.
Dataset: V44. Log Transform: Não.
Obs: ajuste de seed

Hyperparams:
input_size: 10, h: 1, lr: 0.0004457650731577964, batch: 32, encoder n layers: 2, decoder layers: 2",2026-01-18T19:48:43
2023_cluster_4,Sao_Joao_do_Paraiso,2024-12-31T00:00:00,3.539622641509434,2.6454554,25.26,teste,V44,LSTM,"/media/marcos/Marcos/Codigos/Predicao_Cafe_Arabica/Teste_2_reuniao_16_dez_ajuste_seed_16_01_2026/temp_models/trial_93
Modelo LSTM. Treino: 2012 a 2022. Validação: 2023. Teste: 2024.
Dataset: V44. Log Transform: Não.
Obs: ajuste de seed

Hyperparams:
input_size: 10, h: 1, lr: 0.0004457650731577964, batch: 32, encoder n layers: 2, decoder layers: 2",2026-01-18T19:48:43
2023_cluster_4,Sao_Sebastiao_do_Maranhao,2024-12-31T00:00:00,1.380952380952381,0.9682204,29.89,teste,V44,LSTM,"/media/marcos/Marcos/Codigos/Predicao_Cafe_Arabica/Teste_2_reuniao_16_dez_ajuste_seed_16_01_2026/temp_models/trial_93
Modelo LSTM. Treino: 2012 a 2022. Validação: 2023. Teste: 2024.
Dataset: V44. Log Transform: Não.
Obs: ajuste de seed

Hyperparams:
input_size: 10, h: 1, lr: 0.0004457650731577964, batch: 32, encoder n layers: 2, decoder layers: 2",2026-01-18T19:48:43
2023_cluster_4,Senador_Modestino_Goncalves,2024-12-31T00:00:00,2.706666666666667,1.9770432,26.96,teste,V44,LSTM,"/media/marcos/Marcos/Codigos/Predicao_Cafe_Arabica/Teste_2_reuniao_16_dez_ajuste_seed_16_01_2026/temp_models/trial_93
Modelo LSTM. Treino: 2012 a 2022. Validação: 2023. Teste: 2024.
Dataset: V44. Log Transform: Não.
Obs: ajuste de seed

Hyperparams:
input_size: 10, h: 1, lr: 0.0004457650731577964, batch: 32, encoder n layers: 2, decoder layers: 2",2026-01-18T19:48:43
2023_cluster_4,Setubinha,2024-12-31T00:00:00,1.020238095238095,1.0263662,0.6,teste,V44,LSTM,"/media/marcos/Marcos/Codigos/Predicao_Cafe_Arabica/Teste_2_reuniao_16_dez_ajuste_seed_16_01_2026/temp_models/trial_93
Modelo LSTM. Treino: 2012 a 2022. Validação: 2023. Teste: 2024.
Dataset: V44. Log Transform: Não.
Obs: ajuste de seed

Hyperparams:
input_size: 10, h: 1, lr: 0.0004457650731577964, batch: 32, encoder n layers: 2, decoder layers: 2",2026-01-18T19:48:43
2023_cluster_4,Taiobeiras,2024-12-31T00:00:00,3.120634920634921,2.5930161,16.91,teste,V44,LSTM,"/media/marcos/Marcos/Codigos/Predicao_Cafe_Arabica/Teste_2_reuniao_16_dez_ajuste_seed_16_01_2026/temp_models/trial_93
Modelo LSTM. Treino: 2012 a 2022. Validação: 2023. Teste: 2024.
Dataset: V44. Log Transform: Não.
Obs: ajuste de seed

Hyperparams:
input_size: 10, h: 1, lr: 0.0004457650731577964, batch: 32, encoder n layers: 2, decoder layers: 2",2026-01-18T19:48:43
2023_cluster_4,Teofilo_Otoni,2024-12-31T00:00:00,1.05,0.8825663,15.95,teste,V44,LSTM,"/media/marcos/Marcos/Codigos/Predicao_Cafe_Arabica/Teste_2_reuniao_16_dez_ajuste_seed_16_01_2026/temp_models/trial_93
Modelo LSTM. Treino: 2012 a 2022. Validação: 2023. Teste: 2024.
Dataset: V44. Log Transform: Não.
Obs: ajuste de seed

Hyperparams:
input_size: 10, h: 1, lr: 0.0004457650731577964, batch: 32, encoder n layers: 2, decoder layers: 2",2026-01-18T19:48:43
2023_cluster_4,Turmalina,2024-12-31T00:00:00,1.850769230769231,1.2082556,34.72,teste,V44,LSTM,"/media/marcos/Marcos/Codigos/Predicao_Cafe_Arabica/Teste_2_reuniao_16_dez_ajuste_seed_16_01_2026/temp_models/trial_93
Modelo LSTM. Treino: 2012 a 2022. Validação: 2023. Teste: 2024.
Dataset: V44. Log Transform: Não.
Obs: ajuste de seed

Hyperparams:
input_size: 10, h: 1, lr: 0.0004457650731577964, batch: 32, encoder n layers: 2, decoder layers: 2",2026-01-18T19:48:43
2023_cluster_4,Urucuia,2024-12-31T00:00:00,1.920433996383363,1.9800493,3.1,teste,V44,LSTM,"/media/marcos/Marcos/Codigos/Predicao_Cafe_Arabica/Teste_2_reuniao_16_dez_ajuste_seed_16_01_2026/temp_models/trial_93
Modelo LSTM. Treino: 2012 a 2022. Validação: 2023. Teste: 2024.
Dataset: V44. Log Transform: Não.
Obs: ajuste de seed

Hyperparams:
input_size: 10, h: 1, lr: 0.0004457650731577964, batch: 32, encoder n layers: 2, decoder layers: 2",2026-01-18T19:48:43
2023_cluster_4,Vargem_Grande_do_Rio_Pardo,2024-12-31T00:00:00,1.8,1.5596882,13.35,teste,V44,LSTM,"/media/marcos/Marcos/Codigos/Predicao_Cafe_Arabica/Teste_2_reuniao_16_dez_ajuste_seed_16_01_2026/temp_models/trial_93
Modelo LSTM. Treino: 2012 a 2022. Validação: 2023. Teste: 2024.
Dataset: V44. Log Transform: Não.
Obs: ajuste de seed

Hyperparams:
input_size: 10, h: 1, lr: 0.0004457650731577964, batch: 32, encoder n layers: 2, decoder layers: 2",2026-01-18T19:48:43
2023_cluster_4,Varzea_da_Palma,2024-12-31T00:00:00,3.0,2.8600006,4.67,teste,V44,LSTM,"/media/marcos/Marcos/Codigos/Predicao_Cafe_Arabica/Teste_2_reuniao_16_dez_ajuste_seed_16_01_2026/temp_models/trial_93
Modelo LSTM. Treino: 2012 a 2022. Validação: 2023. Teste: 2024.
Dataset: V44. Log Transform: Não.
Obs: ajuste de seed

Hyperparams:
input_size: 10, h: 1, lr: 0.0004457650731577964, batch: 32, encoder n layers: 2, decoder layers: 2",2026-01-18T19:48:43
