treino_id,unique_id,ds,y,y_pred,diferença_%,flag,dataset,modelo,comentario,data_treino
2019_cluster_0,Aguanil,2019-12-31T00:00:00,1.8,1.5948004,11.4,validacao,V44,LSTM,"/media/marcos/Marcos/Codigos/Predicao_Cafe_Arabica/Teste_2_reuniao_16_dez_ajuste_seed_16_01_2026/temp_models/trial_96
Modelo LSTM. Treino: 2012 a 2018. Validação: 2019. Teste: 2020.
Dataset: V44. Log Transform: Não.
Obs: ajuste de seed

Hyperparams:
input_size: 6, h: 1, lr: 1.2250088069602024e-05, batch: 32, encoder n layers: 1, decoder layers: 1",2026-01-18T20:02:53
2019_cluster_0,Alfenas,2019-12-31T00:00:00,1.757217391304348,1.9371382,10.24,validacao,V44,LSTM,"/media/marcos/Marcos/Codigos/Predicao_Cafe_Arabica/Teste_2_reuniao_16_dez_ajuste_seed_16_01_2026/temp_models/trial_96
Modelo LSTM. Treino: 2012 a 2018. Validação: 2019. Teste: 2020.
Dataset: V44. Log Transform: Não.
Obs: ajuste de seed

Hyperparams:
input_size: 6, h: 1, lr: 1.2250088069602024e-05, batch: 32, encoder n layers: 1, decoder layers: 1",2026-01-18T20:02:53
2019_cluster_0,Alto_Caparao,2019-12-31T00:00:00,1.32,1.6870133,27.8,validacao,V44,LSTM,"/media/marcos/Marcos/Codigos/Predicao_Cafe_Arabica/Teste_2_reuniao_16_dez_ajuste_seed_16_01_2026/temp_models/trial_96
Modelo LSTM. Treino: 2012 a 2018. Validação: 2019. Teste: 2020.
Dataset: V44. Log Transform: Não.
Obs: ajuste de seed

Hyperparams:
input_size: 6, h: 1, lr: 1.2250088069602024e-05, batch: 32, encoder n layers: 1, decoder layers: 1",2026-01-18T20:02:53
2019_cluster_0,Alto_Jequitiba,2019-12-31T00:00:00,1.5,1.482157,1.19,validacao,V44,LSTM,"/media/marcos/Marcos/Codigos/Predicao_Cafe_Arabica/Teste_2_reuniao_16_dez_ajuste_seed_16_01_2026/temp_models/trial_96
Modelo LSTM. Treino: 2012 a 2018. Validação: 2019. Teste: 2020.
Dataset: V44. Log Transform: Não.
Obs: ajuste de seed

Hyperparams:
input_size: 6, h: 1, lr: 1.2250088069602024e-05, batch: 32, encoder n layers: 1, decoder layers: 1",2026-01-18T20:02:53
2019_cluster_0,Amparo_do_Serra,2019-12-31T00:00:00,1.260869565217391,1.2570276,0.3,validacao,V44,LSTM,"/media/marcos/Marcos/Codigos/Predicao_Cafe_Arabica/Teste_2_reuniao_16_dez_ajuste_seed_16_01_2026/temp_models/trial_96
Modelo LSTM. Treino: 2012 a 2018. Validação: 2019. Teste: 2020.
Dataset: V44. Log Transform: Não.
Obs: ajuste de seed

Hyperparams:
input_size: 6, h: 1, lr: 1.2250088069602024e-05, batch: 32, encoder n layers: 1, decoder layers: 1",2026-01-18T20:02:53
2019_cluster_0,Araponga,2019-12-31T00:00:00,0.9,1.3808417,53.43,validacao,V44,LSTM,"/media/marcos/Marcos/Codigos/Predicao_Cafe_Arabica/Teste_2_reuniao_16_dez_ajuste_seed_16_01_2026/temp_models/trial_96
Modelo LSTM. Treino: 2012 a 2018. Validação: 2019. Teste: 2020.
Dataset: V44. Log Transform: Não.
Obs: ajuste de seed

Hyperparams:
input_size: 6, h: 1, lr: 1.2250088069602024e-05, batch: 32, encoder n layers: 1, decoder layers: 1",2026-01-18T20:02:53
2019_cluster_0,Astolfo_Dutra,2019-12-31T00:00:00,1.2,1.5117295,25.98,validacao,V44,LSTM,"/media/marcos/Marcos/Codigos/Predicao_Cafe_Arabica/Teste_2_reuniao_16_dez_ajuste_seed_16_01_2026/temp_models/trial_96
Modelo LSTM. Treino: 2012 a 2018. Validação: 2019. Teste: 2020.
Dataset: V44. Log Transform: Não.
Obs: ajuste de seed

Hyperparams:
input_size: 6, h: 1, lr: 1.2250088069602024e-05, batch: 32, encoder n layers: 1, decoder layers: 1",2026-01-18T20:02:53
2019_cluster_0,Bambui,2019-12-31T00:00:00,1.26,1.6482658,30.81,validacao,V44,LSTM,"/media/marcos/Marcos/Codigos/Predicao_Cafe_Arabica/Teste_2_reuniao_16_dez_ajuste_seed_16_01_2026/temp_models/trial_96
Modelo LSTM. Treino: 2012 a 2018. Validação: 2019. Teste: 2020.
Dataset: V44. Log Transform: Não.
Obs: ajuste de seed

Hyperparams:
input_size: 6, h: 1, lr: 1.2250088069602024e-05, batch: 32, encoder n layers: 1, decoder layers: 1",2026-01-18T20:02:53
2019_cluster_0,Boa_Esperanca,2019-12-31T00:00:00,1.92,1.8255504,4.92,validacao,V44,LSTM,"/media/marcos/Marcos/Codigos/Predicao_Cafe_Arabica/Teste_2_reuniao_16_dez_ajuste_seed_16_01_2026/temp_models/trial_96
Modelo LSTM. Treino: 2012 a 2018. Validação: 2019. Teste: 2020.
Dataset: V44. Log Transform: Não.
Obs: ajuste de seed

Hyperparams:
input_size: 6, h: 1, lr: 1.2250088069602024e-05, batch: 32, encoder n layers: 1, decoder layers: 1",2026-01-18T20:02:53
2019_cluster_0,Bom_Jesus_do_Galho,2019-12-31T00:00:00,1.080232558139535,1.1409261,5.62,validacao,V44,LSTM,"/media/marcos/Marcos/Codigos/Predicao_Cafe_Arabica/Teste_2_reuniao_16_dez_ajuste_seed_16_01_2026/temp_models/trial_96
Modelo LSTM. Treino: 2012 a 2018. Validação: 2019. Teste: 2020.
Dataset: V44. Log Transform: Não.
Obs: ajuste de seed

Hyperparams:
input_size: 6, h: 1, lr: 1.2250088069602024e-05, batch: 32, encoder n layers: 1, decoder layers: 1",2026-01-18T20:02:53
2019_cluster_0,Bom_Sucesso,2019-12-31T00:00:00,1.5,1.5203679,1.36,validacao,V44,LSTM,"/media/marcos/Marcos/Codigos/Predicao_Cafe_Arabica/Teste_2_reuniao_16_dez_ajuste_seed_16_01_2026/temp_models/trial_96
Modelo LSTM. Treino: 2012 a 2018. Validação: 2019. Teste: 2020.
Dataset: V44. Log Transform: Não.
Obs: ajuste de seed

Hyperparams:
input_size: 6, h: 1, lr: 1.2250088069602024e-05, batch: 32, encoder n layers: 1, decoder layers: 1",2026-01-18T20:02:53
2019_cluster_0,Caete,2019-12-31T00:00:00,1.3125,1.2526245,4.56,validacao,V44,LSTM,"/media/marcos/Marcos/Codigos/Predicao_Cafe_Arabica/Teste_2_reuniao_16_dez_ajuste_seed_16_01_2026/temp_models/trial_96
Modelo LSTM. Treino: 2012 a 2018. Validação: 2019. Teste: 2020.
Dataset: V44. Log Transform: Não.
Obs: ajuste de seed

Hyperparams:
input_size: 6, h: 1, lr: 1.2250088069602024e-05, batch: 32, encoder n layers: 1, decoder layers: 1",2026-01-18T20:02:53
2019_cluster_0,Caiana,2019-12-31T00:00:00,1.080049875311721,1.225989,13.51,validacao,V44,LSTM,"/media/marcos/Marcos/Codigos/Predicao_Cafe_Arabica/Teste_2_reuniao_16_dez_ajuste_seed_16_01_2026/temp_models/trial_96
Modelo LSTM. Treino: 2012 a 2018. Validação: 2019. Teste: 2020.
Dataset: V44. Log Transform: Não.
Obs: ajuste de seed

Hyperparams:
input_size: 6, h: 1, lr: 1.2250088069602024e-05, batch: 32, encoder n layers: 1, decoder layers: 1",2026-01-18T20:02:53
2019_cluster_0,Cajuri,2019-12-31T00:00:00,1.184993531694696,1.4205672,19.88,validacao,V44,LSTM,"/media/marcos/Marcos/Codigos/Predicao_Cafe_Arabica/Teste_2_reuniao_16_dez_ajuste_seed_16_01_2026/temp_models/trial_96
Modelo LSTM. Treino: 2012 a 2018. Validação: 2019. Teste: 2020.
Dataset: V44. Log Transform: Não.
Obs: ajuste de seed

Hyperparams:
input_size: 6, h: 1, lr: 1.2250088069602024e-05, batch: 32, encoder n layers: 1, decoder layers: 1",2026-01-18T20:02:53
2019_cluster_0,Camacho,2019-12-31T00:00:00,1.5,1.4521788,3.19,validacao,V44,LSTM,"/media/marcos/Marcos/Codigos/Predicao_Cafe_Arabica/Teste_2_reuniao_16_dez_ajuste_seed_16_01_2026/temp_models/trial_96
Modelo LSTM. Treino: 2012 a 2018. Validação: 2019. Teste: 2020.
Dataset: V44. Log Transform: Não.
Obs: ajuste de seed

Hyperparams:
input_size: 6, h: 1, lr: 1.2250088069602024e-05, batch: 32, encoder n layers: 1, decoder layers: 1",2026-01-18T20:02:53
2019_cluster_0,Campo_do_Meio,2019-12-31T00:00:00,1.619877049180328,1.5662206,3.31,validacao,V44,LSTM,"/media/marcos/Marcos/Codigos/Predicao_Cafe_Arabica/Teste_2_reuniao_16_dez_ajuste_seed_16_01_2026/temp_models/trial_96
Modelo LSTM. Treino: 2012 a 2018. Validação: 2019. Teste: 2020.
Dataset: V44. Log Transform: Não.
Obs: ajuste de seed

Hyperparams:
input_size: 6, h: 1, lr: 1.2250088069602024e-05, batch: 32, encoder n layers: 1, decoder layers: 1",2026-01-18T20:02:53
2019_cluster_0,Campos_Altos,2019-12-31T00:00:00,1.199978657560559,1.8571151,54.76,validacao,V44,LSTM,"/media/marcos/Marcos/Codigos/Predicao_Cafe_Arabica/Teste_2_reuniao_16_dez_ajuste_seed_16_01_2026/temp_models/trial_96
Modelo LSTM. Treino: 2012 a 2018. Validação: 2019. Teste: 2020.
Dataset: V44. Log Transform: Não.
Obs: ajuste de seed

Hyperparams:
input_size: 6, h: 1, lr: 1.2250088069602024e-05, batch: 32, encoder n layers: 1, decoder layers: 1",2026-01-18T20:02:53
2019_cluster_0,Campos_Gerais,2019-12-31T00:00:00,1.591355721393035,1.8524963,16.41,validacao,V44,LSTM,"/media/marcos/Marcos/Codigos/Predicao_Cafe_Arabica/Teste_2_reuniao_16_dez_ajuste_seed_16_01_2026/temp_models/trial_96
Modelo LSTM. Treino: 2012 a 2018. Validação: 2019. Teste: 2020.
Dataset: V44. Log Transform: Não.
Obs: ajuste de seed

Hyperparams:
input_size: 6, h: 1, lr: 1.2250088069602024e-05, batch: 32, encoder n layers: 1, decoder layers: 1",2026-01-18T20:02:53
2019_cluster_0,Cana_Verde,2019-12-31T00:00:00,1.2,1.4005519,16.71,validacao,V44,LSTM,"/media/marcos/Marcos/Codigos/Predicao_Cafe_Arabica/Teste_2_reuniao_16_dez_ajuste_seed_16_01_2026/temp_models/trial_96
Modelo LSTM. Treino: 2012 a 2018. Validação: 2019. Teste: 2020.
Dataset: V44. Log Transform: Não.
Obs: ajuste de seed

Hyperparams:
input_size: 6, h: 1, lr: 1.2250088069602024e-05, batch: 32, encoder n layers: 1, decoder layers: 1",2026-01-18T20:02:53
2019_cluster_0,Canaa,2019-12-31T00:00:00,1.26,1.3699968,8.73,validacao,V44,LSTM,"/media/marcos/Marcos/Codigos/Predicao_Cafe_Arabica/Teste_2_reuniao_16_dez_ajuste_seed_16_01_2026/temp_models/trial_96
Modelo LSTM. Treino: 2012 a 2018. Validação: 2019. Teste: 2020.
Dataset: V44. Log Transform: Não.
Obs: ajuste de seed

Hyperparams:
input_size: 6, h: 1, lr: 1.2250088069602024e-05, batch: 32, encoder n layers: 1, decoder layers: 1",2026-01-18T20:02:53
2019_cluster_0,Candeias,2019-12-31T00:00:00,1.5,1.6920581,12.8,validacao,V44,LSTM,"/media/marcos/Marcos/Codigos/Predicao_Cafe_Arabica/Teste_2_reuniao_16_dez_ajuste_seed_16_01_2026/temp_models/trial_96
Modelo LSTM. Treino: 2012 a 2018. Validação: 2019. Teste: 2020.
Dataset: V44. Log Transform: Não.
Obs: ajuste de seed

Hyperparams:
input_size: 6, h: 1, lr: 1.2250088069602024e-05, batch: 32, encoder n layers: 1, decoder layers: 1",2026-01-18T20:02:53
2019_cluster_0,Caparao,2019-12-31T00:00:00,1.32,1.5942457,20.78,validacao,V44,LSTM,"/media/marcos/Marcos/Codigos/Predicao_Cafe_Arabica/Teste_2_reuniao_16_dez_ajuste_seed_16_01_2026/temp_models/trial_96
Modelo LSTM. Treino: 2012 a 2018. Validação: 2019. Teste: 2020.
Dataset: V44. Log Transform: Não.
Obs: ajuste de seed

Hyperparams:
input_size: 6, h: 1, lr: 1.2250088069602024e-05, batch: 32, encoder n layers: 1, decoder layers: 1",2026-01-18T20:02:53
2019_cluster_0,Capitolio,2019-12-31T00:00:00,1.500213219616205,1.4695437,2.04,validacao,V44,LSTM,"/media/marcos/Marcos/Codigos/Predicao_Cafe_Arabica/Teste_2_reuniao_16_dez_ajuste_seed_16_01_2026/temp_models/trial_96
Modelo LSTM. Treino: 2012 a 2018. Validação: 2019. Teste: 2020.
Dataset: V44. Log Transform: Não.
Obs: ajuste de seed

Hyperparams:
input_size: 6, h: 1, lr: 1.2250088069602024e-05, batch: 32, encoder n layers: 1, decoder layers: 1",2026-01-18T20:02:53
2019_cluster_0,Caputira,2019-12-31T00:00:00,1.2,1.2986178,8.22,validacao,V44,LSTM,"/media/marcos/Marcos/Codigos/Predicao_Cafe_Arabica/Teste_2_reuniao_16_dez_ajuste_seed_16_01_2026/temp_models/trial_96
Modelo LSTM. Treino: 2012 a 2018. Validação: 2019. Teste: 2020.
Dataset: V44. Log Transform: Não.
Obs: ajuste de seed

Hyperparams:
input_size: 6, h: 1, lr: 1.2250088069602024e-05, batch: 32, encoder n layers: 1, decoder layers: 1",2026-01-18T20:02:53
2019_cluster_0,Carangola,2019-12-31T00:00:00,1.26,1.149191,8.79,validacao,V44,LSTM,"/media/marcos/Marcos/Codigos/Predicao_Cafe_Arabica/Teste_2_reuniao_16_dez_ajuste_seed_16_01_2026/temp_models/trial_96
Modelo LSTM. Treino: 2012 a 2018. Validação: 2019. Teste: 2020.
Dataset: V44. Log Transform: Não.
Obs: ajuste de seed

Hyperparams:
input_size: 6, h: 1, lr: 1.2250088069602024e-05, batch: 32, encoder n layers: 1, decoder layers: 1",2026-01-18T20:02:53
2019_cluster_0,Caratinga,2019-12-31T00:00:00,0.9960199004975124,1.3934273,39.9,validacao,V44,LSTM,"/media/marcos/Marcos/Codigos/Predicao_Cafe_Arabica/Teste_2_reuniao_16_dez_ajuste_seed_16_01_2026/temp_models/trial_96
Modelo LSTM. Treino: 2012 a 2018. Validação: 2019. Teste: 2020.
Dataset: V44. Log Transform: Não.
Obs: ajuste de seed

Hyperparams:
input_size: 6, h: 1, lr: 1.2250088069602024e-05, batch: 32, encoder n layers: 1, decoder layers: 1",2026-01-18T20:02:53
2019_cluster_0,Carmo_da_Mata,2019-12-31T00:00:00,1.080487804878049,1.3764982,27.4,validacao,V44,LSTM,"/media/marcos/Marcos/Codigos/Predicao_Cafe_Arabica/Teste_2_reuniao_16_dez_ajuste_seed_16_01_2026/temp_models/trial_96
Modelo LSTM. Treino: 2012 a 2018. Validação: 2019. Teste: 2020.
Dataset: V44. Log Transform: Não.
Obs: ajuste de seed

Hyperparams:
input_size: 6, h: 1, lr: 1.2250088069602024e-05, batch: 32, encoder n layers: 1, decoder layers: 1",2026-01-18T20:02:53
2019_cluster_0,Carmo_do_Rio_Claro,2019-12-31T00:00:00,1.937142857142857,2.001854,3.34,validacao,V44,LSTM,"/media/marcos/Marcos/Codigos/Predicao_Cafe_Arabica/Teste_2_reuniao_16_dez_ajuste_seed_16_01_2026/temp_models/trial_96
Modelo LSTM. Treino: 2012 a 2018. Validação: 2019. Teste: 2020.
Dataset: V44. Log Transform: Não.
Obs: ajuste de seed

Hyperparams:
input_size: 6, h: 1, lr: 1.2250088069602024e-05, batch: 32, encoder n layers: 1, decoder layers: 1",2026-01-18T20:02:53
2019_cluster_0,Carmopolis_de_Minas,2019-12-31T00:00:00,1.5,1.7355268,15.7,validacao,V44,LSTM,"/media/marcos/Marcos/Codigos/Predicao_Cafe_Arabica/Teste_2_reuniao_16_dez_ajuste_seed_16_01_2026/temp_models/trial_96
Modelo LSTM. Treino: 2012 a 2018. Validação: 2019. Teste: 2020.
Dataset: V44. Log Transform: Não.
Obs: ajuste de seed

Hyperparams:
input_size: 6, h: 1, lr: 1.2250088069602024e-05, batch: 32, encoder n layers: 1, decoder layers: 1",2026-01-18T20:02:53
2019_cluster_0,Cassia,2019-12-31T00:00:00,1.563673469387755,1.6451598,5.21,validacao,V44,LSTM,"/media/marcos/Marcos/Codigos/Predicao_Cafe_Arabica/Teste_2_reuniao_16_dez_ajuste_seed_16_01_2026/temp_models/trial_96
Modelo LSTM. Treino: 2012 a 2018. Validação: 2019. Teste: 2020.
Dataset: V44. Log Transform: Não.
Obs: ajuste de seed

Hyperparams:
input_size: 6, h: 1, lr: 1.2250088069602024e-05, batch: 32, encoder n layers: 1, decoder layers: 1",2026-01-18T20:02:53
2019_cluster_0,Catas_Altas_da_Noruega,2019-12-31T00:00:00,0.75,1.0042605,33.9,validacao,V44,LSTM,"/media/marcos/Marcos/Codigos/Predicao_Cafe_Arabica/Teste_2_reuniao_16_dez_ajuste_seed_16_01_2026/temp_models/trial_96
Modelo LSTM. Treino: 2012 a 2018. Validação: 2019. Teste: 2020.
Dataset: V44. Log Transform: Não.
Obs: ajuste de seed

Hyperparams:
input_size: 6, h: 1, lr: 1.2250088069602024e-05, batch: 32, encoder n layers: 1, decoder layers: 1",2026-01-18T20:02:53
2019_cluster_0,Chale,2019-12-31T00:00:00,1.2,1.4345459,19.55,validacao,V44,LSTM,"/media/marcos/Marcos/Codigos/Predicao_Cafe_Arabica/Teste_2_reuniao_16_dez_ajuste_seed_16_01_2026/temp_models/trial_96
Modelo LSTM. Treino: 2012 a 2018. Validação: 2019. Teste: 2020.
Dataset: V44. Log Transform: Não.
Obs: ajuste de seed

Hyperparams:
input_size: 6, h: 1, lr: 1.2250088069602024e-05, batch: 32, encoder n layers: 1, decoder layers: 1",2026-01-18T20:02:53
2019_cluster_0,Claudio,2019-12-31T00:00:00,1.44,1.3698568,4.87,validacao,V44,LSTM,"/media/marcos/Marcos/Codigos/Predicao_Cafe_Arabica/Teste_2_reuniao_16_dez_ajuste_seed_16_01_2026/temp_models/trial_96
Modelo LSTM. Treino: 2012 a 2018. Validação: 2019. Teste: 2020.
Dataset: V44. Log Transform: Não.
Obs: ajuste de seed

Hyperparams:
input_size: 6, h: 1, lr: 1.2250088069602024e-05, batch: 32, encoder n layers: 1, decoder layers: 1",2026-01-18T20:02:53
2019_cluster_0,Conceicao_da_Barra_de_Minas,2019-12-31T00:00:00,1.665644171779141,2.0102925,20.69,validacao,V44,LSTM,"/media/marcos/Marcos/Codigos/Predicao_Cafe_Arabica/Teste_2_reuniao_16_dez_ajuste_seed_16_01_2026/temp_models/trial_96
Modelo LSTM. Treino: 2012 a 2018. Validação: 2019. Teste: 2020.
Dataset: V44. Log Transform: Não.
Obs: ajuste de seed

Hyperparams:
input_size: 6, h: 1, lr: 1.2250088069602024e-05, batch: 32, encoder n layers: 1, decoder layers: 1",2026-01-18T20:02:53
2019_cluster_0,Conceicao_de_Ipanema,2019-12-31T00:00:00,1.185699039487727,1.3337394,12.49,validacao,V44,LSTM,"/media/marcos/Marcos/Codigos/Predicao_Cafe_Arabica/Teste_2_reuniao_16_dez_ajuste_seed_16_01_2026/temp_models/trial_96
Modelo LSTM. Treino: 2012 a 2018. Validação: 2019. Teste: 2020.
Dataset: V44. Log Transform: Não.
Obs: ajuste de seed

Hyperparams:
input_size: 6, h: 1, lr: 1.2250088069602024e-05, batch: 32, encoder n layers: 1, decoder layers: 1",2026-01-18T20:02:53
2019_cluster_0,Coqueiral,2019-12-31T00:00:00,1.5,1.5569379,3.8,validacao,V44,LSTM,"/media/marcos/Marcos/Codigos/Predicao_Cafe_Arabica/Teste_2_reuniao_16_dez_ajuste_seed_16_01_2026/temp_models/trial_96
Modelo LSTM. Treino: 2012 a 2018. Validação: 2019. Teste: 2020.
Dataset: V44. Log Transform: Não.
Obs: ajuste de seed

Hyperparams:
input_size: 6, h: 1, lr: 1.2250088069602024e-05, batch: 32, encoder n layers: 1, decoder layers: 1",2026-01-18T20:02:53
2019_cluster_0,Corrego_Danta,2019-12-31T00:00:00,1.5,1.5660666,4.4,validacao,V44,LSTM,"/media/marcos/Marcos/Codigos/Predicao_Cafe_Arabica/Teste_2_reuniao_16_dez_ajuste_seed_16_01_2026/temp_models/trial_96
Modelo LSTM. Treino: 2012 a 2018. Validação: 2019. Teste: 2020.
Dataset: V44. Log Transform: Não.
Obs: ajuste de seed

Hyperparams:
input_size: 6, h: 1, lr: 1.2250088069602024e-05, batch: 32, encoder n layers: 1, decoder layers: 1",2026-01-18T20:02:53
2019_cluster_0,Cristais,2019-12-31T00:00:00,1.739953810623557,1.7939519,3.1,validacao,V44,LSTM,"/media/marcos/Marcos/Codigos/Predicao_Cafe_Arabica/Teste_2_reuniao_16_dez_ajuste_seed_16_01_2026/temp_models/trial_96
Modelo LSTM. Treino: 2012 a 2018. Validação: 2019. Teste: 2020.
Dataset: V44. Log Transform: Não.
Obs: ajuste de seed

Hyperparams:
input_size: 6, h: 1, lr: 1.2250088069602024e-05, batch: 32, encoder n layers: 1, decoder layers: 1",2026-01-18T20:02:53
2019_cluster_0,Desterro_de_Entre_Rios,2019-12-31T00:00:00,1.8,2.1970174,22.06,validacao,V44,LSTM,"/media/marcos/Marcos/Codigos/Predicao_Cafe_Arabica/Teste_2_reuniao_16_dez_ajuste_seed_16_01_2026/temp_models/trial_96
Modelo LSTM. Treino: 2012 a 2018. Validação: 2019. Teste: 2020.
Dataset: V44. Log Transform: Não.
Obs: ajuste de seed

Hyperparams:
input_size: 6, h: 1, lr: 1.2250088069602024e-05, batch: 32, encoder n layers: 1, decoder layers: 1",2026-01-18T20:02:53
2019_cluster_0,Divinesia,2019-12-31T00:00:00,2.0,2.4471192,22.36,validacao,V44,LSTM,"/media/marcos/Marcos/Codigos/Predicao_Cafe_Arabica/Teste_2_reuniao_16_dez_ajuste_seed_16_01_2026/temp_models/trial_96
Modelo LSTM. Treino: 2012 a 2018. Validação: 2019. Teste: 2020.
Dataset: V44. Log Transform: Não.
Obs: ajuste de seed

Hyperparams:
input_size: 6, h: 1, lr: 1.2250088069602024e-05, batch: 32, encoder n layers: 1, decoder layers: 1",2026-01-18T20:02:53
2019_cluster_0,Divino,2019-12-31T00:00:00,1.079956453368816,1.291699,19.61,validacao,V44,LSTM,"/media/marcos/Marcos/Codigos/Predicao_Cafe_Arabica/Teste_2_reuniao_16_dez_ajuste_seed_16_01_2026/temp_models/trial_96
Modelo LSTM. Treino: 2012 a 2018. Validação: 2019. Teste: 2020.
Dataset: V44. Log Transform: Não.
Obs: ajuste de seed

Hyperparams:
input_size: 6, h: 1, lr: 1.2250088069602024e-05, batch: 32, encoder n layers: 1, decoder layers: 1",2026-01-18T20:02:53
2019_cluster_0,Doresopolis,2019-12-31T00:00:00,1.74,1.4393573,17.28,validacao,V44,LSTM,"/media/marcos/Marcos/Codigos/Predicao_Cafe_Arabica/Teste_2_reuniao_16_dez_ajuste_seed_16_01_2026/temp_models/trial_96
Modelo LSTM. Treino: 2012 a 2018. Validação: 2019. Teste: 2020.
Dataset: V44. Log Transform: Não.
Obs: ajuste de seed

Hyperparams:
input_size: 6, h: 1, lr: 1.2250088069602024e-05, batch: 32, encoder n layers: 1, decoder layers: 1",2026-01-18T20:02:53
2019_cluster_0,Durande,2019-12-31T00:00:00,1.32,1.8115307,37.24,validacao,V44,LSTM,"/media/marcos/Marcos/Codigos/Predicao_Cafe_Arabica/Teste_2_reuniao_16_dez_ajuste_seed_16_01_2026/temp_models/trial_96
Modelo LSTM. Treino: 2012 a 2018. Validação: 2019. Teste: 2020.
Dataset: V44. Log Transform: Não.
Obs: ajuste de seed

Hyperparams:
input_size: 6, h: 1, lr: 1.2250088069602024e-05, batch: 32, encoder n layers: 1, decoder layers: 1",2026-01-18T20:02:53
2019_cluster_0,Eloi_Mendes,2019-12-31T00:00:00,1.5,1.5466563,3.11,validacao,V44,LSTM,"/media/marcos/Marcos/Codigos/Predicao_Cafe_Arabica/Teste_2_reuniao_16_dez_ajuste_seed_16_01_2026/temp_models/trial_96
Modelo LSTM. Treino: 2012 a 2018. Validação: 2019. Teste: 2020.
Dataset: V44. Log Transform: Não.
Obs: ajuste de seed

Hyperparams:
input_size: 6, h: 1, lr: 1.2250088069602024e-05, batch: 32, encoder n layers: 1, decoder layers: 1",2026-01-18T20:02:53
2019_cluster_0,Entre_Folhas,2019-12-31T00:00:00,0.84,1.106975,31.78,validacao,V44,LSTM,"/media/marcos/Marcos/Codigos/Predicao_Cafe_Arabica/Teste_2_reuniao_16_dez_ajuste_seed_16_01_2026/temp_models/trial_96
Modelo LSTM. Treino: 2012 a 2018. Validação: 2019. Teste: 2020.
Dataset: V44. Log Transform: Não.
Obs: ajuste de seed

Hyperparams:
input_size: 6, h: 1, lr: 1.2250088069602024e-05, batch: 32, encoder n layers: 1, decoder layers: 1",2026-01-18T20:02:53
2019_cluster_0,Entre_Rios_de_Minas,2019-12-31T00:00:00,1.921428571428571,2.0113215,4.68,validacao,V44,LSTM,"/media/marcos/Marcos/Codigos/Predicao_Cafe_Arabica/Teste_2_reuniao_16_dez_ajuste_seed_16_01_2026/temp_models/trial_96
Modelo LSTM. Treino: 2012 a 2018. Validação: 2019. Teste: 2020.
Dataset: V44. Log Transform: Não.
Obs: ajuste de seed

Hyperparams:
input_size: 6, h: 1, lr: 1.2250088069602024e-05, batch: 32, encoder n layers: 1, decoder layers: 1",2026-01-18T20:02:53
2019_cluster_0,Ervalia,2019-12-31T00:00:00,1.199920191540303,1.5999357,33.34,validacao,V44,LSTM,"/media/marcos/Marcos/Codigos/Predicao_Cafe_Arabica/Teste_2_reuniao_16_dez_ajuste_seed_16_01_2026/temp_models/trial_96
Modelo LSTM. Treino: 2012 a 2018. Validação: 2019. Teste: 2020.
Dataset: V44. Log Transform: Não.
Obs: ajuste de seed

Hyperparams:
input_size: 6, h: 1, lr: 1.2250088069602024e-05, batch: 32, encoder n layers: 1, decoder layers: 1",2026-01-18T20:02:53
2019_cluster_0,Espera_Feliz,2019-12-31T00:00:00,0.9,1.6364322,81.83,validacao,V44,LSTM,"/media/marcos/Marcos/Codigos/Predicao_Cafe_Arabica/Teste_2_reuniao_16_dez_ajuste_seed_16_01_2026/temp_models/trial_96
Modelo LSTM. Treino: 2012 a 2018. Validação: 2019. Teste: 2020.
Dataset: V44. Log Transform: Não.
Obs: ajuste de seed

Hyperparams:
input_size: 6, h: 1, lr: 1.2250088069602024e-05, batch: 32, encoder n layers: 1, decoder layers: 1",2026-01-18T20:02:53
2019_cluster_0,Faria_Lemos,2019-12-31T00:00:00,1.0796875,1.1909592,10.31,validacao,V44,LSTM,"/media/marcos/Marcos/Codigos/Predicao_Cafe_Arabica/Teste_2_reuniao_16_dez_ajuste_seed_16_01_2026/temp_models/trial_96
Modelo LSTM. Treino: 2012 a 2018. Validação: 2019. Teste: 2020.
Dataset: V44. Log Transform: Não.
Obs: ajuste de seed

Hyperparams:
input_size: 6, h: 1, lr: 1.2250088069602024e-05, batch: 32, encoder n layers: 1, decoder layers: 1",2026-01-18T20:02:53
2019_cluster_0,Ferros,2019-12-31T00:00:00,0.8363636363636363,1.140455,36.36,validacao,V44,LSTM,"/media/marcos/Marcos/Codigos/Predicao_Cafe_Arabica/Teste_2_reuniao_16_dez_ajuste_seed_16_01_2026/temp_models/trial_96
Modelo LSTM. Treino: 2012 a 2018. Validação: 2019. Teste: 2020.
Dataset: V44. Log Transform: Não.
Obs: ajuste de seed

Hyperparams:
input_size: 6, h: 1, lr: 1.2250088069602024e-05, batch: 32, encoder n layers: 1, decoder layers: 1",2026-01-18T20:02:53
2019_cluster_0,Fervedouro,2019-12-31T00:00:00,1.079947575360419,1.2019658,11.3,validacao,V44,LSTM,"/media/marcos/Marcos/Codigos/Predicao_Cafe_Arabica/Teste_2_reuniao_16_dez_ajuste_seed_16_01_2026/temp_models/trial_96
Modelo LSTM. Treino: 2012 a 2018. Validação: 2019. Teste: 2020.
Dataset: V44. Log Transform: Não.
Obs: ajuste de seed

Hyperparams:
input_size: 6, h: 1, lr: 1.2250088069602024e-05, batch: 32, encoder n layers: 1, decoder layers: 1",2026-01-18T20:02:53
2019_cluster_0,Guape,2019-12-31T00:00:00,1.617735849056604,1.8857026,16.56,validacao,V44,LSTM,"/media/marcos/Marcos/Codigos/Predicao_Cafe_Arabica/Teste_2_reuniao_16_dez_ajuste_seed_16_01_2026/temp_models/trial_96
Modelo LSTM. Treino: 2012 a 2018. Validação: 2019. Teste: 2020.
Dataset: V44. Log Transform: Não.
Obs: ajuste de seed

Hyperparams:
input_size: 6, h: 1, lr: 1.2250088069602024e-05, batch: 32, encoder n layers: 1, decoder layers: 1",2026-01-18T20:02:53
2019_cluster_0,Ibituruna,2019-12-31T00:00:00,1.66,1.4957962,9.89,validacao,V44,LSTM,"/media/marcos/Marcos/Codigos/Predicao_Cafe_Arabica/Teste_2_reuniao_16_dez_ajuste_seed_16_01_2026/temp_models/trial_96
Modelo LSTM. Treino: 2012 a 2018. Validação: 2019. Teste: 2020.
Dataset: V44. Log Transform: Não.
Obs: ajuste de seed

Hyperparams:
input_size: 6, h: 1, lr: 1.2250088069602024e-05, batch: 32, encoder n layers: 1, decoder layers: 1",2026-01-18T20:02:53
2019_cluster_0,Ilicinea,2019-12-31T00:00:00,1.860130363932645,1.9846662,6.7,validacao,V44,LSTM,"/media/marcos/Marcos/Codigos/Predicao_Cafe_Arabica/Teste_2_reuniao_16_dez_ajuste_seed_16_01_2026/temp_models/trial_96
Modelo LSTM. Treino: 2012 a 2018. Validação: 2019. Teste: 2020.
Dataset: V44. Log Transform: Não.
Obs: ajuste de seed

Hyperparams:
input_size: 6, h: 1, lr: 1.2250088069602024e-05, batch: 32, encoder n layers: 1, decoder layers: 1",2026-01-18T20:02:53
2019_cluster_0,Itapecerica,2019-12-31T00:00:00,1.2,1.336785,11.4,validacao,V44,LSTM,"/media/marcos/Marcos/Codigos/Predicao_Cafe_Arabica/Teste_2_reuniao_16_dez_ajuste_seed_16_01_2026/temp_models/trial_96
Modelo LSTM. Treino: 2012 a 2018. Validação: 2019. Teste: 2020.
Dataset: V44. Log Transform: Não.
Obs: ajuste de seed

Hyperparams:
input_size: 6, h: 1, lr: 1.2250088069602024e-05, batch: 32, encoder n layers: 1, decoder layers: 1",2026-01-18T20:02:53
2019_cluster_0,Ituiutaba,2019-12-31T00:00:00,1.076923076923077,1.5310118,42.17,validacao,V44,LSTM,"/media/marcos/Marcos/Codigos/Predicao_Cafe_Arabica/Teste_2_reuniao_16_dez_ajuste_seed_16_01_2026/temp_models/trial_96
Modelo LSTM. Treino: 2012 a 2018. Validação: 2019. Teste: 2020.
Dataset: V44. Log Transform: Não.
Obs: ajuste de seed

Hyperparams:
input_size: 6, h: 1, lr: 1.2250088069602024e-05, batch: 32, encoder n layers: 1, decoder layers: 1",2026-01-18T20:02:53
2019_cluster_0,Itumirim,2019-12-31T00:00:00,1.601593625498008,1.4604295,8.81,validacao,V44,LSTM,"/media/marcos/Marcos/Codigos/Predicao_Cafe_Arabica/Teste_2_reuniao_16_dez_ajuste_seed_16_01_2026/temp_models/trial_96
Modelo LSTM. Treino: 2012 a 2018. Validação: 2019. Teste: 2020.
Dataset: V44. Log Transform: Não.
Obs: ajuste de seed

Hyperparams:
input_size: 6, h: 1, lr: 1.2250088069602024e-05, batch: 32, encoder n layers: 1, decoder layers: 1",2026-01-18T20:02:53
2019_cluster_0,Lajinha,2019-12-31T00:00:00,1.055939660590823,1.4634888,38.6,validacao,V44,LSTM,"/media/marcos/Marcos/Codigos/Predicao_Cafe_Arabica/Teste_2_reuniao_16_dez_ajuste_seed_16_01_2026/temp_models/trial_96
Modelo LSTM. Treino: 2012 a 2018. Validação: 2019. Teste: 2020.
Dataset: V44. Log Transform: Não.
Obs: ajuste de seed

Hyperparams:
input_size: 6, h: 1, lr: 1.2250088069602024e-05, batch: 32, encoder n layers: 1, decoder layers: 1",2026-01-18T20:02:53
2019_cluster_0,Lavras,2019-12-31T00:00:00,1.5,1.647213,9.81,validacao,V44,LSTM,"/media/marcos/Marcos/Codigos/Predicao_Cafe_Arabica/Teste_2_reuniao_16_dez_ajuste_seed_16_01_2026/temp_models/trial_96
Modelo LSTM. Treino: 2012 a 2018. Validação: 2019. Teste: 2020.
Dataset: V44. Log Transform: Não.
Obs: ajuste de seed

Hyperparams:
input_size: 6, h: 1, lr: 1.2250088069602024e-05, batch: 32, encoder n layers: 1, decoder layers: 1",2026-01-18T20:02:53
2019_cluster_0,Luisburgo,2019-12-31T00:00:00,1.64,1.5186919,7.4,validacao,V44,LSTM,"/media/marcos/Marcos/Codigos/Predicao_Cafe_Arabica/Teste_2_reuniao_16_dez_ajuste_seed_16_01_2026/temp_models/trial_96
Modelo LSTM. Treino: 2012 a 2018. Validação: 2019. Teste: 2020.
Dataset: V44. Log Transform: Não.
Obs: ajuste de seed

Hyperparams:
input_size: 6, h: 1, lr: 1.2250088069602024e-05, batch: 32, encoder n layers: 1, decoder layers: 1",2026-01-18T20:02:53
2019_cluster_0,Machado,2019-12-31T00:00:00,1.527092066449309,1.6377255,7.24,validacao,V44,LSTM,"/media/marcos/Marcos/Codigos/Predicao_Cafe_Arabica/Teste_2_reuniao_16_dez_ajuste_seed_16_01_2026/temp_models/trial_96
Modelo LSTM. Treino: 2012 a 2018. Validação: 2019. Teste: 2020.
Dataset: V44. Log Transform: Não.
Obs: ajuste de seed

Hyperparams:
input_size: 6, h: 1, lr: 1.2250088069602024e-05, batch: 32, encoder n layers: 1, decoder layers: 1",2026-01-18T20:02:53
2019_cluster_0,Manhuacu,2019-12-31T00:00:00,1.019980879541109,1.3604,33.38,validacao,V44,LSTM,"/media/marcos/Marcos/Codigos/Predicao_Cafe_Arabica/Teste_2_reuniao_16_dez_ajuste_seed_16_01_2026/temp_models/trial_96
Modelo LSTM. Treino: 2012 a 2018. Validação: 2019. Teste: 2020.
Dataset: V44. Log Transform: Não.
Obs: ajuste de seed

Hyperparams:
input_size: 6, h: 1, lr: 1.2250088069602024e-05, batch: 32, encoder n layers: 1, decoder layers: 1",2026-01-18T20:02:53
2019_cluster_0,Manhumirim,2019-12-31T00:00:00,1.2,1.631118,35.93,validacao,V44,LSTM,"/media/marcos/Marcos/Codigos/Predicao_Cafe_Arabica/Teste_2_reuniao_16_dez_ajuste_seed_16_01_2026/temp_models/trial_96
Modelo LSTM. Treino: 2012 a 2018. Validação: 2019. Teste: 2020.
Dataset: V44. Log Transform: Não.
Obs: ajuste de seed

Hyperparams:
input_size: 6, h: 1, lr: 1.2250088069602024e-05, batch: 32, encoder n layers: 1, decoder layers: 1",2026-01-18T20:02:53
2019_cluster_0,Martins_Soares,2019-12-31T00:00:00,1.619918699186992,1.727416,6.64,validacao,V44,LSTM,"/media/marcos/Marcos/Codigos/Predicao_Cafe_Arabica/Teste_2_reuniao_16_dez_ajuste_seed_16_01_2026/temp_models/trial_96
Modelo LSTM. Treino: 2012 a 2018. Validação: 2019. Teste: 2020.
Dataset: V44. Log Transform: Não.
Obs: ajuste de seed

Hyperparams:
input_size: 6, h: 1, lr: 1.2250088069602024e-05, batch: 32, encoder n layers: 1, decoder layers: 1",2026-01-18T20:02:53
2019_cluster_0,Matipo,2019-12-31T00:00:00,1.32,1.3222852,0.17,validacao,V44,LSTM,"/media/marcos/Marcos/Codigos/Predicao_Cafe_Arabica/Teste_2_reuniao_16_dez_ajuste_seed_16_01_2026/temp_models/trial_96
Modelo LSTM. Treino: 2012 a 2018. Validação: 2019. Teste: 2020.
Dataset: V44. Log Transform: Não.
Obs: ajuste de seed

Hyperparams:
input_size: 6, h: 1, lr: 1.2250088069602024e-05, batch: 32, encoder n layers: 1, decoder layers: 1",2026-01-18T20:02:53
2019_cluster_0,Medeiros,2019-12-31T00:00:00,1.199936224489796,1.816196,51.36,validacao,V44,LSTM,"/media/marcos/Marcos/Codigos/Predicao_Cafe_Arabica/Teste_2_reuniao_16_dez_ajuste_seed_16_01_2026/temp_models/trial_96
Modelo LSTM. Treino: 2012 a 2018. Validação: 2019. Teste: 2020.
Dataset: V44. Log Transform: Não.
Obs: ajuste de seed

Hyperparams:
input_size: 6, h: 1, lr: 1.2250088069602024e-05, batch: 32, encoder n layers: 1, decoder layers: 1",2026-01-18T20:02:53
2019_cluster_0,Miradouro,2019-12-31T00:00:00,1.32,1.5816675,19.82,validacao,V44,LSTM,"/media/marcos/Marcos/Codigos/Predicao_Cafe_Arabica/Teste_2_reuniao_16_dez_ajuste_seed_16_01_2026/temp_models/trial_96
Modelo LSTM. Treino: 2012 a 2018. Validação: 2019. Teste: 2020.
Dataset: V44. Log Transform: Não.
Obs: ajuste de seed

Hyperparams:
input_size: 6, h: 1, lr: 1.2250088069602024e-05, batch: 32, encoder n layers: 1, decoder layers: 1",2026-01-18T20:02:53
2019_cluster_0,Mirai,2019-12-31T00:00:00,1.2,1.1049436,7.92,validacao,V44,LSTM,"/media/marcos/Marcos/Codigos/Predicao_Cafe_Arabica/Teste_2_reuniao_16_dez_ajuste_seed_16_01_2026/temp_models/trial_96
Modelo LSTM. Treino: 2012 a 2018. Validação: 2019. Teste: 2020.
Dataset: V44. Log Transform: Não.
Obs: ajuste de seed

Hyperparams:
input_size: 6, h: 1, lr: 1.2250088069602024e-05, batch: 32, encoder n layers: 1, decoder layers: 1",2026-01-18T20:02:53
2019_cluster_0,Moeda,2019-12-31T00:00:00,1.0,1.182173,18.22,validacao,V44,LSTM,"/media/marcos/Marcos/Codigos/Predicao_Cafe_Arabica/Teste_2_reuniao_16_dez_ajuste_seed_16_01_2026/temp_models/trial_96
Modelo LSTM. Treino: 2012 a 2018. Validação: 2019. Teste: 2020.
Dataset: V44. Log Transform: Não.
Obs: ajuste de seed

Hyperparams:
input_size: 6, h: 1, lr: 1.2250088069602024e-05, batch: 32, encoder n layers: 1, decoder layers: 1",2026-01-18T20:02:53
2019_cluster_0,Muriae,2019-12-31T00:00:00,1.02054794520548,1.3520919,32.49,validacao,V44,LSTM,"/media/marcos/Marcos/Codigos/Predicao_Cafe_Arabica/Teste_2_reuniao_16_dez_ajuste_seed_16_01_2026/temp_models/trial_96
Modelo LSTM. Treino: 2012 a 2018. Validação: 2019. Teste: 2020.
Dataset: V44. Log Transform: Não.
Obs: ajuste de seed

Hyperparams:
input_size: 6, h: 1, lr: 1.2250088069602024e-05, batch: 32, encoder n layers: 1, decoder layers: 1",2026-01-18T20:02:53
2019_cluster_0,Mutum,2019-12-31T00:00:00,1.443066666666667,1.3489724,6.52,validacao,V44,LSTM,"/media/marcos/Marcos/Codigos/Predicao_Cafe_Arabica/Teste_2_reuniao_16_dez_ajuste_seed_16_01_2026/temp_models/trial_96
Modelo LSTM. Treino: 2012 a 2018. Validação: 2019. Teste: 2020.
Dataset: V44. Log Transform: Não.
Obs: ajuste de seed

Hyperparams:
input_size: 6, h: 1, lr: 1.2250088069602024e-05, batch: 32, encoder n layers: 1, decoder layers: 1",2026-01-18T20:02:53
2019_cluster_0,Nazareno,2019-12-31T00:00:00,1.680203045685279,1.7194334,2.33,validacao,V44,LSTM,"/media/marcos/Marcos/Codigos/Predicao_Cafe_Arabica/Teste_2_reuniao_16_dez_ajuste_seed_16_01_2026/temp_models/trial_96
Modelo LSTM. Treino: 2012 a 2018. Validação: 2019. Teste: 2020.
Dataset: V44. Log Transform: Não.
Obs: ajuste de seed

Hyperparams:
input_size: 6, h: 1, lr: 1.2250088069602024e-05, batch: 32, encoder n layers: 1, decoder layers: 1",2026-01-18T20:02:53
2019_cluster_0,Nepomuceno,2019-12-31T00:00:00,1.5,1.616781,7.79,validacao,V44,LSTM,"/media/marcos/Marcos/Codigos/Predicao_Cafe_Arabica/Teste_2_reuniao_16_dez_ajuste_seed_16_01_2026/temp_models/trial_96
Modelo LSTM. Treino: 2012 a 2018. Validação: 2019. Teste: 2020.
Dataset: V44. Log Transform: Não.
Obs: ajuste de seed

Hyperparams:
input_size: 6, h: 1, lr: 1.2250088069602024e-05, batch: 32, encoder n layers: 1, decoder layers: 1",2026-01-18T20:02:53
2019_cluster_0,Oliveira,2019-12-31T00:00:00,1.56,1.6723083,7.2,validacao,V44,LSTM,"/media/marcos/Marcos/Codigos/Predicao_Cafe_Arabica/Teste_2_reuniao_16_dez_ajuste_seed_16_01_2026/temp_models/trial_96
Modelo LSTM. Treino: 2012 a 2018. Validação: 2019. Teste: 2020.
Dataset: V44. Log Transform: Não.
Obs: ajuste de seed

Hyperparams:
input_size: 6, h: 1, lr: 1.2250088069602024e-05, batch: 32, encoder n layers: 1, decoder layers: 1",2026-01-18T20:02:53
2019_cluster_0,Orizania,2019-12-31T00:00:00,1.379912663755459,1.5400661,11.61,validacao,V44,LSTM,"/media/marcos/Marcos/Codigos/Predicao_Cafe_Arabica/Teste_2_reuniao_16_dez_ajuste_seed_16_01_2026/temp_models/trial_96
Modelo LSTM. Treino: 2012 a 2018. Validação: 2019. Teste: 2020.
Dataset: V44. Log Transform: Não.
Obs: ajuste de seed

Hyperparams:
input_size: 6, h: 1, lr: 1.2250088069602024e-05, batch: 32, encoder n layers: 1, decoder layers: 1",2026-01-18T20:02:53
2019_cluster_0,Paraguacu,2019-12-31T00:00:00,1.559970993473532,1.5771735,1.1,validacao,V44,LSTM,"/media/marcos/Marcos/Codigos/Predicao_Cafe_Arabica/Teste_2_reuniao_16_dez_ajuste_seed_16_01_2026/temp_models/trial_96
Modelo LSTM. Treino: 2012 a 2018. Validação: 2019. Teste: 2020.
Dataset: V44. Log Transform: Não.
Obs: ajuste de seed

Hyperparams:
input_size: 6, h: 1, lr: 1.2250088069602024e-05, batch: 32, encoder n layers: 1, decoder layers: 1",2026-01-18T20:02:53
2019_cluster_0,Passa_Tempo,2019-12-31T00:00:00,1.5,1.6998665,13.32,validacao,V44,LSTM,"/media/marcos/Marcos/Codigos/Predicao_Cafe_Arabica/Teste_2_reuniao_16_dez_ajuste_seed_16_01_2026/temp_models/trial_96
Modelo LSTM. Treino: 2012 a 2018. Validação: 2019. Teste: 2020.
Dataset: V44. Log Transform: Não.
Obs: ajuste de seed

Hyperparams:
input_size: 6, h: 1, lr: 1.2250088069602024e-05, batch: 32, encoder n layers: 1, decoder layers: 1",2026-01-18T20:02:53
2019_cluster_0,Perdoes,2019-12-31T00:00:00,1.73993288590604,1.6157731,7.14,validacao,V44,LSTM,"/media/marcos/Marcos/Codigos/Predicao_Cafe_Arabica/Teste_2_reuniao_16_dez_ajuste_seed_16_01_2026/temp_models/trial_96
Modelo LSTM. Treino: 2012 a 2018. Validação: 2019. Teste: 2020.
Dataset: V44. Log Transform: Não.
Obs: ajuste de seed

Hyperparams:
input_size: 6, h: 1, lr: 1.2250088069602024e-05, batch: 32, encoder n layers: 1, decoder layers: 1",2026-01-18T20:02:53
2019_cluster_0,Pimenta,2019-12-31T00:00:00,1.5,1.9178882,27.86,validacao,V44,LSTM,"/media/marcos/Marcos/Codigos/Predicao_Cafe_Arabica/Teste_2_reuniao_16_dez_ajuste_seed_16_01_2026/temp_models/trial_96
Modelo LSTM. Treino: 2012 a 2018. Validação: 2019. Teste: 2020.
Dataset: V44. Log Transform: Não.
Obs: ajuste de seed

Hyperparams:
input_size: 6, h: 1, lr: 1.2250088069602024e-05, batch: 32, encoder n layers: 1, decoder layers: 1",2026-01-18T20:02:53
2019_cluster_0,Piranga,2019-12-31T00:00:00,2.1,1.7527136,16.54,validacao,V44,LSTM,"/media/marcos/Marcos/Codigos/Predicao_Cafe_Arabica/Teste_2_reuniao_16_dez_ajuste_seed_16_01_2026/temp_models/trial_96
Modelo LSTM. Treino: 2012 a 2018. Validação: 2019. Teste: 2020.
Dataset: V44. Log Transform: Não.
Obs: ajuste de seed

Hyperparams:
input_size: 6, h: 1, lr: 1.2250088069602024e-05, batch: 32, encoder n layers: 1, decoder layers: 1",2026-01-18T20:02:53
2019_cluster_0,Piumhi,2019-12-31T00:00:00,1.319975230007077,1.5444145,17.0,validacao,V44,LSTM,"/media/marcos/Marcos/Codigos/Predicao_Cafe_Arabica/Teste_2_reuniao_16_dez_ajuste_seed_16_01_2026/temp_models/trial_96
Modelo LSTM. Treino: 2012 a 2018. Validação: 2019. Teste: 2020.
Dataset: V44. Log Transform: Não.
Obs: ajuste de seed

Hyperparams:
input_size: 6, h: 1, lr: 1.2250088069602024e-05, batch: 32, encoder n layers: 1, decoder layers: 1",2026-01-18T20:02:53
2019_cluster_0,Ponte_Nova,2019-12-31T00:00:00,1.166666666666667,1.2797574,9.69,validacao,V44,LSTM,"/media/marcos/Marcos/Codigos/Predicao_Cafe_Arabica/Teste_2_reuniao_16_dez_ajuste_seed_16_01_2026/temp_models/trial_96
Modelo LSTM. Treino: 2012 a 2018. Validação: 2019. Teste: 2020.
Dataset: V44. Log Transform: Não.
Obs: ajuste de seed

Hyperparams:
input_size: 6, h: 1, lr: 1.2250088069602024e-05, batch: 32, encoder n layers: 1, decoder layers: 1",2026-01-18T20:02:53
2019_cluster_0,Porto_Firme,2019-12-31T00:00:00,1.119607843137255,1.2115328,8.21,validacao,V44,LSTM,"/media/marcos/Marcos/Codigos/Predicao_Cafe_Arabica/Teste_2_reuniao_16_dez_ajuste_seed_16_01_2026/temp_models/trial_96
Modelo LSTM. Treino: 2012 a 2018. Validação: 2019. Teste: 2020.
Dataset: V44. Log Transform: Não.
Obs: ajuste de seed

Hyperparams:
input_size: 6, h: 1, lr: 1.2250088069602024e-05, batch: 32, encoder n layers: 1, decoder layers: 1",2026-01-18T20:02:53
2019_cluster_0,Raul_Soares,2019-12-31T00:00:00,1.2,1.0402788,13.31,validacao,V44,LSTM,"/media/marcos/Marcos/Codigos/Predicao_Cafe_Arabica/Teste_2_reuniao_16_dez_ajuste_seed_16_01_2026/temp_models/trial_96
Modelo LSTM. Treino: 2012 a 2018. Validação: 2019. Teste: 2020.
Dataset: V44. Log Transform: Não.
Obs: ajuste de seed

Hyperparams:
input_size: 6, h: 1, lr: 1.2250088069602024e-05, batch: 32, encoder n layers: 1, decoder layers: 1",2026-01-18T20:02:53
2019_cluster_0,Reduto,2019-12-31T00:00:00,1.259851301115242,1.4872781,18.05,validacao,V44,LSTM,"/media/marcos/Marcos/Codigos/Predicao_Cafe_Arabica/Teste_2_reuniao_16_dez_ajuste_seed_16_01_2026/temp_models/trial_96
Modelo LSTM. Treino: 2012 a 2018. Validação: 2019. Teste: 2020.
Dataset: V44. Log Transform: Não.
Obs: ajuste de seed

Hyperparams:
input_size: 6, h: 1, lr: 1.2250088069602024e-05, batch: 32, encoder n layers: 1, decoder layers: 1",2026-01-18T20:02:53
2019_cluster_0,Ribeirao_Vermelho,2019-12-31T00:00:00,1.5,1.5307068,2.05,validacao,V44,LSTM,"/media/marcos/Marcos/Codigos/Predicao_Cafe_Arabica/Teste_2_reuniao_16_dez_ajuste_seed_16_01_2026/temp_models/trial_96
Modelo LSTM. Treino: 2012 a 2018. Validação: 2019. Teste: 2020.
Dataset: V44. Log Transform: Não.
Obs: ajuste de seed

Hyperparams:
input_size: 6, h: 1, lr: 1.2250088069602024e-05, batch: 32, encoder n layers: 1, decoder layers: 1",2026-01-18T20:02:53
2019_cluster_0,Ritapolis,2019-12-31T00:00:00,1.800884955752212,1.8063995,0.31,validacao,V44,LSTM,"/media/marcos/Marcos/Codigos/Predicao_Cafe_Arabica/Teste_2_reuniao_16_dez_ajuste_seed_16_01_2026/temp_models/trial_96
Modelo LSTM. Treino: 2012 a 2018. Validação: 2019. Teste: 2020.
Dataset: V44. Log Transform: Não.
Obs: ajuste de seed

Hyperparams:
input_size: 6, h: 1, lr: 1.2250088069602024e-05, batch: 32, encoder n layers: 1, decoder layers: 1",2026-01-18T20:02:53
2019_cluster_0,Rosario_da_Limeira,2019-12-31T00:00:00,1.2,1.3218957,10.16,validacao,V44,LSTM,"/media/marcos/Marcos/Codigos/Predicao_Cafe_Arabica/Teste_2_reuniao_16_dez_ajuste_seed_16_01_2026/temp_models/trial_96
Modelo LSTM. Treino: 2012 a 2018. Validação: 2019. Teste: 2020.
Dataset: V44. Log Transform: Não.
Obs: ajuste de seed

Hyperparams:
input_size: 6, h: 1, lr: 1.2250088069602024e-05, batch: 32, encoder n layers: 1, decoder layers: 1",2026-01-18T20:02:53
2019_cluster_0,Santa_Barbara_do_Leste,2019-12-31T00:00:00,1.139892904953146,1.1974518,5.05,validacao,V44,LSTM,"/media/marcos/Marcos/Codigos/Predicao_Cafe_Arabica/Teste_2_reuniao_16_dez_ajuste_seed_16_01_2026/temp_models/trial_96
Modelo LSTM. Treino: 2012 a 2018. Validação: 2019. Teste: 2020.
Dataset: V44. Log Transform: Não.
Obs: ajuste de seed

Hyperparams:
input_size: 6, h: 1, lr: 1.2250088069602024e-05, batch: 32, encoder n layers: 1, decoder layers: 1",2026-01-18T20:02:53
2019_cluster_0,Santa_Margarida,2019-12-31T00:00:00,1.2,1.4962212,24.69,validacao,V44,LSTM,"/media/marcos/Marcos/Codigos/Predicao_Cafe_Arabica/Teste_2_reuniao_16_dez_ajuste_seed_16_01_2026/temp_models/trial_96
Modelo LSTM. Treino: 2012 a 2018. Validação: 2019. Teste: 2020.
Dataset: V44. Log Transform: Não.
Obs: ajuste de seed

Hyperparams:
input_size: 6, h: 1, lr: 1.2250088069602024e-05, batch: 32, encoder n layers: 1, decoder layers: 1",2026-01-18T20:02:53
2019_cluster_0,Santa_Rita_de_Minas,2019-12-31T00:00:00,1.26,1.2198159,3.19,validacao,V44,LSTM,"/media/marcos/Marcos/Codigos/Predicao_Cafe_Arabica/Teste_2_reuniao_16_dez_ajuste_seed_16_01_2026/temp_models/trial_96
Modelo LSTM. Treino: 2012 a 2018. Validação: 2019. Teste: 2020.
Dataset: V44. Log Transform: Não.
Obs: ajuste de seed

Hyperparams:
input_size: 6, h: 1, lr: 1.2250088069602024e-05, batch: 32, encoder n layers: 1, decoder layers: 1",2026-01-18T20:02:53
2019_cluster_0,Santa_Rita_do_Itueto,2019-12-31T00:00:00,1.649769585253456,1.178658,28.56,validacao,V44,LSTM,"/media/marcos/Marcos/Codigos/Predicao_Cafe_Arabica/Teste_2_reuniao_16_dez_ajuste_seed_16_01_2026/temp_models/trial_96
Modelo LSTM. Treino: 2012 a 2018. Validação: 2019. Teste: 2020.
Dataset: V44. Log Transform: Não.
Obs: ajuste de seed

Hyperparams:
input_size: 6, h: 1, lr: 1.2250088069602024e-05, batch: 32, encoder n layers: 1, decoder layers: 1",2026-01-18T20:02:53
2019_cluster_0,Santana_da_Vargem,2019-12-31T00:00:00,1.799944040290991,1.6628191,7.62,validacao,V44,LSTM,"/media/marcos/Marcos/Codigos/Predicao_Cafe_Arabica/Teste_2_reuniao_16_dez_ajuste_seed_16_01_2026/temp_models/trial_96
Modelo LSTM. Treino: 2012 a 2018. Validação: 2019. Teste: 2020.
Dataset: V44. Log Transform: Não.
Obs: ajuste de seed

Hyperparams:
input_size: 6, h: 1, lr: 1.2250088069602024e-05, batch: 32, encoder n layers: 1, decoder layers: 1",2026-01-18T20:02:53
2019_cluster_0,Santana_do_Jacare,2019-12-31T00:00:00,1.2,1.4902463,24.19,validacao,V44,LSTM,"/media/marcos/Marcos/Codigos/Predicao_Cafe_Arabica/Teste_2_reuniao_16_dez_ajuste_seed_16_01_2026/temp_models/trial_96
Modelo LSTM. Treino: 2012 a 2018. Validação: 2019. Teste: 2020.
Dataset: V44. Log Transform: Não.
Obs: ajuste de seed

Hyperparams:
input_size: 6, h: 1, lr: 1.2250088069602024e-05, batch: 32, encoder n layers: 1, decoder layers: 1",2026-01-18T20:02:53
2019_cluster_0,Santana_do_Manhuacu,2019-12-31T00:00:00,1.5,1.4213594,5.24,validacao,V44,LSTM,"/media/marcos/Marcos/Codigos/Predicao_Cafe_Arabica/Teste_2_reuniao_16_dez_ajuste_seed_16_01_2026/temp_models/trial_96
Modelo LSTM. Treino: 2012 a 2018. Validação: 2019. Teste: 2020.
Dataset: V44. Log Transform: Não.
Obs: ajuste de seed

Hyperparams:
input_size: 6, h: 1, lr: 1.2250088069602024e-05, batch: 32, encoder n layers: 1, decoder layers: 1",2026-01-18T20:02:53
2019_cluster_0,Sao_Domingos_das_Dores,2019-12-31T00:00:00,1.296118830857691,1.6738937,29.15,validacao,V44,LSTM,"/media/marcos/Marcos/Codigos/Predicao_Cafe_Arabica/Teste_2_reuniao_16_dez_ajuste_seed_16_01_2026/temp_models/trial_96
Modelo LSTM. Treino: 2012 a 2018. Validação: 2019. Teste: 2020.
Dataset: V44. Log Transform: Não.
Obs: ajuste de seed

Hyperparams:
input_size: 6, h: 1, lr: 1.2250088069602024e-05, batch: 32, encoder n layers: 1, decoder layers: 1",2026-01-18T20:02:53
2019_cluster_0,Sao_Francisco_de_Paula,2019-12-31T00:00:00,1.64,1.4538708,11.35,validacao,V44,LSTM,"/media/marcos/Marcos/Codigos/Predicao_Cafe_Arabica/Teste_2_reuniao_16_dez_ajuste_seed_16_01_2026/temp_models/trial_96
Modelo LSTM. Treino: 2012 a 2018. Validação: 2019. Teste: 2020.
Dataset: V44. Log Transform: Não.
Obs: ajuste de seed

Hyperparams:
input_size: 6, h: 1, lr: 1.2250088069602024e-05, batch: 32, encoder n layers: 1, decoder layers: 1",2026-01-18T20:02:53
2019_cluster_0,Sao_Francisco_do_Gloria,2019-12-31T00:00:00,0.9,1.3266996,47.41,validacao,V44,LSTM,"/media/marcos/Marcos/Codigos/Predicao_Cafe_Arabica/Teste_2_reuniao_16_dez_ajuste_seed_16_01_2026/temp_models/trial_96
Modelo LSTM. Treino: 2012 a 2018. Validação: 2019. Teste: 2020.
Dataset: V44. Log Transform: Não.
Obs: ajuste de seed

Hyperparams:
input_size: 6, h: 1, lr: 1.2250088069602024e-05, batch: 32, encoder n layers: 1, decoder layers: 1",2026-01-18T20:02:53
2019_cluster_0,Sao_Joao_do_Manhuacu,2019-12-31T00:00:00,1.320060560181681,1.5170047,14.92,validacao,V44,LSTM,"/media/marcos/Marcos/Codigos/Predicao_Cafe_Arabica/Teste_2_reuniao_16_dez_ajuste_seed_16_01_2026/temp_models/trial_96
Modelo LSTM. Treino: 2012 a 2018. Validação: 2019. Teste: 2020.
Dataset: V44. Log Transform: Não.
Obs: ajuste de seed

Hyperparams:
input_size: 6, h: 1, lr: 1.2250088069602024e-05, batch: 32, encoder n layers: 1, decoder layers: 1",2026-01-18T20:02:53
2019_cluster_0,Sao_Jose_do_Mantimento,2019-12-31T00:00:00,1.56039603960396,1.3317618,14.65,validacao,V44,LSTM,"/media/marcos/Marcos/Codigos/Predicao_Cafe_Arabica/Teste_2_reuniao_16_dez_ajuste_seed_16_01_2026/temp_models/trial_96
Modelo LSTM. Treino: 2012 a 2018. Validação: 2019. Teste: 2020.
Dataset: V44. Log Transform: Não.
Obs: ajuste de seed

Hyperparams:
input_size: 6, h: 1, lr: 1.2250088069602024e-05, batch: 32, encoder n layers: 1, decoder layers: 1",2026-01-18T20:02:53
2019_cluster_0,Sao_Roque_de_Minas,2019-12-31T00:00:00,1.500095510983763,1.395779,6.95,validacao,V44,LSTM,"/media/marcos/Marcos/Codigos/Predicao_Cafe_Arabica/Teste_2_reuniao_16_dez_ajuste_seed_16_01_2026/temp_models/trial_96
Modelo LSTM. Treino: 2012 a 2018. Validação: 2019. Teste: 2020.
Dataset: V44. Log Transform: Não.
Obs: ajuste de seed

Hyperparams:
input_size: 6, h: 1, lr: 1.2250088069602024e-05, batch: 32, encoder n layers: 1, decoder layers: 1",2026-01-18T20:02:53
2019_cluster_0,Sao_Tiago,2019-12-31T00:00:00,1.679886685552408,2.0101795,19.66,validacao,V44,LSTM,"/media/marcos/Marcos/Codigos/Predicao_Cafe_Arabica/Teste_2_reuniao_16_dez_ajuste_seed_16_01_2026/temp_models/trial_96
Modelo LSTM. Treino: 2012 a 2018. Validação: 2019. Teste: 2020.
Dataset: V44. Log Transform: Não.
Obs: ajuste de seed

Hyperparams:
input_size: 6, h: 1, lr: 1.2250088069602024e-05, batch: 32, encoder n layers: 1, decoder layers: 1",2026-01-18T20:02:53
2019_cluster_0,Sao_Tomas_de_Aquino,2019-12-31T00:00:00,1.560034623469766,1.5797693,1.27,validacao,V44,LSTM,"/media/marcos/Marcos/Codigos/Predicao_Cafe_Arabica/Teste_2_reuniao_16_dez_ajuste_seed_16_01_2026/temp_models/trial_96
Modelo LSTM. Treino: 2012 a 2018. Validação: 2019. Teste: 2020.
Dataset: V44. Log Transform: Não.
Obs: ajuste de seed

Hyperparams:
input_size: 6, h: 1, lr: 1.2250088069602024e-05, batch: 32, encoder n layers: 1, decoder layers: 1",2026-01-18T20:02:53
2019_cluster_0,Senador_Firmino,2019-12-31T00:00:00,1.32258064516129,1.8655334,41.05,validacao,V44,LSTM,"/media/marcos/Marcos/Codigos/Predicao_Cafe_Arabica/Teste_2_reuniao_16_dez_ajuste_seed_16_01_2026/temp_models/trial_96
Modelo LSTM. Treino: 2012 a 2018. Validação: 2019. Teste: 2020.
Dataset: V44. Log Transform: Não.
Obs: ajuste de seed

Hyperparams:
input_size: 6, h: 1, lr: 1.2250088069602024e-05, batch: 32, encoder n layers: 1, decoder layers: 1",2026-01-18T20:02:53
2019_cluster_0,Senhora_de_Oliveira,2019-12-31T00:00:00,1.6625,1.6072316,3.32,validacao,V44,LSTM,"/media/marcos/Marcos/Codigos/Predicao_Cafe_Arabica/Teste_2_reuniao_16_dez_ajuste_seed_16_01_2026/temp_models/trial_96
Modelo LSTM. Treino: 2012 a 2018. Validação: 2019. Teste: 2020.
Dataset: V44. Log Transform: Não.
Obs: ajuste de seed

Hyperparams:
input_size: 6, h: 1, lr: 1.2250088069602024e-05, batch: 32, encoder n layers: 1, decoder layers: 1",2026-01-18T20:02:53
2019_cluster_0,Sericita,2019-12-31T00:00:00,0.9,1.4122537,56.92,validacao,V44,LSTM,"/media/marcos/Marcos/Codigos/Predicao_Cafe_Arabica/Teste_2_reuniao_16_dez_ajuste_seed_16_01_2026/temp_models/trial_96
Modelo LSTM. Treino: 2012 a 2018. Validação: 2019. Teste: 2020.
Dataset: V44. Log Transform: Não.
Obs: ajuste de seed

Hyperparams:
input_size: 6, h: 1, lr: 1.2250088069602024e-05, batch: 32, encoder n layers: 1, decoder layers: 1",2026-01-18T20:02:53
2019_cluster_0,Simonesia,2019-12-31T00:00:00,1.32,1.3566991,2.78,validacao,V44,LSTM,"/media/marcos/Marcos/Codigos/Predicao_Cafe_Arabica/Teste_2_reuniao_16_dez_ajuste_seed_16_01_2026/temp_models/trial_96
Modelo LSTM. Treino: 2012 a 2018. Validação: 2019. Teste: 2020.
Dataset: V44. Log Transform: Não.
Obs: ajuste de seed

Hyperparams:
input_size: 6, h: 1, lr: 1.2250088069602024e-05, batch: 32, encoder n layers: 1, decoder layers: 1",2026-01-18T20:02:53
2019_cluster_0,Tapirai,2019-12-31T00:00:00,1.679835390946502,1.7017628,1.31,validacao,V44,LSTM,"/media/marcos/Marcos/Codigos/Predicao_Cafe_Arabica/Teste_2_reuniao_16_dez_ajuste_seed_16_01_2026/temp_models/trial_96
Modelo LSTM. Treino: 2012 a 2018. Validação: 2019. Teste: 2020.
Dataset: V44. Log Transform: Não.
Obs: ajuste de seed

Hyperparams:
input_size: 6, h: 1, lr: 1.2250088069602024e-05, batch: 32, encoder n layers: 1, decoder layers: 1",2026-01-18T20:02:53
2019_cluster_0,Tombos,2019-12-31T00:00:00,0.96,1.1881741,23.77,validacao,V44,LSTM,"/media/marcos/Marcos/Codigos/Predicao_Cafe_Arabica/Teste_2_reuniao_16_dez_ajuste_seed_16_01_2026/temp_models/trial_96
Modelo LSTM. Treino: 2012 a 2018. Validação: 2019. Teste: 2020.
Dataset: V44. Log Transform: Não.
Obs: ajuste de seed

Hyperparams:
input_size: 6, h: 1, lr: 1.2250088069602024e-05, batch: 32, encoder n layers: 1, decoder layers: 1",2026-01-18T20:02:53
2019_cluster_0,Tres_Pontas,2019-12-31T00:00:00,1.74,1.7516661,0.67,validacao,V44,LSTM,"/media/marcos/Marcos/Codigos/Predicao_Cafe_Arabica/Teste_2_reuniao_16_dez_ajuste_seed_16_01_2026/temp_models/trial_96
Modelo LSTM. Treino: 2012 a 2018. Validação: 2019. Teste: 2020.
Dataset: V44. Log Transform: Não.
Obs: ajuste de seed

Hyperparams:
input_size: 6, h: 1, lr: 1.2250088069602024e-05, batch: 32, encoder n layers: 1, decoder layers: 1",2026-01-18T20:02:53
2019_cluster_0,Ubaporanga,2019-12-31T00:00:00,1.320030895983522,1.2418025,5.93,validacao,V44,LSTM,"/media/marcos/Marcos/Codigos/Predicao_Cafe_Arabica/Teste_2_reuniao_16_dez_ajuste_seed_16_01_2026/temp_models/trial_96
Modelo LSTM. Treino: 2012 a 2018. Validação: 2019. Teste: 2020.
Dataset: V44. Log Transform: Não.
Obs: ajuste de seed

Hyperparams:
input_size: 6, h: 1, lr: 1.2250088069602024e-05, batch: 32, encoder n layers: 1, decoder layers: 1",2026-01-18T20:02:53
2019_cluster_0,Vargem_Bonita,2019-12-31T00:00:00,2.1,1.6253855,22.6,validacao,V44,LSTM,"/media/marcos/Marcos/Codigos/Predicao_Cafe_Arabica/Teste_2_reuniao_16_dez_ajuste_seed_16_01_2026/temp_models/trial_96
Modelo LSTM. Treino: 2012 a 2018. Validação: 2019. Teste: 2020.
Dataset: V44. Log Transform: Não.
Obs: ajuste de seed

Hyperparams:
input_size: 6, h: 1, lr: 1.2250088069602024e-05, batch: 32, encoder n layers: 1, decoder layers: 1",2026-01-18T20:02:53
2019_cluster_0,Vermelho_Novo,2019-12-31T00:00:00,1.079912663755459,1.1291927,4.56,validacao,V44,LSTM,"/media/marcos/Marcos/Codigos/Predicao_Cafe_Arabica/Teste_2_reuniao_16_dez_ajuste_seed_16_01_2026/temp_models/trial_96
Modelo LSTM. Treino: 2012 a 2018. Validação: 2019. Teste: 2020.
Dataset: V44. Log Transform: Não.
Obs: ajuste de seed

Hyperparams:
input_size: 6, h: 1, lr: 1.2250088069602024e-05, batch: 32, encoder n layers: 1, decoder layers: 1",2026-01-18T20:02:53
2019_cluster_0,Vicosa,2019-12-31T00:00:00,0.8395833333333333,1.4951924,78.09,validacao,V44,LSTM,"/media/marcos/Marcos/Codigos/Predicao_Cafe_Arabica/Teste_2_reuniao_16_dez_ajuste_seed_16_01_2026/temp_models/trial_96
Modelo LSTM. Treino: 2012 a 2018. Validação: 2019. Teste: 2020.
Dataset: V44. Log Transform: Não.
Obs: ajuste de seed

Hyperparams:
input_size: 6, h: 1, lr: 1.2250088069602024e-05, batch: 32, encoder n layers: 1, decoder layers: 1",2026-01-18T20:02:53
2019_cluster_0,Vieiras,2019-12-31T00:00:00,1.019736842105263,1.5008284,47.18,validacao,V44,LSTM,"/media/marcos/Marcos/Codigos/Predicao_Cafe_Arabica/Teste_2_reuniao_16_dez_ajuste_seed_16_01_2026/temp_models/trial_96
Modelo LSTM. Treino: 2012 a 2018. Validação: 2019. Teste: 2020.
Dataset: V44. Log Transform: Não.
Obs: ajuste de seed

Hyperparams:
input_size: 6, h: 1, lr: 1.2250088069602024e-05, batch: 32, encoder n layers: 1, decoder layers: 1",2026-01-18T20:02:53
2019_cluster_0,Aguanil,2020-12-31T00:00:00,2.164485981308411,1.6901414,21.91,teste,V44,LSTM,"/media/marcos/Marcos/Codigos/Predicao_Cafe_Arabica/Teste_2_reuniao_16_dez_ajuste_seed_16_01_2026/temp_models/trial_96
Modelo LSTM. Treino: 2012 a 2018. Validação: 2019. Teste: 2020.
Dataset: V44. Log Transform: Não.
Obs: ajuste de seed

Hyperparams:
input_size: 6, h: 1, lr: 1.2250088069602024e-05, batch: 32, encoder n layers: 1, decoder layers: 1",2026-01-18T20:02:53
2019_cluster_0,Alfenas,2020-12-31T00:00:00,2.364130434782609,1.9296061,18.38,teste,V44,LSTM,"/media/marcos/Marcos/Codigos/Predicao_Cafe_Arabica/Teste_2_reuniao_16_dez_ajuste_seed_16_01_2026/temp_models/trial_96
Modelo LSTM. Treino: 2012 a 2018. Validação: 2019. Teste: 2020.
Dataset: V44. Log Transform: Não.
Obs: ajuste de seed

Hyperparams:
input_size: 6, h: 1, lr: 1.2250088069602024e-05, batch: 32, encoder n layers: 1, decoder layers: 1",2026-01-18T20:02:53
2019_cluster_0,Alto_Caparao,2020-12-31T00:00:00,1.92,1.5571654,18.9,teste,V44,LSTM,"/media/marcos/Marcos/Codigos/Predicao_Cafe_Arabica/Teste_2_reuniao_16_dez_ajuste_seed_16_01_2026/temp_models/trial_96
Modelo LSTM. Treino: 2012 a 2018. Validação: 2019. Teste: 2020.
Dataset: V44. Log Transform: Não.
Obs: ajuste de seed

Hyperparams:
input_size: 6, h: 1, lr: 1.2250088069602024e-05, batch: 32, encoder n layers: 1, decoder layers: 1",2026-01-18T20:02:53
2019_cluster_0,Alto_Jequitiba,2020-12-31T00:00:00,1.8,1.4597998,18.9,teste,V44,LSTM,"/media/marcos/Marcos/Codigos/Predicao_Cafe_Arabica/Teste_2_reuniao_16_dez_ajuste_seed_16_01_2026/temp_models/trial_96
Modelo LSTM. Treino: 2012 a 2018. Validação: 2019. Teste: 2020.
Dataset: V44. Log Transform: Não.
Obs: ajuste de seed

Hyperparams:
input_size: 6, h: 1, lr: 1.2250088069602024e-05, batch: 32, encoder n layers: 1, decoder layers: 1",2026-01-18T20:02:53
2019_cluster_0,Amparo_do_Serra,2020-12-31T00:00:00,1.43921568627451,1.2703373,11.73,teste,V44,LSTM,"/media/marcos/Marcos/Codigos/Predicao_Cafe_Arabica/Teste_2_reuniao_16_dez_ajuste_seed_16_01_2026/temp_models/trial_96
Modelo LSTM. Treino: 2012 a 2018. Validação: 2019. Teste: 2020.
Dataset: V44. Log Transform: Não.
Obs: ajuste de seed

Hyperparams:
input_size: 6, h: 1, lr: 1.2250088069602024e-05, batch: 32, encoder n layers: 1, decoder layers: 1",2026-01-18T20:02:53
2019_cluster_0,Araponga,2020-12-31T00:00:00,1.8,1.2914122,28.25,teste,V44,LSTM,"/media/marcos/Marcos/Codigos/Predicao_Cafe_Arabica/Teste_2_reuniao_16_dez_ajuste_seed_16_01_2026/temp_models/trial_96
Modelo LSTM. Treino: 2012 a 2018. Validação: 2019. Teste: 2020.
Dataset: V44. Log Transform: Não.
Obs: ajuste de seed

Hyperparams:
input_size: 6, h: 1, lr: 1.2250088069602024e-05, batch: 32, encoder n layers: 1, decoder layers: 1",2026-01-18T20:02:53
2019_cluster_0,Astolfo_Dutra,2020-12-31T00:00:00,1.75,1.6182355,7.53,teste,V44,LSTM,"/media/marcos/Marcos/Codigos/Predicao_Cafe_Arabica/Teste_2_reuniao_16_dez_ajuste_seed_16_01_2026/temp_models/trial_96
Modelo LSTM. Treino: 2012 a 2018. Validação: 2019. Teste: 2020.
Dataset: V44. Log Transform: Não.
Obs: ajuste de seed

Hyperparams:
input_size: 6, h: 1, lr: 1.2250088069602024e-05, batch: 32, encoder n layers: 1, decoder layers: 1",2026-01-18T20:02:53
2019_cluster_0,Bambui,2020-12-31T00:00:00,1.799882972498537,1.5696734,12.79,teste,V44,LSTM,"/media/marcos/Marcos/Codigos/Predicao_Cafe_Arabica/Teste_2_reuniao_16_dez_ajuste_seed_16_01_2026/temp_models/trial_96
Modelo LSTM. Treino: 2012 a 2018. Validação: 2019. Teste: 2020.
Dataset: V44. Log Transform: Não.
Obs: ajuste de seed

Hyperparams:
input_size: 6, h: 1, lr: 1.2250088069602024e-05, batch: 32, encoder n layers: 1, decoder layers: 1",2026-01-18T20:02:53
2019_cluster_0,Boa_Esperanca,2020-12-31T00:00:00,2.063248407643312,1.9129425,7.28,teste,V44,LSTM,"/media/marcos/Marcos/Codigos/Predicao_Cafe_Arabica/Teste_2_reuniao_16_dez_ajuste_seed_16_01_2026/temp_models/trial_96
Modelo LSTM. Treino: 2012 a 2018. Validação: 2019. Teste: 2020.
Dataset: V44. Log Transform: Não.
Obs: ajuste de seed

Hyperparams:
input_size: 6, h: 1, lr: 1.2250088069602024e-05, batch: 32, encoder n layers: 1, decoder layers: 1",2026-01-18T20:02:53
2019_cluster_0,Bom_Jesus_do_Galho,2020-12-31T00:00:00,1.44,1.269835,11.82,teste,V44,LSTM,"/media/marcos/Marcos/Codigos/Predicao_Cafe_Arabica/Teste_2_reuniao_16_dez_ajuste_seed_16_01_2026/temp_models/trial_96
Modelo LSTM. Treino: 2012 a 2018. Validação: 2019. Teste: 2020.
Dataset: V44. Log Transform: Não.
Obs: ajuste de seed

Hyperparams:
input_size: 6, h: 1, lr: 1.2250088069602024e-05, batch: 32, encoder n layers: 1, decoder layers: 1",2026-01-18T20:02:53
2019_cluster_0,Bom_Sucesso,2020-12-31T00:00:00,2.1,1.5446367,26.45,teste,V44,LSTM,"/media/marcos/Marcos/Codigos/Predicao_Cafe_Arabica/Teste_2_reuniao_16_dez_ajuste_seed_16_01_2026/temp_models/trial_96
Modelo LSTM. Treino: 2012 a 2018. Validação: 2019. Teste: 2020.
Dataset: V44. Log Transform: Não.
Obs: ajuste de seed

Hyperparams:
input_size: 6, h: 1, lr: 1.2250088069602024e-05, batch: 32, encoder n layers: 1, decoder layers: 1",2026-01-18T20:02:53
2019_cluster_0,Caete,2020-12-31T00:00:00,1.2,1.3121561,9.35,teste,V44,LSTM,"/media/marcos/Marcos/Codigos/Predicao_Cafe_Arabica/Teste_2_reuniao_16_dez_ajuste_seed_16_01_2026/temp_models/trial_96
Modelo LSTM. Treino: 2012 a 2018. Validação: 2019. Teste: 2020.
Dataset: V44. Log Transform: Não.
Obs: ajuste de seed

Hyperparams:
input_size: 6, h: 1, lr: 1.2250088069602024e-05, batch: 32, encoder n layers: 1, decoder layers: 1",2026-01-18T20:02:53
2019_cluster_0,Caiana,2020-12-31T00:00:00,1.5,1.2378875,17.47,teste,V44,LSTM,"/media/marcos/Marcos/Codigos/Predicao_Cafe_Arabica/Teste_2_reuniao_16_dez_ajuste_seed_16_01_2026/temp_models/trial_96
Modelo LSTM. Treino: 2012 a 2018. Validação: 2019. Teste: 2020.
Dataset: V44. Log Transform: Não.
Obs: ajuste de seed

Hyperparams:
input_size: 6, h: 1, lr: 1.2250088069602024e-05, batch: 32, encoder n layers: 1, decoder layers: 1",2026-01-18T20:02:53
2019_cluster_0,Cajuri,2020-12-31T00:00:00,1.8,1.3999534,22.22,teste,V44,LSTM,"/media/marcos/Marcos/Codigos/Predicao_Cafe_Arabica/Teste_2_reuniao_16_dez_ajuste_seed_16_01_2026/temp_models/trial_96
Modelo LSTM. Treino: 2012 a 2018. Validação: 2019. Teste: 2020.
Dataset: V44. Log Transform: Não.
Obs: ajuste de seed

Hyperparams:
input_size: 6, h: 1, lr: 1.2250088069602024e-05, batch: 32, encoder n layers: 1, decoder layers: 1",2026-01-18T20:02:53
2019_cluster_0,Camacho,2020-12-31T00:00:00,2.1,1.4541984,30.75,teste,V44,LSTM,"/media/marcos/Marcos/Codigos/Predicao_Cafe_Arabica/Teste_2_reuniao_16_dez_ajuste_seed_16_01_2026/temp_models/trial_96
Modelo LSTM. Treino: 2012 a 2018. Validação: 2019. Teste: 2020.
Dataset: V44. Log Transform: Não.
Obs: ajuste de seed

Hyperparams:
input_size: 6, h: 1, lr: 1.2250088069602024e-05, batch: 32, encoder n layers: 1, decoder layers: 1",2026-01-18T20:02:53
2019_cluster_0,Campo_do_Meio,2020-12-31T00:00:00,2.4,1.6809945,29.96,teste,V44,LSTM,"/media/marcos/Marcos/Codigos/Predicao_Cafe_Arabica/Teste_2_reuniao_16_dez_ajuste_seed_16_01_2026/temp_models/trial_96
Modelo LSTM. Treino: 2012 a 2018. Validação: 2019. Teste: 2020.
Dataset: V44. Log Transform: Não.
Obs: ajuste de seed

Hyperparams:
input_size: 6, h: 1, lr: 1.2250088069602024e-05, batch: 32, encoder n layers: 1, decoder layers: 1",2026-01-18T20:02:53
2019_cluster_0,Campos_Altos,2020-12-31T00:00:00,2.100052994170641,1.771376,15.65,teste,V44,LSTM,"/media/marcos/Marcos/Codigos/Predicao_Cafe_Arabica/Teste_2_reuniao_16_dez_ajuste_seed_16_01_2026/temp_models/trial_96
Modelo LSTM. Treino: 2012 a 2018. Validação: 2019. Teste: 2020.
Dataset: V44. Log Transform: Não.
Obs: ajuste de seed

Hyperparams:
input_size: 6, h: 1, lr: 1.2250088069602024e-05, batch: 32, encoder n layers: 1, decoder layers: 1",2026-01-18T20:02:53
2019_cluster_0,Campos_Gerais,2020-12-31T00:00:00,2.690649114843395,1.9177902,28.72,teste,V44,LSTM,"/media/marcos/Marcos/Codigos/Predicao_Cafe_Arabica/Teste_2_reuniao_16_dez_ajuste_seed_16_01_2026/temp_models/trial_96
Modelo LSTM. Treino: 2012 a 2018. Validação: 2019. Teste: 2020.
Dataset: V44. Log Transform: Não.
Obs: ajuste de seed

Hyperparams:
input_size: 6, h: 1, lr: 1.2250088069602024e-05, batch: 32, encoder n layers: 1, decoder layers: 1",2026-01-18T20:02:53
2019_cluster_0,Cana_Verde,2020-12-31T00:00:00,1.5,1.3797979,8.01,teste,V44,LSTM,"/media/marcos/Marcos/Codigos/Predicao_Cafe_Arabica/Teste_2_reuniao_16_dez_ajuste_seed_16_01_2026/temp_models/trial_96
Modelo LSTM. Treino: 2012 a 2018. Validação: 2019. Teste: 2020.
Dataset: V44. Log Transform: Não.
Obs: ajuste de seed

Hyperparams:
input_size: 6, h: 1, lr: 1.2250088069602024e-05, batch: 32, encoder n layers: 1, decoder layers: 1",2026-01-18T20:02:53
2019_cluster_0,Canaa,2020-12-31T00:00:00,1.8,1.3179313,26.78,teste,V44,LSTM,"/media/marcos/Marcos/Codigos/Predicao_Cafe_Arabica/Teste_2_reuniao_16_dez_ajuste_seed_16_01_2026/temp_models/trial_96
Modelo LSTM. Treino: 2012 a 2018. Validação: 2019. Teste: 2020.
Dataset: V44. Log Transform: Não.
Obs: ajuste de seed

Hyperparams:
input_size: 6, h: 1, lr: 1.2250088069602024e-05, batch: 32, encoder n layers: 1, decoder layers: 1",2026-01-18T20:02:53
2019_cluster_0,Candeias,2020-12-31T00:00:00,1.859937013094646,1.6572663,10.9,teste,V44,LSTM,"/media/marcos/Marcos/Codigos/Predicao_Cafe_Arabica/Teste_2_reuniao_16_dez_ajuste_seed_16_01_2026/temp_models/trial_96
Modelo LSTM. Treino: 2012 a 2018. Validação: 2019. Teste: 2020.
Dataset: V44. Log Transform: Não.
Obs: ajuste de seed

Hyperparams:
input_size: 6, h: 1, lr: 1.2250088069602024e-05, batch: 32, encoder n layers: 1, decoder layers: 1",2026-01-18T20:02:53
2019_cluster_0,Caparao,2020-12-31T00:00:00,1.919960079840319,1.5367874,19.96,teste,V44,LSTM,"/media/marcos/Marcos/Codigos/Predicao_Cafe_Arabica/Teste_2_reuniao_16_dez_ajuste_seed_16_01_2026/temp_models/trial_96
Modelo LSTM. Treino: 2012 a 2018. Validação: 2019. Teste: 2020.
Dataset: V44. Log Transform: Não.
Obs: ajuste de seed

Hyperparams:
input_size: 6, h: 1, lr: 1.2250088069602024e-05, batch: 32, encoder n layers: 1, decoder layers: 1",2026-01-18T20:02:53
2019_cluster_0,Capitolio,2020-12-31T00:00:00,2.1,1.4698229,30.01,teste,V44,LSTM,"/media/marcos/Marcos/Codigos/Predicao_Cafe_Arabica/Teste_2_reuniao_16_dez_ajuste_seed_16_01_2026/temp_models/trial_96
Modelo LSTM. Treino: 2012 a 2018. Validação: 2019. Teste: 2020.
Dataset: V44. Log Transform: Não.
Obs: ajuste de seed

Hyperparams:
input_size: 6, h: 1, lr: 1.2250088069602024e-05, batch: 32, encoder n layers: 1, decoder layers: 1",2026-01-18T20:02:53
2019_cluster_0,Caputira,2020-12-31T00:00:00,1.8,1.2614127,29.92,teste,V44,LSTM,"/media/marcos/Marcos/Codigos/Predicao_Cafe_Arabica/Teste_2_reuniao_16_dez_ajuste_seed_16_01_2026/temp_models/trial_96
Modelo LSTM. Treino: 2012 a 2018. Validação: 2019. Teste: 2020.
Dataset: V44. Log Transform: Não.
Obs: ajuste de seed

Hyperparams:
input_size: 6, h: 1, lr: 1.2250088069602024e-05, batch: 32, encoder n layers: 1, decoder layers: 1",2026-01-18T20:02:53
2019_cluster_0,Carangola,2020-12-31T00:00:00,1.5,1.220739,18.62,teste,V44,LSTM,"/media/marcos/Marcos/Codigos/Predicao_Cafe_Arabica/Teste_2_reuniao_16_dez_ajuste_seed_16_01_2026/temp_models/trial_96
Modelo LSTM. Treino: 2012 a 2018. Validação: 2019. Teste: 2020.
Dataset: V44. Log Transform: Não.
Obs: ajuste de seed

Hyperparams:
input_size: 6, h: 1, lr: 1.2250088069602024e-05, batch: 32, encoder n layers: 1, decoder layers: 1",2026-01-18T20:02:53
2019_cluster_0,Caratinga,2020-12-31T00:00:00,2.040022111663903,1.4232717,30.23,teste,V44,LSTM,"/media/marcos/Marcos/Codigos/Predicao_Cafe_Arabica/Teste_2_reuniao_16_dez_ajuste_seed_16_01_2026/temp_models/trial_96
Modelo LSTM. Treino: 2012 a 2018. Validação: 2019. Teste: 2020.
Dataset: V44. Log Transform: Não.
Obs: ajuste de seed

Hyperparams:
input_size: 6, h: 1, lr: 1.2250088069602024e-05, batch: 32, encoder n layers: 1, decoder layers: 1",2026-01-18T20:02:53
2019_cluster_0,Carmo_da_Mata,2020-12-31T00:00:00,1.68,1.2864866,23.42,teste,V44,LSTM,"/media/marcos/Marcos/Codigos/Predicao_Cafe_Arabica/Teste_2_reuniao_16_dez_ajuste_seed_16_01_2026/temp_models/trial_96
Modelo LSTM. Treino: 2012 a 2018. Validação: 2019. Teste: 2020.
Dataset: V44. Log Transform: Não.
Obs: ajuste de seed

Hyperparams:
input_size: 6, h: 1, lr: 1.2250088069602024e-05, batch: 32, encoder n layers: 1, decoder layers: 1",2026-01-18T20:02:53
2019_cluster_0,Carmo_do_Rio_Claro,2020-12-31T00:00:00,2.784780388151175,2.0181565,27.53,teste,V44,LSTM,"/media/marcos/Marcos/Codigos/Predicao_Cafe_Arabica/Teste_2_reuniao_16_dez_ajuste_seed_16_01_2026/temp_models/trial_96
Modelo LSTM. Treino: 2012 a 2018. Validação: 2019. Teste: 2020.
Dataset: V44. Log Transform: Não.
Obs: ajuste de seed

Hyperparams:
input_size: 6, h: 1, lr: 1.2250088069602024e-05, batch: 32, encoder n layers: 1, decoder layers: 1",2026-01-18T20:02:53
2019_cluster_0,Carmopolis_de_Minas,2020-12-31T00:00:00,1.981818181818182,1.6050574,19.01,teste,V44,LSTM,"/media/marcos/Marcos/Codigos/Predicao_Cafe_Arabica/Teste_2_reuniao_16_dez_ajuste_seed_16_01_2026/temp_models/trial_96
Modelo LSTM. Treino: 2012 a 2018. Validação: 2019. Teste: 2020.
Dataset: V44. Log Transform: Não.
Obs: ajuste de seed

Hyperparams:
input_size: 6, h: 1, lr: 1.2250088069602024e-05, batch: 32, encoder n layers: 1, decoder layers: 1",2026-01-18T20:02:53
2019_cluster_0,Cassia,2020-12-31T00:00:00,2.167924528301887,1.6458232,24.08,teste,V44,LSTM,"/media/marcos/Marcos/Codigos/Predicao_Cafe_Arabica/Teste_2_reuniao_16_dez_ajuste_seed_16_01_2026/temp_models/trial_96
Modelo LSTM. Treino: 2012 a 2018. Validação: 2019. Teste: 2020.
Dataset: V44. Log Transform: Não.
Obs: ajuste de seed

Hyperparams:
input_size: 6, h: 1, lr: 1.2250088069602024e-05, batch: 32, encoder n layers: 1, decoder layers: 1",2026-01-18T20:02:53
2019_cluster_0,Catas_Altas_da_Noruega,2020-12-31T00:00:00,1.0,0.936466,6.35,teste,V44,LSTM,"/media/marcos/Marcos/Codigos/Predicao_Cafe_Arabica/Teste_2_reuniao_16_dez_ajuste_seed_16_01_2026/temp_models/trial_96
Modelo LSTM. Treino: 2012 a 2018. Validação: 2019. Teste: 2020.
Dataset: V44. Log Transform: Não.
Obs: ajuste de seed

Hyperparams:
input_size: 6, h: 1, lr: 1.2250088069602024e-05, batch: 32, encoder n layers: 1, decoder layers: 1",2026-01-18T20:02:53
2019_cluster_0,Chale,2020-12-31T00:00:00,1.71015625,1.3802173,19.29,teste,V44,LSTM,"/media/marcos/Marcos/Codigos/Predicao_Cafe_Arabica/Teste_2_reuniao_16_dez_ajuste_seed_16_01_2026/temp_models/trial_96
Modelo LSTM. Treino: 2012 a 2018. Validação: 2019. Teste: 2020.
Dataset: V44. Log Transform: Não.
Obs: ajuste de seed

Hyperparams:
input_size: 6, h: 1, lr: 1.2250088069602024e-05, batch: 32, encoder n layers: 1, decoder layers: 1",2026-01-18T20:02:53
2019_cluster_0,Claudio,2020-12-31T00:00:00,2.76,1.3477323,51.17,teste,V44,LSTM,"/media/marcos/Marcos/Codigos/Predicao_Cafe_Arabica/Teste_2_reuniao_16_dez_ajuste_seed_16_01_2026/temp_models/trial_96
Modelo LSTM. Treino: 2012 a 2018. Validação: 2019. Teste: 2020.
Dataset: V44. Log Transform: Não.
Obs: ajuste de seed

Hyperparams:
input_size: 6, h: 1, lr: 1.2250088069602024e-05, batch: 32, encoder n layers: 1, decoder layers: 1",2026-01-18T20:02:53
2019_cluster_0,Conceicao_da_Barra_de_Minas,2020-12-31T00:00:00,1.911042944785276,1.9796966,3.59,teste,V44,LSTM,"/media/marcos/Marcos/Codigos/Predicao_Cafe_Arabica/Teste_2_reuniao_16_dez_ajuste_seed_16_01_2026/temp_models/trial_96
Modelo LSTM. Treino: 2012 a 2018. Validação: 2019. Teste: 2020.
Dataset: V44. Log Transform: Não.
Obs: ajuste de seed

Hyperparams:
input_size: 6, h: 1, lr: 1.2250088069602024e-05, batch: 32, encoder n layers: 1, decoder layers: 1",2026-01-18T20:02:53
2019_cluster_0,Conceicao_de_Ipanema,2020-12-31T00:00:00,1.500533617929563,1.3883942,7.47,teste,V44,LSTM,"/media/marcos/Marcos/Codigos/Predicao_Cafe_Arabica/Teste_2_reuniao_16_dez_ajuste_seed_16_01_2026/temp_models/trial_96
Modelo LSTM. Treino: 2012 a 2018. Validação: 2019. Teste: 2020.
Dataset: V44. Log Transform: Não.
Obs: ajuste de seed

Hyperparams:
input_size: 6, h: 1, lr: 1.2250088069602024e-05, batch: 32, encoder n layers: 1, decoder layers: 1",2026-01-18T20:02:53
2019_cluster_0,Coqueiral,2020-12-31T00:00:00,2.160028248587571,1.6136098,25.3,teste,V44,LSTM,"/media/marcos/Marcos/Codigos/Predicao_Cafe_Arabica/Teste_2_reuniao_16_dez_ajuste_seed_16_01_2026/temp_models/trial_96
Modelo LSTM. Treino: 2012 a 2018. Validação: 2019. Teste: 2020.
Dataset: V44. Log Transform: Não.
Obs: ajuste de seed

Hyperparams:
input_size: 6, h: 1, lr: 1.2250088069602024e-05, batch: 32, encoder n layers: 1, decoder layers: 1",2026-01-18T20:02:53
2019_cluster_0,Corrego_Danta,2020-12-31T00:00:00,1.8,1.5553778,13.59,teste,V44,LSTM,"/media/marcos/Marcos/Codigos/Predicao_Cafe_Arabica/Teste_2_reuniao_16_dez_ajuste_seed_16_01_2026/temp_models/trial_96
Modelo LSTM. Treino: 2012 a 2018. Validação: 2019. Teste: 2020.
Dataset: V44. Log Transform: Não.
Obs: ajuste de seed

Hyperparams:
input_size: 6, h: 1, lr: 1.2250088069602024e-05, batch: 32, encoder n layers: 1, decoder layers: 1",2026-01-18T20:02:53
2019_cluster_0,Cristais,2020-12-31T00:00:00,1.92,1.8290414,4.74,teste,V44,LSTM,"/media/marcos/Marcos/Codigos/Predicao_Cafe_Arabica/Teste_2_reuniao_16_dez_ajuste_seed_16_01_2026/temp_models/trial_96
Modelo LSTM. Treino: 2012 a 2018. Validação: 2019. Teste: 2020.
Dataset: V44. Log Transform: Não.
Obs: ajuste de seed

Hyperparams:
input_size: 6, h: 1, lr: 1.2250088069602024e-05, batch: 32, encoder n layers: 1, decoder layers: 1",2026-01-18T20:02:53
2019_cluster_0,Desterro_de_Entre_Rios,2020-12-31T00:00:00,2.4,2.2682147,5.49,teste,V44,LSTM,"/media/marcos/Marcos/Codigos/Predicao_Cafe_Arabica/Teste_2_reuniao_16_dez_ajuste_seed_16_01_2026/temp_models/trial_96
Modelo LSTM. Treino: 2012 a 2018. Validação: 2019. Teste: 2020.
Dataset: V44. Log Transform: Não.
Obs: ajuste de seed

Hyperparams:
input_size: 6, h: 1, lr: 1.2250088069602024e-05, batch: 32, encoder n layers: 1, decoder layers: 1",2026-01-18T20:02:53
2019_cluster_0,Divinesia,2020-12-31T00:00:00,2.1,2.4660091,17.43,teste,V44,LSTM,"/media/marcos/Marcos/Codigos/Predicao_Cafe_Arabica/Teste_2_reuniao_16_dez_ajuste_seed_16_01_2026/temp_models/trial_96
Modelo LSTM. Treino: 2012 a 2018. Validação: 2019. Teste: 2020.
Dataset: V44. Log Transform: Não.
Obs: ajuste de seed

Hyperparams:
input_size: 6, h: 1, lr: 1.2250088069602024e-05, batch: 32, encoder n layers: 1, decoder layers: 1",2026-01-18T20:02:53
2019_cluster_0,Divino,2020-12-31T00:00:00,1.80004838514576,1.1787674,34.51,teste,V44,LSTM,"/media/marcos/Marcos/Codigos/Predicao_Cafe_Arabica/Teste_2_reuniao_16_dez_ajuste_seed_16_01_2026/temp_models/trial_96
Modelo LSTM. Treino: 2012 a 2018. Validação: 2019. Teste: 2020.
Dataset: V44. Log Transform: Não.
Obs: ajuste de seed

Hyperparams:
input_size: 6, h: 1, lr: 1.2250088069602024e-05, batch: 32, encoder n layers: 1, decoder layers: 1",2026-01-18T20:02:53
2019_cluster_0,Doresopolis,2020-12-31T00:00:00,1.8,1.4962798,16.87,teste,V44,LSTM,"/media/marcos/Marcos/Codigos/Predicao_Cafe_Arabica/Teste_2_reuniao_16_dez_ajuste_seed_16_01_2026/temp_models/trial_96
Modelo LSTM. Treino: 2012 a 2018. Validação: 2019. Teste: 2020.
Dataset: V44. Log Transform: Não.
Obs: ajuste de seed

Hyperparams:
input_size: 6, h: 1, lr: 1.2250088069602024e-05, batch: 32, encoder n layers: 1, decoder layers: 1",2026-01-18T20:02:53
2019_cluster_0,Durande,2020-12-31T00:00:00,2.4,1.7227664,28.22,teste,V44,LSTM,"/media/marcos/Marcos/Codigos/Predicao_Cafe_Arabica/Teste_2_reuniao_16_dez_ajuste_seed_16_01_2026/temp_models/trial_96
Modelo LSTM. Treino: 2012 a 2018. Validação: 2019. Teste: 2020.
Dataset: V44. Log Transform: Não.
Obs: ajuste de seed

Hyperparams:
input_size: 6, h: 1, lr: 1.2250088069602024e-05, batch: 32, encoder n layers: 1, decoder layers: 1",2026-01-18T20:02:53
2019_cluster_0,Eloi_Mendes,2020-12-31T00:00:00,2.109128416709644,1.6220305,23.09,teste,V44,LSTM,"/media/marcos/Marcos/Codigos/Predicao_Cafe_Arabica/Teste_2_reuniao_16_dez_ajuste_seed_16_01_2026/temp_models/trial_96
Modelo LSTM. Treino: 2012 a 2018. Validação: 2019. Teste: 2020.
Dataset: V44. Log Transform: Não.
Obs: ajuste de seed

Hyperparams:
input_size: 6, h: 1, lr: 1.2250088069602024e-05, batch: 32, encoder n layers: 1, decoder layers: 1",2026-01-18T20:02:53
2019_cluster_0,Entre_Folhas,2020-12-31T00:00:00,1.26046511627907,1.0536829,16.41,teste,V44,LSTM,"/media/marcos/Marcos/Codigos/Predicao_Cafe_Arabica/Teste_2_reuniao_16_dez_ajuste_seed_16_01_2026/temp_models/trial_96
Modelo LSTM. Treino: 2012 a 2018. Validação: 2019. Teste: 2020.
Dataset: V44. Log Transform: Não.
Obs: ajuste de seed

Hyperparams:
input_size: 6, h: 1, lr: 1.2250088069602024e-05, batch: 32, encoder n layers: 1, decoder layers: 1",2026-01-18T20:02:53
2019_cluster_0,Entre_Rios_de_Minas,2020-12-31T00:00:00,1.8,2.0414162,13.41,teste,V44,LSTM,"/media/marcos/Marcos/Codigos/Predicao_Cafe_Arabica/Teste_2_reuniao_16_dez_ajuste_seed_16_01_2026/temp_models/trial_96
Modelo LSTM. Treino: 2012 a 2018. Validação: 2019. Teste: 2020.
Dataset: V44. Log Transform: Não.
Obs: ajuste de seed

Hyperparams:
input_size: 6, h: 1, lr: 1.2250088069602024e-05, batch: 32, encoder n layers: 1, decoder layers: 1",2026-01-18T20:02:53
2019_cluster_0,Ervalia,2020-12-31T00:00:00,1.799961419753086,1.4421979,19.88,teste,V44,LSTM,"/media/marcos/Marcos/Codigos/Predicao_Cafe_Arabica/Teste_2_reuniao_16_dez_ajuste_seed_16_01_2026/temp_models/trial_96
Modelo LSTM. Treino: 2012 a 2018. Validação: 2019. Teste: 2020.
Dataset: V44. Log Transform: Não.
Obs: ajuste de seed

Hyperparams:
input_size: 6, h: 1, lr: 1.2250088069602024e-05, batch: 32, encoder n layers: 1, decoder layers: 1",2026-01-18T20:02:53
2019_cluster_0,Espera_Feliz,2020-12-31T00:00:00,2.04,1.4812071,27.39,teste,V44,LSTM,"/media/marcos/Marcos/Codigos/Predicao_Cafe_Arabica/Teste_2_reuniao_16_dez_ajuste_seed_16_01_2026/temp_models/trial_96
Modelo LSTM. Treino: 2012 a 2018. Validação: 2019. Teste: 2020.
Dataset: V44. Log Transform: Não.
Obs: ajuste de seed

Hyperparams:
input_size: 6, h: 1, lr: 1.2250088069602024e-05, batch: 32, encoder n layers: 1, decoder layers: 1",2026-01-18T20:02:53
2019_cluster_0,Faria_Lemos,2020-12-31T00:00:00,1.44031007751938,1.2103426,15.97,teste,V44,LSTM,"/media/marcos/Marcos/Codigos/Predicao_Cafe_Arabica/Teste_2_reuniao_16_dez_ajuste_seed_16_01_2026/temp_models/trial_96
Modelo LSTM. Treino: 2012 a 2018. Validação: 2019. Teste: 2020.
Dataset: V44. Log Transform: Não.
Obs: ajuste de seed

Hyperparams:
input_size: 6, h: 1, lr: 1.2250088069602024e-05, batch: 32, encoder n layers: 1, decoder layers: 1",2026-01-18T20:02:53
2019_cluster_0,Ferros,2020-12-31T00:00:00,1.2,1.0094595,15.88,teste,V44,LSTM,"/media/marcos/Marcos/Codigos/Predicao_Cafe_Arabica/Teste_2_reuniao_16_dez_ajuste_seed_16_01_2026/temp_models/trial_96
Modelo LSTM. Treino: 2012 a 2018. Validação: 2019. Teste: 2020.
Dataset: V44. Log Transform: Não.
Obs: ajuste de seed

Hyperparams:
input_size: 6, h: 1, lr: 1.2250088069602024e-05, batch: 32, encoder n layers: 1, decoder layers: 1",2026-01-18T20:02:53
2019_cluster_0,Fervedouro,2020-12-31T00:00:00,1.5,1.1836703,21.09,teste,V44,LSTM,"/media/marcos/Marcos/Codigos/Predicao_Cafe_Arabica/Teste_2_reuniao_16_dez_ajuste_seed_16_01_2026/temp_models/trial_96
Modelo LSTM. Treino: 2012 a 2018. Validação: 2019. Teste: 2020.
Dataset: V44. Log Transform: Não.
Obs: ajuste de seed

Hyperparams:
input_size: 6, h: 1, lr: 1.2250088069602024e-05, batch: 32, encoder n layers: 1, decoder layers: 1",2026-01-18T20:02:53
2019_cluster_0,Guape,2020-12-31T00:00:00,1.847986942328618,1.8594704,0.62,teste,V44,LSTM,"/media/marcos/Marcos/Codigos/Predicao_Cafe_Arabica/Teste_2_reuniao_16_dez_ajuste_seed_16_01_2026/temp_models/trial_96
Modelo LSTM. Treino: 2012 a 2018. Validação: 2019. Teste: 2020.
Dataset: V44. Log Transform: Não.
Obs: ajuste de seed

Hyperparams:
input_size: 6, h: 1, lr: 1.2250088069602024e-05, batch: 32, encoder n layers: 1, decoder layers: 1",2026-01-18T20:02:53
2019_cluster_0,Ibituruna,2020-12-31T00:00:00,1.8,1.5828207,12.07,teste,V44,LSTM,"/media/marcos/Marcos/Codigos/Predicao_Cafe_Arabica/Teste_2_reuniao_16_dez_ajuste_seed_16_01_2026/temp_models/trial_96
Modelo LSTM. Treino: 2012 a 2018. Validação: 2019. Teste: 2020.
Dataset: V44. Log Transform: Não.
Obs: ajuste de seed

Hyperparams:
input_size: 6, h: 1, lr: 1.2250088069602024e-05, batch: 32, encoder n layers: 1, decoder layers: 1",2026-01-18T20:02:53
2019_cluster_0,Ilicinea,2020-12-31T00:00:00,2.09995817649519,2.0411994,2.8,teste,V44,LSTM,"/media/marcos/Marcos/Codigos/Predicao_Cafe_Arabica/Teste_2_reuniao_16_dez_ajuste_seed_16_01_2026/temp_models/trial_96
Modelo LSTM. Treino: 2012 a 2018. Validação: 2019. Teste: 2020.
Dataset: V44. Log Transform: Não.
Obs: ajuste de seed

Hyperparams:
input_size: 6, h: 1, lr: 1.2250088069602024e-05, batch: 32, encoder n layers: 1, decoder layers: 1",2026-01-18T20:02:53
2019_cluster_0,Itapecerica,2020-12-31T00:00:00,1.8,1.4103093,21.65,teste,V44,LSTM,"/media/marcos/Marcos/Codigos/Predicao_Cafe_Arabica/Teste_2_reuniao_16_dez_ajuste_seed_16_01_2026/temp_models/trial_96
Modelo LSTM. Treino: 2012 a 2018. Validação: 2019. Teste: 2020.
Dataset: V44. Log Transform: Não.
Obs: ajuste de seed

Hyperparams:
input_size: 6, h: 1, lr: 1.2250088069602024e-05, batch: 32, encoder n layers: 1, decoder layers: 1",2026-01-18T20:02:53
2019_cluster_0,Ituiutaba,2020-12-31T00:00:00,0.75,1.5862677,111.5,teste,V44,LSTM,"/media/marcos/Marcos/Codigos/Predicao_Cafe_Arabica/Teste_2_reuniao_16_dez_ajuste_seed_16_01_2026/temp_models/trial_96
Modelo LSTM. Treino: 2012 a 2018. Validação: 2019. Teste: 2020.
Dataset: V44. Log Transform: Não.
Obs: ajuste de seed

Hyperparams:
input_size: 6, h: 1, lr: 1.2250088069602024e-05, batch: 32, encoder n layers: 1, decoder layers: 1",2026-01-18T20:02:53
2019_cluster_0,Itumirim,2020-12-31T00:00:00,2.050724637681159,1.5088527,26.42,teste,V44,LSTM,"/media/marcos/Marcos/Codigos/Predicao_Cafe_Arabica/Teste_2_reuniao_16_dez_ajuste_seed_16_01_2026/temp_models/trial_96
Modelo LSTM. Treino: 2012 a 2018. Validação: 2019. Teste: 2020.
Dataset: V44. Log Transform: Não.
Obs: ajuste de seed

Hyperparams:
input_size: 6, h: 1, lr: 1.2250088069602024e-05, batch: 32, encoder n layers: 1, decoder layers: 1",2026-01-18T20:02:53
2019_cluster_0,Lajinha,2020-12-31T00:00:00,1.920044667783361,1.4314915,25.44,teste,V44,LSTM,"/media/marcos/Marcos/Codigos/Predicao_Cafe_Arabica/Teste_2_reuniao_16_dez_ajuste_seed_16_01_2026/temp_models/trial_96
Modelo LSTM. Treino: 2012 a 2018. Validação: 2019. Teste: 2020.
Dataset: V44. Log Transform: Não.
Obs: ajuste de seed

Hyperparams:
input_size: 6, h: 1, lr: 1.2250088069602024e-05, batch: 32, encoder n layers: 1, decoder layers: 1",2026-01-18T20:02:53
2019_cluster_0,Lavras,2020-12-31T00:00:00,1.8,1.6733923,7.03,teste,V44,LSTM,"/media/marcos/Marcos/Codigos/Predicao_Cafe_Arabica/Teste_2_reuniao_16_dez_ajuste_seed_16_01_2026/temp_models/trial_96
Modelo LSTM. Treino: 2012 a 2018. Validação: 2019. Teste: 2020.
Dataset: V44. Log Transform: Não.
Obs: ajuste de seed

Hyperparams:
input_size: 6, h: 1, lr: 1.2250088069602024e-05, batch: 32, encoder n layers: 1, decoder layers: 1",2026-01-18T20:02:53
2019_cluster_0,Luisburgo,2020-12-31T00:00:00,2.1,1.5392714,26.7,teste,V44,LSTM,"/media/marcos/Marcos/Codigos/Predicao_Cafe_Arabica/Teste_2_reuniao_16_dez_ajuste_seed_16_01_2026/temp_models/trial_96
Modelo LSTM. Treino: 2012 a 2018. Validação: 2019. Teste: 2020.
Dataset: V44. Log Transform: Não.
Obs: ajuste de seed

Hyperparams:
input_size: 6, h: 1, lr: 1.2250088069602024e-05, batch: 32, encoder n layers: 1, decoder layers: 1",2026-01-18T20:02:53
2019_cluster_0,Machado,2020-12-31T00:00:00,2.211839166046165,1.630405,26.29,teste,V44,LSTM,"/media/marcos/Marcos/Codigos/Predicao_Cafe_Arabica/Teste_2_reuniao_16_dez_ajuste_seed_16_01_2026/temp_models/trial_96
Modelo LSTM. Treino: 2012 a 2018. Validação: 2019. Teste: 2020.
Dataset: V44. Log Transform: Não.
Obs: ajuste de seed

Hyperparams:
input_size: 6, h: 1, lr: 1.2250088069602024e-05, batch: 32, encoder n layers: 1, decoder layers: 1",2026-01-18T20:02:53
2019_cluster_0,Manhuacu,2020-12-31T00:00:00,1.680018248175182,1.3056479,22.28,teste,V44,LSTM,"/media/marcos/Marcos/Codigos/Predicao_Cafe_Arabica/Teste_2_reuniao_16_dez_ajuste_seed_16_01_2026/temp_models/trial_96
Modelo LSTM. Treino: 2012 a 2018. Validação: 2019. Teste: 2020.
Dataset: V44. Log Transform: Não.
Obs: ajuste de seed

Hyperparams:
input_size: 6, h: 1, lr: 1.2250088069602024e-05, batch: 32, encoder n layers: 1, decoder layers: 1",2026-01-18T20:02:53
2019_cluster_0,Manhumirim,2020-12-31T00:00:00,1.68,1.5074741,10.27,teste,V44,LSTM,"/media/marcos/Marcos/Codigos/Predicao_Cafe_Arabica/Teste_2_reuniao_16_dez_ajuste_seed_16_01_2026/temp_models/trial_96
Modelo LSTM. Treino: 2012 a 2018. Validação: 2019. Teste: 2020.
Dataset: V44. Log Transform: Não.
Obs: ajuste de seed

Hyperparams:
input_size: 6, h: 1, lr: 1.2250088069602024e-05, batch: 32, encoder n layers: 1, decoder layers: 1",2026-01-18T20:02:53
2019_cluster_0,Martins_Soares,2020-12-31T00:00:00,1.8,1.6662463,7.43,teste,V44,LSTM,"/media/marcos/Marcos/Codigos/Predicao_Cafe_Arabica/Teste_2_reuniao_16_dez_ajuste_seed_16_01_2026/temp_models/trial_96
Modelo LSTM. Treino: 2012 a 2018. Validação: 2019. Teste: 2020.
Dataset: V44. Log Transform: Não.
Obs: ajuste de seed

Hyperparams:
input_size: 6, h: 1, lr: 1.2250088069602024e-05, batch: 32, encoder n layers: 1, decoder layers: 1",2026-01-18T20:02:53
2019_cluster_0,Matipo,2020-12-31T00:00:00,1.56,1.3018185,16.55,teste,V44,LSTM,"/media/marcos/Marcos/Codigos/Predicao_Cafe_Arabica/Teste_2_reuniao_16_dez_ajuste_seed_16_01_2026/temp_models/trial_96
Modelo LSTM. Treino: 2012 a 2018. Validação: 2019. Teste: 2020.
Dataset: V44. Log Transform: Não.
Obs: ajuste de seed

Hyperparams:
input_size: 6, h: 1, lr: 1.2250088069602024e-05, batch: 32, encoder n layers: 1, decoder layers: 1",2026-01-18T20:02:53
2019_cluster_0,Medeiros,2020-12-31T00:00:00,1.980113636363636,1.7191721,13.18,teste,V44,LSTM,"/media/marcos/Marcos/Codigos/Predicao_Cafe_Arabica/Teste_2_reuniao_16_dez_ajuste_seed_16_01_2026/temp_models/trial_96
Modelo LSTM. Treino: 2012 a 2018. Validação: 2019. Teste: 2020.
Dataset: V44. Log Transform: Não.
Obs: ajuste de seed

Hyperparams:
input_size: 6, h: 1, lr: 1.2250088069602024e-05, batch: 32, encoder n layers: 1, decoder layers: 1",2026-01-18T20:02:53
2019_cluster_0,Miradouro,2020-12-31T00:00:00,1.5,1.3774899,8.17,teste,V44,LSTM,"/media/marcos/Marcos/Codigos/Predicao_Cafe_Arabica/Teste_2_reuniao_16_dez_ajuste_seed_16_01_2026/temp_models/trial_96
Modelo LSTM. Treino: 2012 a 2018. Validação: 2019. Teste: 2020.
Dataset: V44. Log Transform: Não.
Obs: ajuste de seed

Hyperparams:
input_size: 6, h: 1, lr: 1.2250088069602024e-05, batch: 32, encoder n layers: 1, decoder layers: 1",2026-01-18T20:02:53
2019_cluster_0,Mirai,2020-12-31T00:00:00,1.501149425287356,1.1267904,24.94,teste,V44,LSTM,"/media/marcos/Marcos/Codigos/Predicao_Cafe_Arabica/Teste_2_reuniao_16_dez_ajuste_seed_16_01_2026/temp_models/trial_96
Modelo LSTM. Treino: 2012 a 2018. Validação: 2019. Teste: 2020.
Dataset: V44. Log Transform: Não.
Obs: ajuste de seed

Hyperparams:
input_size: 6, h: 1, lr: 1.2250088069602024e-05, batch: 32, encoder n layers: 1, decoder layers: 1",2026-01-18T20:02:53
2019_cluster_0,Moeda,2020-12-31T00:00:00,1.2,1.1700609,2.49,teste,V44,LSTM,"/media/marcos/Marcos/Codigos/Predicao_Cafe_Arabica/Teste_2_reuniao_16_dez_ajuste_seed_16_01_2026/temp_models/trial_96
Modelo LSTM. Treino: 2012 a 2018. Validação: 2019. Teste: 2020.
Dataset: V44. Log Transform: Não.
Obs: ajuste de seed

Hyperparams:
input_size: 6, h: 1, lr: 1.2250088069602024e-05, batch: 32, encoder n layers: 1, decoder layers: 1",2026-01-18T20:02:53
2019_cluster_0,Muriae,2020-12-31T00:00:00,1.56,1.2792618,18.0,teste,V44,LSTM,"/media/marcos/Marcos/Codigos/Predicao_Cafe_Arabica/Teste_2_reuniao_16_dez_ajuste_seed_16_01_2026/temp_models/trial_96
Modelo LSTM. Treino: 2012 a 2018. Validação: 2019. Teste: 2020.
Dataset: V44. Log Transform: Não.
Obs: ajuste de seed

Hyperparams:
input_size: 6, h: 1, lr: 1.2250088069602024e-05, batch: 32, encoder n layers: 1, decoder layers: 1",2026-01-18T20:02:53
2019_cluster_0,Mutum,2020-12-31T00:00:00,1.65,1.3805106,16.33,teste,V44,LSTM,"/media/marcos/Marcos/Codigos/Predicao_Cafe_Arabica/Teste_2_reuniao_16_dez_ajuste_seed_16_01_2026/temp_models/trial_96
Modelo LSTM. Treino: 2012 a 2018. Validação: 2019. Teste: 2020.
Dataset: V44. Log Transform: Não.
Obs: ajuste de seed

Hyperparams:
input_size: 6, h: 1, lr: 1.2250088069602024e-05, batch: 32, encoder n layers: 1, decoder layers: 1",2026-01-18T20:02:53
2019_cluster_0,Nazareno,2020-12-31T00:00:00,2.1,1.7288218,17.68,teste,V44,LSTM,"/media/marcos/Marcos/Codigos/Predicao_Cafe_Arabica/Teste_2_reuniao_16_dez_ajuste_seed_16_01_2026/temp_models/trial_96
Modelo LSTM. Treino: 2012 a 2018. Validação: 2019. Teste: 2020.
Dataset: V44. Log Transform: Não.
Obs: ajuste de seed

Hyperparams:
input_size: 6, h: 1, lr: 1.2250088069602024e-05, batch: 32, encoder n layers: 1, decoder layers: 1",2026-01-18T20:02:53
2019_cluster_0,Nepomuceno,2020-12-31T00:00:00,1.920040743570155,1.6030111,16.51,teste,V44,LSTM,"/media/marcos/Marcos/Codigos/Predicao_Cafe_Arabica/Teste_2_reuniao_16_dez_ajuste_seed_16_01_2026/temp_models/trial_96
Modelo LSTM. Treino: 2012 a 2018. Validação: 2019. Teste: 2020.
Dataset: V44. Log Transform: Não.
Obs: ajuste de seed

Hyperparams:
input_size: 6, h: 1, lr: 1.2250088069602024e-05, batch: 32, encoder n layers: 1, decoder layers: 1",2026-01-18T20:02:53
2019_cluster_0,Oliveira,2020-12-31T00:00:00,1.947151898734177,1.6362629,15.97,teste,V44,LSTM,"/media/marcos/Marcos/Codigos/Predicao_Cafe_Arabica/Teste_2_reuniao_16_dez_ajuste_seed_16_01_2026/temp_models/trial_96
Modelo LSTM. Treino: 2012 a 2018. Validação: 2019. Teste: 2020.
Dataset: V44. Log Transform: Não.
Obs: ajuste de seed

Hyperparams:
input_size: 6, h: 1, lr: 1.2250088069602024e-05, batch: 32, encoder n layers: 1, decoder layers: 1",2026-01-18T20:02:53
2019_cluster_0,Orizania,2020-12-31T00:00:00,1.679901960784314,1.4786849,11.98,teste,V44,LSTM,"/media/marcos/Marcos/Codigos/Predicao_Cafe_Arabica/Teste_2_reuniao_16_dez_ajuste_seed_16_01_2026/temp_models/trial_96
Modelo LSTM. Treino: 2012 a 2018. Validação: 2019. Teste: 2020.
Dataset: V44. Log Transform: Não.
Obs: ajuste de seed

Hyperparams:
input_size: 6, h: 1, lr: 1.2250088069602024e-05, batch: 32, encoder n layers: 1, decoder layers: 1",2026-01-18T20:02:53
2019_cluster_0,Paraguacu,2020-12-31T00:00:00,2.341325966850829,1.665047,28.88,teste,V44,LSTM,"/media/marcos/Marcos/Codigos/Predicao_Cafe_Arabica/Teste_2_reuniao_16_dez_ajuste_seed_16_01_2026/temp_models/trial_96
Modelo LSTM. Treino: 2012 a 2018. Validação: 2019. Teste: 2020.
Dataset: V44. Log Transform: Não.
Obs: ajuste de seed

Hyperparams:
input_size: 6, h: 1, lr: 1.2250088069602024e-05, batch: 32, encoder n layers: 1, decoder layers: 1",2026-01-18T20:02:53
2019_cluster_0,Passa_Tempo,2020-12-31T00:00:00,1.511111111111111,1.5504285,2.6,teste,V44,LSTM,"/media/marcos/Marcos/Codigos/Predicao_Cafe_Arabica/Teste_2_reuniao_16_dez_ajuste_seed_16_01_2026/temp_models/trial_96
Modelo LSTM. Treino: 2012 a 2018. Validação: 2019. Teste: 2020.
Dataset: V44. Log Transform: Não.
Obs: ajuste de seed

Hyperparams:
input_size: 6, h: 1, lr: 1.2250088069602024e-05, batch: 32, encoder n layers: 1, decoder layers: 1",2026-01-18T20:02:53
2019_cluster_0,Perdoes,2020-12-31T00:00:00,1.92,1.6759923,12.71,teste,V44,LSTM,"/media/marcos/Marcos/Codigos/Predicao_Cafe_Arabica/Teste_2_reuniao_16_dez_ajuste_seed_16_01_2026/temp_models/trial_96
Modelo LSTM. Treino: 2012 a 2018. Validação: 2019. Teste: 2020.
Dataset: V44. Log Transform: Não.
Obs: ajuste de seed

Hyperparams:
input_size: 6, h: 1, lr: 1.2250088069602024e-05, batch: 32, encoder n layers: 1, decoder layers: 1",2026-01-18T20:02:53
2019_cluster_0,Pimenta,2020-12-31T00:00:00,1.8,1.8819726,4.55,teste,V44,LSTM,"/media/marcos/Marcos/Codigos/Predicao_Cafe_Arabica/Teste_2_reuniao_16_dez_ajuste_seed_16_01_2026/temp_models/trial_96
Modelo LSTM. Treino: 2012 a 2018. Validação: 2019. Teste: 2020.
Dataset: V44. Log Transform: Não.
Obs: ajuste de seed

Hyperparams:
input_size: 6, h: 1, lr: 1.2250088069602024e-05, batch: 32, encoder n layers: 1, decoder layers: 1",2026-01-18T20:02:53
2019_cluster_0,Piranga,2020-12-31T00:00:00,2.4,1.823532,24.02,teste,V44,LSTM,"/media/marcos/Marcos/Codigos/Predicao_Cafe_Arabica/Teste_2_reuniao_16_dez_ajuste_seed_16_01_2026/temp_models/trial_96
Modelo LSTM. Treino: 2012 a 2018. Validação: 2019. Teste: 2020.
Dataset: V44. Log Transform: Não.
Obs: ajuste de seed

Hyperparams:
input_size: 6, h: 1, lr: 1.2250088069602024e-05, batch: 32, encoder n layers: 1, decoder layers: 1",2026-01-18T20:02:53
2019_cluster_0,Piumhi,2020-12-31T00:00:00,1.739996693121693,1.5038364,13.57,teste,V44,LSTM,"/media/marcos/Marcos/Codigos/Predicao_Cafe_Arabica/Teste_2_reuniao_16_dez_ajuste_seed_16_01_2026/temp_models/trial_96
Modelo LSTM. Treino: 2012 a 2018. Validação: 2019. Teste: 2020.
Dataset: V44. Log Transform: Não.
Obs: ajuste de seed

Hyperparams:
input_size: 6, h: 1, lr: 1.2250088069602024e-05, batch: 32, encoder n layers: 1, decoder layers: 1",2026-01-18T20:02:53
2019_cluster_0,Ponte_Nova,2020-12-31T00:00:00,1.333333333333333,1.2676913,4.92,teste,V44,LSTM,"/media/marcos/Marcos/Codigos/Predicao_Cafe_Arabica/Teste_2_reuniao_16_dez_ajuste_seed_16_01_2026/temp_models/trial_96
Modelo LSTM. Treino: 2012 a 2018. Validação: 2019. Teste: 2020.
Dataset: V44. Log Transform: Não.
Obs: ajuste de seed

Hyperparams:
input_size: 6, h: 1, lr: 1.2250088069602024e-05, batch: 32, encoder n layers: 1, decoder layers: 1",2026-01-18T20:02:53
2019_cluster_0,Porto_Firme,2020-12-31T00:00:00,1.56,1.1941394,23.45,teste,V44,LSTM,"/media/marcos/Marcos/Codigos/Predicao_Cafe_Arabica/Teste_2_reuniao_16_dez_ajuste_seed_16_01_2026/temp_models/trial_96
Modelo LSTM. Treino: 2012 a 2018. Validação: 2019. Teste: 2020.
Dataset: V44. Log Transform: Não.
Obs: ajuste de seed

Hyperparams:
input_size: 6, h: 1, lr: 1.2250088069602024e-05, batch: 32, encoder n layers: 1, decoder layers: 1",2026-01-18T20:02:53
2019_cluster_0,Raul_Soares,2020-12-31T00:00:00,1.320083682008368,1.0852925,17.79,teste,V44,LSTM,"/media/marcos/Marcos/Codigos/Predicao_Cafe_Arabica/Teste_2_reuniao_16_dez_ajuste_seed_16_01_2026/temp_models/trial_96
Modelo LSTM. Treino: 2012 a 2018. Validação: 2019. Teste: 2020.
Dataset: V44. Log Transform: Não.
Obs: ajuste de seed

Hyperparams:
input_size: 6, h: 1, lr: 1.2250088069602024e-05, batch: 32, encoder n layers: 1, decoder layers: 1",2026-01-18T20:02:53
2019_cluster_0,Reduto,2020-12-31T00:00:00,1.8,1.430193,20.54,teste,V44,LSTM,"/media/marcos/Marcos/Codigos/Predicao_Cafe_Arabica/Teste_2_reuniao_16_dez_ajuste_seed_16_01_2026/temp_models/trial_96
Modelo LSTM. Treino: 2012 a 2018. Validação: 2019. Teste: 2020.
Dataset: V44. Log Transform: Não.
Obs: ajuste de seed

Hyperparams:
input_size: 6, h: 1, lr: 1.2250088069602024e-05, batch: 32, encoder n layers: 1, decoder layers: 1",2026-01-18T20:02:53
2019_cluster_0,Ribeirao_Vermelho,2020-12-31T00:00:00,1.92,1.5308076,20.27,teste,V44,LSTM,"/media/marcos/Marcos/Codigos/Predicao_Cafe_Arabica/Teste_2_reuniao_16_dez_ajuste_seed_16_01_2026/temp_models/trial_96
Modelo LSTM. Treino: 2012 a 2018. Validação: 2019. Teste: 2020.
Dataset: V44. Log Transform: Não.
Obs: ajuste de seed

Hyperparams:
input_size: 6, h: 1, lr: 1.2250088069602024e-05, batch: 32, encoder n layers: 1, decoder layers: 1",2026-01-18T20:02:53
2019_cluster_0,Ritapolis,2020-12-31T00:00:00,2.101769911504425,1.7758045,15.51,teste,V44,LSTM,"/media/marcos/Marcos/Codigos/Predicao_Cafe_Arabica/Teste_2_reuniao_16_dez_ajuste_seed_16_01_2026/temp_models/trial_96
Modelo LSTM. Treino: 2012 a 2018. Validação: 2019. Teste: 2020.
Dataset: V44. Log Transform: Não.
Obs: ajuste de seed

Hyperparams:
input_size: 6, h: 1, lr: 1.2250088069602024e-05, batch: 32, encoder n layers: 1, decoder layers: 1",2026-01-18T20:02:53
2019_cluster_0,Rosario_da_Limeira,2020-12-31T00:00:00,1.5,1.2509633,16.6,teste,V44,LSTM,"/media/marcos/Marcos/Codigos/Predicao_Cafe_Arabica/Teste_2_reuniao_16_dez_ajuste_seed_16_01_2026/temp_models/trial_96
Modelo LSTM. Treino: 2012 a 2018. Validação: 2019. Teste: 2020.
Dataset: V44. Log Transform: Não.
Obs: ajuste de seed

Hyperparams:
input_size: 6, h: 1, lr: 1.2250088069602024e-05, batch: 32, encoder n layers: 1, decoder layers: 1",2026-01-18T20:02:53
2019_cluster_0,Santa_Barbara_do_Leste,2020-12-31T00:00:00,1.440095302927161,1.2577294,12.66,teste,V44,LSTM,"/media/marcos/Marcos/Codigos/Predicao_Cafe_Arabica/Teste_2_reuniao_16_dez_ajuste_seed_16_01_2026/temp_models/trial_96
Modelo LSTM. Treino: 2012 a 2018. Validação: 2019. Teste: 2020.
Dataset: V44. Log Transform: Não.
Obs: ajuste de seed

Hyperparams:
input_size: 6, h: 1, lr: 1.2250088069602024e-05, batch: 32, encoder n layers: 1, decoder layers: 1",2026-01-18T20:02:53
2019_cluster_0,Santa_Margarida,2020-12-31T00:00:00,1.8,1.4068438,21.84,teste,V44,LSTM,"/media/marcos/Marcos/Codigos/Predicao_Cafe_Arabica/Teste_2_reuniao_16_dez_ajuste_seed_16_01_2026/temp_models/trial_96
Modelo LSTM. Treino: 2012 a 2018. Validação: 2019. Teste: 2020.
Dataset: V44. Log Transform: Não.
Obs: ajuste de seed

Hyperparams:
input_size: 6, h: 1, lr: 1.2250088069602024e-05, batch: 32, encoder n layers: 1, decoder layers: 1",2026-01-18T20:02:53
2019_cluster_0,Santa_Rita_de_Minas,2020-12-31T00:00:00,1.5,1.2810062,14.6,teste,V44,LSTM,"/media/marcos/Marcos/Codigos/Predicao_Cafe_Arabica/Teste_2_reuniao_16_dez_ajuste_seed_16_01_2026/temp_models/trial_96
Modelo LSTM. Treino: 2012 a 2018. Validação: 2019. Teste: 2020.
Dataset: V44. Log Transform: Não.
Obs: ajuste de seed

Hyperparams:
input_size: 6, h: 1, lr: 1.2250088069602024e-05, batch: 32, encoder n layers: 1, decoder layers: 1",2026-01-18T20:02:53
2019_cluster_0,Santa_Rita_do_Itueto,2020-12-31T00:00:00,1.77,1.3549374,23.45,teste,V44,LSTM,"/media/marcos/Marcos/Codigos/Predicao_Cafe_Arabica/Teste_2_reuniao_16_dez_ajuste_seed_16_01_2026/temp_models/trial_96
Modelo LSTM. Treino: 2012 a 2018. Validação: 2019. Teste: 2020.
Dataset: V44. Log Transform: Não.
Obs: ajuste de seed

Hyperparams:
input_size: 6, h: 1, lr: 1.2250088069602024e-05, batch: 32, encoder n layers: 1, decoder layers: 1",2026-01-18T20:02:53
2019_cluster_0,Santana_da_Vargem,2020-12-31T00:00:00,2.22,1.7459478,21.35,teste,V44,LSTM,"/media/marcos/Marcos/Codigos/Predicao_Cafe_Arabica/Teste_2_reuniao_16_dez_ajuste_seed_16_01_2026/temp_models/trial_96
Modelo LSTM. Treino: 2012 a 2018. Validação: 2019. Teste: 2020.
Dataset: V44. Log Transform: Não.
Obs: ajuste de seed

Hyperparams:
input_size: 6, h: 1, lr: 1.2250088069602024e-05, batch: 32, encoder n layers: 1, decoder layers: 1",2026-01-18T20:02:53
2019_cluster_0,Santana_do_Jacare,2020-12-31T00:00:00,1.8,1.4710242,18.28,teste,V44,LSTM,"/media/marcos/Marcos/Codigos/Predicao_Cafe_Arabica/Teste_2_reuniao_16_dez_ajuste_seed_16_01_2026/temp_models/trial_96
Modelo LSTM. Treino: 2012 a 2018. Validação: 2019. Teste: 2020.
Dataset: V44. Log Transform: Não.
Obs: ajuste de seed

Hyperparams:
input_size: 6, h: 1, lr: 1.2250088069602024e-05, batch: 32, encoder n layers: 1, decoder layers: 1",2026-01-18T20:02:53
2019_cluster_0,Santana_do_Manhuacu,2020-12-31T00:00:00,1.8,1.4148184,21.4,teste,V44,LSTM,"/media/marcos/Marcos/Codigos/Predicao_Cafe_Arabica/Teste_2_reuniao_16_dez_ajuste_seed_16_01_2026/temp_models/trial_96
Modelo LSTM. Treino: 2012 a 2018. Validação: 2019. Teste: 2020.
Dataset: V44. Log Transform: Não.
Obs: ajuste de seed

Hyperparams:
input_size: 6, h: 1, lr: 1.2250088069602024e-05, batch: 32, encoder n layers: 1, decoder layers: 1",2026-01-18T20:02:53
2019_cluster_0,Sao_Domingos_das_Dores,2020-12-31T00:00:00,1.56,1.6597294,6.39,teste,V44,LSTM,"/media/marcos/Marcos/Codigos/Predicao_Cafe_Arabica/Teste_2_reuniao_16_dez_ajuste_seed_16_01_2026/temp_models/trial_96
Modelo LSTM. Treino: 2012 a 2018. Validação: 2019. Teste: 2020.
Dataset: V44. Log Transform: Não.
Obs: ajuste de seed

Hyperparams:
input_size: 6, h: 1, lr: 1.2250088069602024e-05, batch: 32, encoder n layers: 1, decoder layers: 1",2026-01-18T20:02:53
2019_cluster_0,Sao_Francisco_de_Paula,2020-12-31T00:00:00,1.62,1.4749899,8.95,teste,V44,LSTM,"/media/marcos/Marcos/Codigos/Predicao_Cafe_Arabica/Teste_2_reuniao_16_dez_ajuste_seed_16_01_2026/temp_models/trial_96
Modelo LSTM. Treino: 2012 a 2018. Validação: 2019. Teste: 2020.
Dataset: V44. Log Transform: Não.
Obs: ajuste de seed

Hyperparams:
input_size: 6, h: 1, lr: 1.2250088069602024e-05, batch: 32, encoder n layers: 1, decoder layers: 1",2026-01-18T20:02:53
2019_cluster_0,Sao_Francisco_do_Gloria,2020-12-31T00:00:00,1.679693486590038,1.2408353,26.13,teste,V44,LSTM,"/media/marcos/Marcos/Codigos/Predicao_Cafe_Arabica/Teste_2_reuniao_16_dez_ajuste_seed_16_01_2026/temp_models/trial_96
Modelo LSTM. Treino: 2012 a 2018. Validação: 2019. Teste: 2020.
Dataset: V44. Log Transform: Não.
Obs: ajuste de seed

Hyperparams:
input_size: 6, h: 1, lr: 1.2250088069602024e-05, batch: 32, encoder n layers: 1, decoder layers: 1",2026-01-18T20:02:53
2019_cluster_0,Sao_Joao_do_Manhuacu,2020-12-31T00:00:00,1.8,1.4410874,19.94,teste,V44,LSTM,"/media/marcos/Marcos/Codigos/Predicao_Cafe_Arabica/Teste_2_reuniao_16_dez_ajuste_seed_16_01_2026/temp_models/trial_96
Modelo LSTM. Treino: 2012 a 2018. Validação: 2019. Teste: 2020.
Dataset: V44. Log Transform: Não.
Obs: ajuste de seed

Hyperparams:
input_size: 6, h: 1, lr: 1.2250088069602024e-05, batch: 32, encoder n layers: 1, decoder layers: 1",2026-01-18T20:02:53
2019_cluster_0,Sao_Jose_do_Mantimento,2020-12-31T00:00:00,1.8,1.4024425,22.09,teste,V44,LSTM,"/media/marcos/Marcos/Codigos/Predicao_Cafe_Arabica/Teste_2_reuniao_16_dez_ajuste_seed_16_01_2026/temp_models/trial_96
Modelo LSTM. Treino: 2012 a 2018. Validação: 2019. Teste: 2020.
Dataset: V44. Log Transform: Não.
Obs: ajuste de seed

Hyperparams:
input_size: 6, h: 1, lr: 1.2250088069602024e-05, batch: 32, encoder n layers: 1, decoder layers: 1",2026-01-18T20:02:53
2019_cluster_0,Sao_Roque_de_Minas,2020-12-31T00:00:00,1.8,1.3945763,22.52,teste,V44,LSTM,"/media/marcos/Marcos/Codigos/Predicao_Cafe_Arabica/Teste_2_reuniao_16_dez_ajuste_seed_16_01_2026/temp_models/trial_96
Modelo LSTM. Treino: 2012 a 2018. Validação: 2019. Teste: 2020.
Dataset: V44. Log Transform: Não.
Obs: ajuste de seed

Hyperparams:
input_size: 6, h: 1, lr: 1.2250088069602024e-05, batch: 32, encoder n layers: 1, decoder layers: 1",2026-01-18T20:02:53
2019_cluster_0,Sao_Tiago,2020-12-31T00:00:00,2.69971671388102,1.9587747,27.45,teste,V44,LSTM,"/media/marcos/Marcos/Codigos/Predicao_Cafe_Arabica/Teste_2_reuniao_16_dez_ajuste_seed_16_01_2026/temp_models/trial_96
Modelo LSTM. Treino: 2012 a 2018. Validação: 2019. Teste: 2020.
Dataset: V44. Log Transform: Não.
Obs: ajuste de seed

Hyperparams:
input_size: 6, h: 1, lr: 1.2250088069602024e-05, batch: 32, encoder n layers: 1, decoder layers: 1",2026-01-18T20:02:53
2019_cluster_0,Sao_Tomas_de_Aquino,2020-12-31T00:00:00,2.099966151415999,1.6656942,20.68,teste,V44,LSTM,"/media/marcos/Marcos/Codigos/Predicao_Cafe_Arabica/Teste_2_reuniao_16_dez_ajuste_seed_16_01_2026/temp_models/trial_96
Modelo LSTM. Treino: 2012 a 2018. Validação: 2019. Teste: 2020.
Dataset: V44. Log Transform: Não.
Obs: ajuste de seed

Hyperparams:
input_size: 6, h: 1, lr: 1.2250088069602024e-05, batch: 32, encoder n layers: 1, decoder layers: 1",2026-01-18T20:02:53
2019_cluster_0,Senador_Firmino,2020-12-31T00:00:00,1.376237623762376,1.7849338,29.7,teste,V44,LSTM,"/media/marcos/Marcos/Codigos/Predicao_Cafe_Arabica/Teste_2_reuniao_16_dez_ajuste_seed_16_01_2026/temp_models/trial_96
Modelo LSTM. Treino: 2012 a 2018. Validação: 2019. Teste: 2020.
Dataset: V44. Log Transform: Não.
Obs: ajuste de seed

Hyperparams:
input_size: 6, h: 1, lr: 1.2250088069602024e-05, batch: 32, encoder n layers: 1, decoder layers: 1",2026-01-18T20:02:53
2019_cluster_0,Senhora_de_Oliveira,2020-12-31T00:00:00,1.8,1.6029457,10.95,teste,V44,LSTM,"/media/marcos/Marcos/Codigos/Predicao_Cafe_Arabica/Teste_2_reuniao_16_dez_ajuste_seed_16_01_2026/temp_models/trial_96
Modelo LSTM. Treino: 2012 a 2018. Validação: 2019. Teste: 2020.
Dataset: V44. Log Transform: Não.
Obs: ajuste de seed

Hyperparams:
input_size: 6, h: 1, lr: 1.2250088069602024e-05, batch: 32, encoder n layers: 1, decoder layers: 1",2026-01-18T20:02:53
2019_cluster_0,Sericita,2020-12-31T00:00:00,2.52,1.2891923,48.84,teste,V44,LSTM,"/media/marcos/Marcos/Codigos/Predicao_Cafe_Arabica/Teste_2_reuniao_16_dez_ajuste_seed_16_01_2026/temp_models/trial_96
Modelo LSTM. Treino: 2012 a 2018. Validação: 2019. Teste: 2020.
Dataset: V44. Log Transform: Não.
Obs: ajuste de seed

Hyperparams:
input_size: 6, h: 1, lr: 1.2250088069602024e-05, batch: 32, encoder n layers: 1, decoder layers: 1",2026-01-18T20:02:53
2019_cluster_0,Simonesia,2020-12-31T00:00:00,1.8,1.3035026,27.58,teste,V44,LSTM,"/media/marcos/Marcos/Codigos/Predicao_Cafe_Arabica/Teste_2_reuniao_16_dez_ajuste_seed_16_01_2026/temp_models/trial_96
Modelo LSTM. Treino: 2012 a 2018. Validação: 2019. Teste: 2020.
Dataset: V44. Log Transform: Não.
Obs: ajuste de seed

Hyperparams:
input_size: 6, h: 1, lr: 1.2250088069602024e-05, batch: 32, encoder n layers: 1, decoder layers: 1",2026-01-18T20:02:53
2019_cluster_0,Tapirai,2020-12-31T00:00:00,1.799716914366596,1.7156836,4.67,teste,V44,LSTM,"/media/marcos/Marcos/Codigos/Predicao_Cafe_Arabica/Teste_2_reuniao_16_dez_ajuste_seed_16_01_2026/temp_models/trial_96
Modelo LSTM. Treino: 2012 a 2018. Validação: 2019. Teste: 2020.
Dataset: V44. Log Transform: Não.
Obs: ajuste de seed

Hyperparams:
input_size: 6, h: 1, lr: 1.2250088069602024e-05, batch: 32, encoder n layers: 1, decoder layers: 1",2026-01-18T20:02:53
2019_cluster_0,Tombos,2020-12-31T00:00:00,1.5,1.1614584,22.57,teste,V44,LSTM,"/media/marcos/Marcos/Codigos/Predicao_Cafe_Arabica/Teste_2_reuniao_16_dez_ajuste_seed_16_01_2026/temp_models/trial_96
Modelo LSTM. Treino: 2012 a 2018. Validação: 2019. Teste: 2020.
Dataset: V44. Log Transform: Não.
Obs: ajuste de seed

Hyperparams:
input_size: 6, h: 1, lr: 1.2250088069602024e-05, batch: 32, encoder n layers: 1, decoder layers: 1",2026-01-18T20:02:53
2019_cluster_0,Tres_Pontas,2020-12-31T00:00:00,2.26,1.8079224,20.0,teste,V44,LSTM,"/media/marcos/Marcos/Codigos/Predicao_Cafe_Arabica/Teste_2_reuniao_16_dez_ajuste_seed_16_01_2026/temp_models/trial_96
Modelo LSTM. Treino: 2012 a 2018. Validação: 2019. Teste: 2020.
Dataset: V44. Log Transform: Não.
Obs: ajuste de seed

Hyperparams:
input_size: 6, h: 1, lr: 1.2250088069602024e-05, batch: 32, encoder n layers: 1, decoder layers: 1",2026-01-18T20:02:53
2019_cluster_0,Ubaporanga,2020-12-31T00:00:00,1.620087336244541,1.2598788,22.23,teste,V44,LSTM,"/media/marcos/Marcos/Codigos/Predicao_Cafe_Arabica/Teste_2_reuniao_16_dez_ajuste_seed_16_01_2026/temp_models/trial_96
Modelo LSTM. Treino: 2012 a 2018. Validação: 2019. Teste: 2020.
Dataset: V44. Log Transform: Não.
Obs: ajuste de seed

Hyperparams:
input_size: 6, h: 1, lr: 1.2250088069602024e-05, batch: 32, encoder n layers: 1, decoder layers: 1",2026-01-18T20:02:53
2019_cluster_0,Vargem_Bonita,2020-12-31T00:00:00,1.803122289679098,1.7104576,5.14,teste,V44,LSTM,"/media/marcos/Marcos/Codigos/Predicao_Cafe_Arabica/Teste_2_reuniao_16_dez_ajuste_seed_16_01_2026/temp_models/trial_96
Modelo LSTM. Treino: 2012 a 2018. Validação: 2019. Teste: 2020.
Dataset: V44. Log Transform: Não.
Obs: ajuste de seed

Hyperparams:
input_size: 6, h: 1, lr: 1.2250088069602024e-05, batch: 32, encoder n layers: 1, decoder layers: 1",2026-01-18T20:02:53
2019_cluster_0,Vermelho_Novo,2020-12-31T00:00:00,1.320080321285141,1.169846,11.38,teste,V44,LSTM,"/media/marcos/Marcos/Codigos/Predicao_Cafe_Arabica/Teste_2_reuniao_16_dez_ajuste_seed_16_01_2026/temp_models/trial_96
Modelo LSTM. Treino: 2012 a 2018. Validação: 2019. Teste: 2020.
Dataset: V44. Log Transform: Não.
Obs: ajuste de seed

Hyperparams:
input_size: 6, h: 1, lr: 1.2250088069602024e-05, batch: 32, encoder n layers: 1, decoder layers: 1",2026-01-18T20:02:53
2019_cluster_0,Vicosa,2020-12-31T00:00:00,1.8,1.3980927,22.33,teste,V44,LSTM,"/media/marcos/Marcos/Codigos/Predicao_Cafe_Arabica/Teste_2_reuniao_16_dez_ajuste_seed_16_01_2026/temp_models/trial_96
Modelo LSTM. Treino: 2012 a 2018. Validação: 2019. Teste: 2020.
Dataset: V44. Log Transform: Não.
Obs: ajuste de seed

Hyperparams:
input_size: 6, h: 1, lr: 1.2250088069602024e-05, batch: 32, encoder n layers: 1, decoder layers: 1",2026-01-18T20:02:53
2019_cluster_0,Vieiras,2020-12-31T00:00:00,1.8,1.3701117,23.88,teste,V44,LSTM,"/media/marcos/Marcos/Codigos/Predicao_Cafe_Arabica/Teste_2_reuniao_16_dez_ajuste_seed_16_01_2026/temp_models/trial_96
Modelo LSTM. Treino: 2012 a 2018. Validação: 2019. Teste: 2020.
Dataset: V44. Log Transform: Não.
Obs: ajuste de seed

Hyperparams:
input_size: 6, h: 1, lr: 1.2250088069602024e-05, batch: 32, encoder n layers: 1, decoder layers: 1",2026-01-18T20:02:53
