treino_id,unique_id,ds,y,y_pred,diferença_%,flag,dataset,modelo,comentario,data_treino
2022_cluster_1,Almenara,2022-12-31T00:00:00,0.78,0.8486047,8.8,validacao,V44,LSTM,"/media/marcos/Marcos/Codigos/Predicao_Cafe_Arabica/Teste_2_reuniao_16_dez_ajuste_seed/temp_models/trial_246
Modelo LSTM. Treino: 2012 a 2021. Validação: 2022. Teste: 2023.
Dataset: V44.
Obs: ajuste de seed

Hyperparams:
input_size: 9h: 1lr: 4.9005034191835746e-05batch: 32encoder n layers: 2decoder layers: 2",2026-01-07T17:36:34
2022_cluster_1,Alpinopolis,2022-12-31T00:00:00,1.4420494699646638,1.7668407,22.52,validacao,V44,LSTM,"/media/marcos/Marcos/Codigos/Predicao_Cafe_Arabica/Teste_2_reuniao_16_dez_ajuste_seed/temp_models/trial_246
Modelo LSTM. Treino: 2012 a 2021. Validação: 2022. Teste: 2023.
Dataset: V44.
Obs: ajuste de seed

Hyperparams:
input_size: 9h: 1lr: 4.9005034191835746e-05batch: 32encoder n layers: 2decoder layers: 2",2026-01-07T17:36:34
2022_cluster_1,Alterosa,2022-12-31T00:00:00,1.080104712041885,1.2133133,12.33,validacao,V44,LSTM,"/media/marcos/Marcos/Codigos/Predicao_Cafe_Arabica/Teste_2_reuniao_16_dez_ajuste_seed/temp_models/trial_246
Modelo LSTM. Treino: 2012 a 2021. Validação: 2022. Teste: 2023.
Dataset: V44.
Obs: ajuste de seed

Hyperparams:
input_size: 9h: 1lr: 4.9005034191835746e-05batch: 32encoder n layers: 2decoder layers: 2",2026-01-07T17:36:34
2022_cluster_1,Andradas,2022-12-31T00:00:00,1.26,1.3344206,5.91,validacao,V44,LSTM,"/media/marcos/Marcos/Codigos/Predicao_Cafe_Arabica/Teste_2_reuniao_16_dez_ajuste_seed/temp_models/trial_246
Modelo LSTM. Treino: 2012 a 2021. Validação: 2022. Teste: 2023.
Dataset: V44.
Obs: ajuste de seed

Hyperparams:
input_size: 9h: 1lr: 4.9005034191835746e-05batch: 32encoder n layers: 2decoder layers: 2",2026-01-07T17:36:34
2022_cluster_1,Araguari,2022-12-31T00:00:00,1.919968366943456,1.9150269,0.26,validacao,V44,LSTM,"/media/marcos/Marcos/Codigos/Predicao_Cafe_Arabica/Teste_2_reuniao_16_dez_ajuste_seed/temp_models/trial_246
Modelo LSTM. Treino: 2012 a 2021. Validação: 2022. Teste: 2023.
Dataset: V44.
Obs: ajuste de seed

Hyperparams:
input_size: 9h: 1lr: 4.9005034191835746e-05batch: 32encoder n layers: 2decoder layers: 2",2026-01-07T17:36:34
2022_cluster_1,Arapua,2022-12-31T00:00:00,1.14,1.3337138,16.99,validacao,V44,LSTM,"/media/marcos/Marcos/Codigos/Predicao_Cafe_Arabica/Teste_2_reuniao_16_dez_ajuste_seed/temp_models/trial_246
Modelo LSTM. Treino: 2012 a 2021. Validação: 2022. Teste: 2023.
Dataset: V44.
Obs: ajuste de seed

Hyperparams:
input_size: 9h: 1lr: 4.9005034191835746e-05batch: 32encoder n layers: 2decoder layers: 2",2026-01-07T17:36:34
2022_cluster_1,Araxa,2022-12-31T00:00:00,1.077872465471643,1.5047109,39.6,validacao,V44,LSTM,"/media/marcos/Marcos/Codigos/Predicao_Cafe_Arabica/Teste_2_reuniao_16_dez_ajuste_seed/temp_models/trial_246
Modelo LSTM. Treino: 2012 a 2021. Validação: 2022. Teste: 2023.
Dataset: V44.
Obs: ajuste de seed

Hyperparams:
input_size: 9h: 1lr: 4.9005034191835746e-05batch: 32encoder n layers: 2decoder layers: 2",2026-01-07T17:36:34
2022_cluster_1,Arceburgo,2022-12-31T00:00:00,0.9244897959183672,1.2338893,33.47,validacao,V44,LSTM,"/media/marcos/Marcos/Codigos/Predicao_Cafe_Arabica/Teste_2_reuniao_16_dez_ajuste_seed/temp_models/trial_246
Modelo LSTM. Treino: 2012 a 2021. Validação: 2022. Teste: 2023.
Dataset: V44.
Obs: ajuste de seed

Hyperparams:
input_size: 9h: 1lr: 4.9005034191835746e-05batch: 32encoder n layers: 2decoder layers: 2",2026-01-07T17:36:34
2022_cluster_1,Areado,2022-12-31T00:00:00,0.9076923076923076,1.4399428,58.64,validacao,V44,LSTM,"/media/marcos/Marcos/Codigos/Predicao_Cafe_Arabica/Teste_2_reuniao_16_dez_ajuste_seed/temp_models/trial_246
Modelo LSTM. Treino: 2012 a 2021. Validação: 2022. Teste: 2023.
Dataset: V44.
Obs: ajuste de seed

Hyperparams:
input_size: 9h: 1lr: 4.9005034191835746e-05batch: 32encoder n layers: 2decoder layers: 2",2026-01-07T17:36:34
2022_cluster_1,Bom_Jesus_da_Penha,2022-12-31T00:00:00,1.6298200514138823,1.7082522,4.81,validacao,V44,LSTM,"/media/marcos/Marcos/Codigos/Predicao_Cafe_Arabica/Teste_2_reuniao_16_dez_ajuste_seed/temp_models/trial_246
Modelo LSTM. Treino: 2012 a 2021. Validação: 2022. Teste: 2023.
Dataset: V44.
Obs: ajuste de seed

Hyperparams:
input_size: 9h: 1lr: 4.9005034191835746e-05batch: 32encoder n layers: 2decoder layers: 2",2026-01-07T17:36:34
2022_cluster_1,Botelhos,2022-12-31T00:00:00,0.9,1.3485656,49.84,validacao,V44,LSTM,"/media/marcos/Marcos/Codigos/Predicao_Cafe_Arabica/Teste_2_reuniao_16_dez_ajuste_seed/temp_models/trial_246
Modelo LSTM. Treino: 2012 a 2021. Validação: 2022. Teste: 2023.
Dataset: V44.
Obs: ajuste de seed

Hyperparams:
input_size: 9h: 1lr: 4.9005034191835746e-05batch: 32encoder n layers: 2decoder layers: 2",2026-01-07T17:36:34
2022_cluster_1,Botumirim,2022-12-31T00:00:00,0.7241379310344828,0.69486785,4.04,validacao,V44,LSTM,"/media/marcos/Marcos/Codigos/Predicao_Cafe_Arabica/Teste_2_reuniao_16_dez_ajuste_seed/temp_models/trial_246
Modelo LSTM. Treino: 2012 a 2021. Validação: 2022. Teste: 2023.
Dataset: V44.
Obs: ajuste de seed

Hyperparams:
input_size: 9h: 1lr: 4.9005034191835746e-05batch: 32encoder n layers: 2decoder layers: 2",2026-01-07T17:36:34
2022_cluster_1,Cabo_Verde,2022-12-31T00:00:00,1.35,1.5106846,11.9,validacao,V44,LSTM,"/media/marcos/Marcos/Codigos/Predicao_Cafe_Arabica/Teste_2_reuniao_16_dez_ajuste_seed/temp_models/trial_246
Modelo LSTM. Treino: 2012 a 2021. Validação: 2022. Teste: 2023.
Dataset: V44.
Obs: ajuste de seed

Hyperparams:
input_size: 9h: 1lr: 4.9005034191835746e-05batch: 32encoder n layers: 2decoder layers: 2",2026-01-07T17:36:34
2022_cluster_1,Campestre,2022-12-31T00:00:00,1.020018115942029,1.2921863,26.68,validacao,V44,LSTM,"/media/marcos/Marcos/Codigos/Predicao_Cafe_Arabica/Teste_2_reuniao_16_dez_ajuste_seed/temp_models/trial_246
Modelo LSTM. Treino: 2012 a 2021. Validação: 2022. Teste: 2023.
Dataset: V44.
Obs: ajuste de seed

Hyperparams:
input_size: 9h: 1lr: 4.9005034191835746e-05batch: 32encoder n layers: 2decoder layers: 2",2026-01-07T17:36:34
2022_cluster_1,Capetinga,2022-12-31T00:00:00,1.407056229327453,1.527194,8.54,validacao,V44,LSTM,"/media/marcos/Marcos/Codigos/Predicao_Cafe_Arabica/Teste_2_reuniao_16_dez_ajuste_seed/temp_models/trial_246
Modelo LSTM. Treino: 2012 a 2021. Validação: 2022. Teste: 2023.
Dataset: V44.
Obs: ajuste de seed

Hyperparams:
input_size: 9h: 1lr: 4.9005034191835746e-05batch: 32encoder n layers: 2decoder layers: 2",2026-01-07T17:36:34
2022_cluster_1,Carmo_do_Paranaiba,2022-12-31T00:00:00,1.392969472710453,1.6893667,21.28,validacao,V44,LSTM,"/media/marcos/Marcos/Codigos/Predicao_Cafe_Arabica/Teste_2_reuniao_16_dez_ajuste_seed/temp_models/trial_246
Modelo LSTM. Treino: 2012 a 2021. Validação: 2022. Teste: 2023.
Dataset: V44.
Obs: ajuste de seed

Hyperparams:
input_size: 9h: 1lr: 4.9005034191835746e-05batch: 32encoder n layers: 2decoder layers: 2",2026-01-07T17:36:34
2022_cluster_1,Cascalho_Rico,2022-12-31T00:00:00,2.580434782608696,1.9307091,25.18,validacao,V44,LSTM,"/media/marcos/Marcos/Codigos/Predicao_Cafe_Arabica/Teste_2_reuniao_16_dez_ajuste_seed/temp_models/trial_246
Modelo LSTM. Treino: 2012 a 2021. Validação: 2022. Teste: 2023.
Dataset: V44.
Obs: ajuste de seed

Hyperparams:
input_size: 9h: 1lr: 4.9005034191835746e-05batch: 32encoder n layers: 2decoder layers: 2",2026-01-07T17:36:34
2022_cluster_1,Claraval,2022-12-31T00:00:00,1.289915966386555,1.2319126,4.5,validacao,V44,LSTM,"/media/marcos/Marcos/Codigos/Predicao_Cafe_Arabica/Teste_2_reuniao_16_dez_ajuste_seed/temp_models/trial_246
Modelo LSTM. Treino: 2012 a 2021. Validação: 2022. Teste: 2023.
Dataset: V44.
Obs: ajuste de seed

Hyperparams:
input_size: 9h: 1lr: 4.9005034191835746e-05batch: 32encoder n layers: 2decoder layers: 2",2026-01-07T17:36:34
2022_cluster_1,Conceicao_da_Aparecida,2022-12-31T00:00:00,1.53,1.7256596,12.79,validacao,V44,LSTM,"/media/marcos/Marcos/Codigos/Predicao_Cafe_Arabica/Teste_2_reuniao_16_dez_ajuste_seed/temp_models/trial_246
Modelo LSTM. Treino: 2012 a 2021. Validação: 2022. Teste: 2023.
Dataset: V44.
Obs: ajuste de seed

Hyperparams:
input_size: 9h: 1lr: 4.9005034191835746e-05batch: 32encoder n layers: 2decoder layers: 2",2026-01-07T17:36:34
2022_cluster_1,Coromandel,2022-12-31T00:00:00,1.260025542784164,1.5750551,25.0,validacao,V44,LSTM,"/media/marcos/Marcos/Codigos/Predicao_Cafe_Arabica/Teste_2_reuniao_16_dez_ajuste_seed/temp_models/trial_246
Modelo LSTM. Treino: 2012 a 2021. Validação: 2022. Teste: 2023.
Dataset: V44.
Obs: ajuste de seed

Hyperparams:
input_size: 9h: 1lr: 4.9005034191835746e-05batch: 32encoder n layers: 2decoder layers: 2",2026-01-07T17:36:34
2022_cluster_1,Corrego_Fundo,2022-12-31T00:00:00,1.079051383399209,1.1211879,3.9,validacao,V44,LSTM,"/media/marcos/Marcos/Codigos/Predicao_Cafe_Arabica/Teste_2_reuniao_16_dez_ajuste_seed/temp_models/trial_246
Modelo LSTM. Treino: 2012 a 2021. Validação: 2022. Teste: 2023.
Dataset: V44.
Obs: ajuste de seed

Hyperparams:
input_size: 9h: 1lr: 4.9005034191835746e-05batch: 32encoder n layers: 2decoder layers: 2",2026-01-07T17:36:34
2022_cluster_1,Cruzeiro_da_Fortaleza,2022-12-31T00:00:00,1.5598526703499078,1.6878464,8.21,validacao,V44,LSTM,"/media/marcos/Marcos/Codigos/Predicao_Cafe_Arabica/Teste_2_reuniao_16_dez_ajuste_seed/temp_models/trial_246
Modelo LSTM. Treino: 2012 a 2021. Validação: 2022. Teste: 2023.
Dataset: V44.
Obs: ajuste de seed

Hyperparams:
input_size: 9h: 1lr: 4.9005034191835746e-05batch: 32encoder n layers: 2decoder layers: 2",2026-01-07T17:36:34
2022_cluster_1,Delfinopolis,2022-12-31T00:00:00,1.3799999999999997,1.1713345,15.12,validacao,V44,LSTM,"/media/marcos/Marcos/Codigos/Predicao_Cafe_Arabica/Teste_2_reuniao_16_dez_ajuste_seed/temp_models/trial_246
Modelo LSTM. Treino: 2012 a 2021. Validação: 2022. Teste: 2023.
Dataset: V44.
Obs: ajuste de seed

Hyperparams:
input_size: 9h: 1lr: 4.9005034191835746e-05batch: 32encoder n layers: 2decoder layers: 2",2026-01-07T17:36:34
2022_cluster_1,Divisa_Nova,2022-12-31T00:00:00,1.260204081632653,1.2161574,3.5,validacao,V44,LSTM,"/media/marcos/Marcos/Codigos/Predicao_Cafe_Arabica/Teste_2_reuniao_16_dez_ajuste_seed/temp_models/trial_246
Modelo LSTM. Treino: 2012 a 2021. Validação: 2022. Teste: 2023.
Dataset: V44.
Obs: ajuste de seed

Hyperparams:
input_size: 9h: 1lr: 4.9005034191835746e-05batch: 32encoder n layers: 2decoder layers: 2",2026-01-07T17:36:34
2022_cluster_1,Dom_Cavati,2022-12-31T00:00:00,0.6000000000000001,0.7229558,20.49,validacao,V44,LSTM,"/media/marcos/Marcos/Codigos/Predicao_Cafe_Arabica/Teste_2_reuniao_16_dez_ajuste_seed/temp_models/trial_246
Modelo LSTM. Treino: 2012 a 2021. Validação: 2022. Teste: 2023.
Dataset: V44.
Obs: ajuste de seed

Hyperparams:
input_size: 9h: 1lr: 4.9005034191835746e-05batch: 32encoder n layers: 2decoder layers: 2",2026-01-07T17:36:34
2022_cluster_1,Dores_do_Turvo,2022-12-31T00:00:00,1.2,0.9838778,18.01,validacao,V44,LSTM,"/media/marcos/Marcos/Codigos/Predicao_Cafe_Arabica/Teste_2_reuniao_16_dez_ajuste_seed/temp_models/trial_246
Modelo LSTM. Treino: 2012 a 2021. Validação: 2022. Teste: 2023.
Dataset: V44.
Obs: ajuste de seed

Hyperparams:
input_size: 9h: 1lr: 4.9005034191835746e-05batch: 32encoder n layers: 2decoder layers: 2",2026-01-07T17:36:34
2022_cluster_1,Estrela_do_Indaia,2022-12-31T00:00:00,1.8599999999999999,1.4971904,19.51,validacao,V44,LSTM,"/media/marcos/Marcos/Codigos/Predicao_Cafe_Arabica/Teste_2_reuniao_16_dez_ajuste_seed/temp_models/trial_246
Modelo LSTM. Treino: 2012 a 2021. Validação: 2022. Teste: 2023.
Dataset: V44.
Obs: ajuste de seed

Hyperparams:
input_size: 9h: 1lr: 4.9005034191835746e-05batch: 32encoder n layers: 2decoder layers: 2",2026-01-07T17:36:34
2022_cluster_1,Estrela_do_Sul,2022-12-31T00:00:00,1.460045146726862,1.4975741,2.57,validacao,V44,LSTM,"/media/marcos/Marcos/Codigos/Predicao_Cafe_Arabica/Teste_2_reuniao_16_dez_ajuste_seed/temp_models/trial_246
Modelo LSTM. Treino: 2012 a 2021. Validação: 2022. Teste: 2023.
Dataset: V44.
Obs: ajuste de seed

Hyperparams:
input_size: 9h: 1lr: 4.9005034191835746e-05batch: 32encoder n layers: 2decoder layers: 2",2026-01-07T17:36:34
2022_cluster_1,Guaranesia,2022-12-31T00:00:00,1.086968085106383,1.2353826,13.65,validacao,V44,LSTM,"/media/marcos/Marcos/Codigos/Predicao_Cafe_Arabica/Teste_2_reuniao_16_dez_ajuste_seed/temp_models/trial_246
Modelo LSTM. Treino: 2012 a 2021. Validação: 2022. Teste: 2023.
Dataset: V44.
Obs: ajuste de seed

Hyperparams:
input_size: 9h: 1lr: 4.9005034191835746e-05batch: 32encoder n layers: 2decoder layers: 2",2026-01-07T17:36:34
2022_cluster_1,Guarani,2022-12-31T00:00:00,1.2,1.1924856,0.63,validacao,V44,LSTM,"/media/marcos/Marcos/Codigos/Predicao_Cafe_Arabica/Teste_2_reuniao_16_dez_ajuste_seed/temp_models/trial_246
Modelo LSTM. Treino: 2012 a 2021. Validação: 2022. Teste: 2023.
Dataset: V44.
Obs: ajuste de seed

Hyperparams:
input_size: 9h: 1lr: 4.9005034191835746e-05batch: 32encoder n layers: 2decoder layers: 2",2026-01-07T17:36:34
2022_cluster_1,Guarda-Mor,2022-12-31T00:00:00,1.858757062146893,1.7805024,4.21,validacao,V44,LSTM,"/media/marcos/Marcos/Codigos/Predicao_Cafe_Arabica/Teste_2_reuniao_16_dez_ajuste_seed/temp_models/trial_246
Modelo LSTM. Treino: 2012 a 2021. Validação: 2022. Teste: 2023.
Dataset: V44.
Obs: ajuste de seed

Hyperparams:
input_size: 9h: 1lr: 4.9005034191835746e-05batch: 32encoder n layers: 2decoder layers: 2",2026-01-07T17:36:34
2022_cluster_1,Guaxupe,2022-12-31T00:00:00,1.14,1.2068764,5.87,validacao,V44,LSTM,"/media/marcos/Marcos/Codigos/Predicao_Cafe_Arabica/Teste_2_reuniao_16_dez_ajuste_seed/temp_models/trial_246
Modelo LSTM. Treino: 2012 a 2021. Validação: 2022. Teste: 2023.
Dataset: V44.
Obs: ajuste de seed

Hyperparams:
input_size: 9h: 1lr: 4.9005034191835746e-05batch: 32encoder n layers: 2decoder layers: 2",2026-01-07T17:36:34
2022_cluster_1,Guimarania,2022-12-31T00:00:00,1.2220588235294123,1.4571674,19.24,validacao,V44,LSTM,"/media/marcos/Marcos/Codigos/Predicao_Cafe_Arabica/Teste_2_reuniao_16_dez_ajuste_seed/temp_models/trial_246
Modelo LSTM. Treino: 2012 a 2021. Validação: 2022. Teste: 2023.
Dataset: V44.
Obs: ajuste de seed

Hyperparams:
input_size: 9h: 1lr: 4.9005034191835746e-05batch: 32encoder n layers: 2decoder layers: 2",2026-01-07T17:36:34
2022_cluster_1,Ibia,2022-12-31T00:00:00,1.14,1.3791046,20.97,validacao,V44,LSTM,"/media/marcos/Marcos/Codigos/Predicao_Cafe_Arabica/Teste_2_reuniao_16_dez_ajuste_seed/temp_models/trial_246
Modelo LSTM. Treino: 2012 a 2021. Validação: 2022. Teste: 2023.
Dataset: V44.
Obs: ajuste de seed

Hyperparams:
input_size: 9h: 1lr: 4.9005034191835746e-05batch: 32encoder n layers: 2decoder layers: 2",2026-01-07T17:36:34
2022_cluster_1,Ibiraci,2022-12-31T00:00:00,1.377007874015748,1.2725452,7.59,validacao,V44,LSTM,"/media/marcos/Marcos/Codigos/Predicao_Cafe_Arabica/Teste_2_reuniao_16_dez_ajuste_seed/temp_models/trial_246
Modelo LSTM. Treino: 2012 a 2021. Validação: 2022. Teste: 2023.
Dataset: V44.
Obs: ajuste de seed

Hyperparams:
input_size: 9h: 1lr: 4.9005034191835746e-05batch: 32encoder n layers: 2decoder layers: 2",2026-01-07T17:36:34
2022_cluster_1,Indianopolis,2022-12-31T00:00:00,1.8000000000000003,1.905121,5.84,validacao,V44,LSTM,"/media/marcos/Marcos/Codigos/Predicao_Cafe_Arabica/Teste_2_reuniao_16_dez_ajuste_seed/temp_models/trial_246
Modelo LSTM. Treino: 2012 a 2021. Validação: 2022. Teste: 2023.
Dataset: V44.
Obs: ajuste de seed

Hyperparams:
input_size: 9h: 1lr: 4.9005034191835746e-05batch: 32encoder n layers: 2decoder layers: 2",2026-01-07T17:36:34
2022_cluster_1,Itamogi,2022-12-31T00:00:00,1.32,1.3443391,1.84,validacao,V44,LSTM,"/media/marcos/Marcos/Codigos/Predicao_Cafe_Arabica/Teste_2_reuniao_16_dez_ajuste_seed/temp_models/trial_246
Modelo LSTM. Treino: 2012 a 2021. Validação: 2022. Teste: 2023.
Dataset: V44.
Obs: ajuste de seed

Hyperparams:
input_size: 9h: 1lr: 4.9005034191835746e-05batch: 32encoder n layers: 2decoder layers: 2",2026-01-07T17:36:34
2022_cluster_1,Itanhomi,2022-12-31T00:00:00,1.081818181818182,1.0148685,6.19,validacao,V44,LSTM,"/media/marcos/Marcos/Codigos/Predicao_Cafe_Arabica/Teste_2_reuniao_16_dez_ajuste_seed/temp_models/trial_246
Modelo LSTM. Treino: 2012 a 2021. Validação: 2022. Teste: 2023.
Dataset: V44.
Obs: ajuste de seed

Hyperparams:
input_size: 9h: 1lr: 4.9005034191835746e-05batch: 32encoder n layers: 2decoder layers: 2",2026-01-07T17:36:34
2022_cluster_1,Jacui,2022-12-31T00:00:00,1.08,1.2437041,15.16,validacao,V44,LSTM,"/media/marcos/Marcos/Codigos/Predicao_Cafe_Arabica/Teste_2_reuniao_16_dez_ajuste_seed/temp_models/trial_246
Modelo LSTM. Treino: 2012 a 2021. Validação: 2022. Teste: 2023.
Dataset: V44.
Obs: ajuste de seed

Hyperparams:
input_size: 9h: 1lr: 4.9005034191835746e-05batch: 32encoder n layers: 2decoder layers: 2",2026-01-07T17:36:34
2022_cluster_1,Jacutinga,2022-12-31T00:00:00,1.289920424403183,1.3297939,3.09,validacao,V44,LSTM,"/media/marcos/Marcos/Codigos/Predicao_Cafe_Arabica/Teste_2_reuniao_16_dez_ajuste_seed/temp_models/trial_246
Modelo LSTM. Treino: 2012 a 2021. Validação: 2022. Teste: 2023.
Dataset: V44.
Obs: ajuste de seed

Hyperparams:
input_size: 9h: 1lr: 4.9005034191835746e-05batch: 32encoder n layers: 2decoder layers: 2",2026-01-07T17:36:34
2022_cluster_1,Juruaia,2022-12-31T00:00:00,1.5,1.4371994,4.19,validacao,V44,LSTM,"/media/marcos/Marcos/Codigos/Predicao_Cafe_Arabica/Teste_2_reuniao_16_dez_ajuste_seed/temp_models/trial_246
Modelo LSTM. Treino: 2012 a 2021. Validação: 2022. Teste: 2023.
Dataset: V44.
Obs: ajuste de seed

Hyperparams:
input_size: 9h: 1lr: 4.9005034191835746e-05batch: 32encoder n layers: 2decoder layers: 2",2026-01-07T17:36:34
2022_cluster_1,Lagoa_Dourada,2022-12-31T00:00:00,1.5,1.4072723,6.18,validacao,V44,LSTM,"/media/marcos/Marcos/Codigos/Predicao_Cafe_Arabica/Teste_2_reuniao_16_dez_ajuste_seed/temp_models/trial_246
Modelo LSTM. Treino: 2012 a 2021. Validação: 2022. Teste: 2023.
Dataset: V44.
Obs: ajuste de seed

Hyperparams:
input_size: 9h: 1lr: 4.9005034191835746e-05batch: 32encoder n layers: 2decoder layers: 2",2026-01-07T17:36:34
2022_cluster_1,Lagoa_Formosa,2022-12-31T00:00:00,2.088607594936709,1.741281,16.63,validacao,V44,LSTM,"/media/marcos/Marcos/Codigos/Predicao_Cafe_Arabica/Teste_2_reuniao_16_dez_ajuste_seed/temp_models/trial_246
Modelo LSTM. Treino: 2012 a 2021. Validação: 2022. Teste: 2023.
Dataset: V44.
Obs: ajuste de seed

Hyperparams:
input_size: 9h: 1lr: 4.9005034191835746e-05batch: 32encoder n layers: 2decoder layers: 2",2026-01-07T17:36:34
2022_cluster_1,Lagoa_Grande,2022-12-31T00:00:00,2.4,1.1239352,53.17,validacao,V44,LSTM,"/media/marcos/Marcos/Codigos/Predicao_Cafe_Arabica/Teste_2_reuniao_16_dez_ajuste_seed/temp_models/trial_246
Modelo LSTM. Treino: 2012 a 2021. Validação: 2022. Teste: 2023.
Dataset: V44.
Obs: ajuste de seed

Hyperparams:
input_size: 9h: 1lr: 4.9005034191835746e-05batch: 32encoder n layers: 2decoder layers: 2",2026-01-07T17:36:34
2022_cluster_1,Matutina,2022-12-31T00:00:00,1.8097165991902833,1.557982,13.91,validacao,V44,LSTM,"/media/marcos/Marcos/Codigos/Predicao_Cafe_Arabica/Teste_2_reuniao_16_dez_ajuste_seed/temp_models/trial_246
Modelo LSTM. Treino: 2012 a 2021. Validação: 2022. Teste: 2023.
Dataset: V44.
Obs: ajuste de seed

Hyperparams:
input_size: 9h: 1lr: 4.9005034191835746e-05batch: 32encoder n layers: 2decoder layers: 2",2026-01-07T17:36:34
2022_cluster_1,Monte_Belo,2022-12-31T00:00:00,0.9599999999999999,1.2784958,33.18,validacao,V44,LSTM,"/media/marcos/Marcos/Codigos/Predicao_Cafe_Arabica/Teste_2_reuniao_16_dez_ajuste_seed/temp_models/trial_246
Modelo LSTM. Treino: 2012 a 2021. Validação: 2022. Teste: 2023.
Dataset: V44.
Obs: ajuste de seed

Hyperparams:
input_size: 9h: 1lr: 4.9005034191835746e-05batch: 32encoder n layers: 2decoder layers: 2",2026-01-07T17:36:34
2022_cluster_1,Monte_Carmelo,2022-12-31T00:00:00,1.7458874458874463,1.6924813,3.06,validacao,V44,LSTM,"/media/marcos/Marcos/Codigos/Predicao_Cafe_Arabica/Teste_2_reuniao_16_dez_ajuste_seed/temp_models/trial_246
Modelo LSTM. Treino: 2012 a 2021. Validação: 2022. Teste: 2023.
Dataset: V44.
Obs: ajuste de seed

Hyperparams:
input_size: 9h: 1lr: 4.9005034191835746e-05batch: 32encoder n layers: 2decoder layers: 2",2026-01-07T17:36:34
2022_cluster_1,Monte_Santo_de_Minas,2022-12-31T00:00:00,1.4699677072120563,1.2987089,11.65,validacao,V44,LSTM,"/media/marcos/Marcos/Codigos/Predicao_Cafe_Arabica/Teste_2_reuniao_16_dez_ajuste_seed/temp_models/trial_246
Modelo LSTM. Treino: 2012 a 2021. Validação: 2022. Teste: 2023.
Dataset: V44.
Obs: ajuste de seed

Hyperparams:
input_size: 9h: 1lr: 4.9005034191835746e-05batch: 32encoder n layers: 2decoder layers: 2",2026-01-07T17:36:34
2022_cluster_1,Muzambinho,2022-12-31T00:00:00,1.43993993993994,1.2520919,13.05,validacao,V44,LSTM,"/media/marcos/Marcos/Codigos/Predicao_Cafe_Arabica/Teste_2_reuniao_16_dez_ajuste_seed/temp_models/trial_246
Modelo LSTM. Treino: 2012 a 2021. Validação: 2022. Teste: 2023.
Dataset: V44.
Obs: ajuste de seed

Hyperparams:
input_size: 9h: 1lr: 4.9005034191835746e-05batch: 32encoder n layers: 2decoder layers: 2",2026-01-07T17:36:34
2022_cluster_1,Nova_Resende,2022-12-31T00:00:00,1.5,1.5942907,6.29,validacao,V44,LSTM,"/media/marcos/Marcos/Codigos/Predicao_Cafe_Arabica/Teste_2_reuniao_16_dez_ajuste_seed/temp_models/trial_246
Modelo LSTM. Treino: 2012 a 2021. Validação: 2022. Teste: 2023.
Dataset: V44.
Obs: ajuste de seed

Hyperparams:
input_size: 9h: 1lr: 4.9005034191835746e-05batch: 32encoder n layers: 2decoder layers: 2",2026-01-07T17:36:34
2022_cluster_1,Passos,2022-12-31T00:00:00,1.290038314176245,1.1370962,11.86,validacao,V44,LSTM,"/media/marcos/Marcos/Codigos/Predicao_Cafe_Arabica/Teste_2_reuniao_16_dez_ajuste_seed/temp_models/trial_246
Modelo LSTM. Treino: 2012 a 2021. Validação: 2022. Teste: 2023.
Dataset: V44.
Obs: ajuste de seed

Hyperparams:
input_size: 9h: 1lr: 4.9005034191835746e-05batch: 32encoder n layers: 2decoder layers: 2",2026-01-07T17:36:34
2022_cluster_1,Patis,2022-12-31T00:00:00,2.044444444444444,1.5776396,22.83,validacao,V44,LSTM,"/media/marcos/Marcos/Codigos/Predicao_Cafe_Arabica/Teste_2_reuniao_16_dez_ajuste_seed/temp_models/trial_246
Modelo LSTM. Treino: 2012 a 2021. Validação: 2022. Teste: 2023.
Dataset: V44.
Obs: ajuste de seed

Hyperparams:
input_size: 9h: 1lr: 4.9005034191835746e-05batch: 32encoder n layers: 2decoder layers: 2",2026-01-07T17:36:34
2022_cluster_1,Patos_de_Minas,2022-12-31T00:00:00,1.91614730878187,1.5603645,18.57,validacao,V44,LSTM,"/media/marcos/Marcos/Codigos/Predicao_Cafe_Arabica/Teste_2_reuniao_16_dez_ajuste_seed/temp_models/trial_246
Modelo LSTM. Treino: 2012 a 2021. Validação: 2022. Teste: 2023.
Dataset: V44.
Obs: ajuste de seed

Hyperparams:
input_size: 9h: 1lr: 4.9005034191835746e-05batch: 32encoder n layers: 2decoder layers: 2",2026-01-07T17:36:34
2022_cluster_1,Patrocinio,2022-12-31T00:00:00,0.9438953724513282,1.4187378,50.31,validacao,V44,LSTM,"/media/marcos/Marcos/Codigos/Predicao_Cafe_Arabica/Teste_2_reuniao_16_dez_ajuste_seed/temp_models/trial_246
Modelo LSTM. Treino: 2012 a 2021. Validação: 2022. Teste: 2023.
Dataset: V44.
Obs: ajuste de seed

Hyperparams:
input_size: 9h: 1lr: 4.9005034191835746e-05batch: 32encoder n layers: 2decoder layers: 2",2026-01-07T17:36:34
2022_cluster_1,Pedrinopolis,2022-12-31T00:00:00,2.02051282051282,1.3127564,35.03,validacao,V44,LSTM,"/media/marcos/Marcos/Codigos/Predicao_Cafe_Arabica/Teste_2_reuniao_16_dez_ajuste_seed/temp_models/trial_246
Modelo LSTM. Treino: 2012 a 2021. Validação: 2022. Teste: 2023.
Dataset: V44.
Obs: ajuste de seed

Hyperparams:
input_size: 9h: 1lr: 4.9005034191835746e-05batch: 32encoder n layers: 2decoder layers: 2",2026-01-07T17:36:34
2022_cluster_1,Perdizes,2022-12-31T00:00:00,1.501272727272727,1.516691,1.03,validacao,V44,LSTM,"/media/marcos/Marcos/Codigos/Predicao_Cafe_Arabica/Teste_2_reuniao_16_dez_ajuste_seed/temp_models/trial_246
Modelo LSTM. Treino: 2012 a 2021. Validação: 2022. Teste: 2023.
Dataset: V44.
Obs: ajuste de seed

Hyperparams:
input_size: 9h: 1lr: 4.9005034191835746e-05batch: 32encoder n layers: 2decoder layers: 2",2026-01-07T17:36:34
2022_cluster_1,Piracema,2022-12-31T00:00:00,1.0,1.2039936,20.4,validacao,V44,LSTM,"/media/marcos/Marcos/Codigos/Predicao_Cafe_Arabica/Teste_2_reuniao_16_dez_ajuste_seed/temp_models/trial_246
Modelo LSTM. Treino: 2012 a 2021. Validação: 2022. Teste: 2023.
Dataset: V44.
Obs: ajuste de seed

Hyperparams:
input_size: 9h: 1lr: 4.9005034191835746e-05batch: 32encoder n layers: 2decoder layers: 2",2026-01-07T17:36:34
2022_cluster_1,Ponto_dos_Volantes,2022-12-31T00:00:00,0.6000000000000001,0.47959587,20.07,validacao,V44,LSTM,"/media/marcos/Marcos/Codigos/Predicao_Cafe_Arabica/Teste_2_reuniao_16_dez_ajuste_seed/temp_models/trial_246
Modelo LSTM. Treino: 2012 a 2021. Validação: 2022. Teste: 2023.
Dataset: V44.
Obs: ajuste de seed

Hyperparams:
input_size: 9h: 1lr: 4.9005034191835746e-05batch: 32encoder n layers: 2decoder layers: 2",2026-01-07T17:36:34
2022_cluster_1,Pratapolis,2022-12-31T00:00:00,1.2,1.2357361,2.98,validacao,V44,LSTM,"/media/marcos/Marcos/Codigos/Predicao_Cafe_Arabica/Teste_2_reuniao_16_dez_ajuste_seed/temp_models/trial_246
Modelo LSTM. Treino: 2012 a 2021. Validação: 2022. Teste: 2023.
Dataset: V44.
Obs: ajuste de seed

Hyperparams:
input_size: 9h: 1lr: 4.9005034191835746e-05batch: 32encoder n layers: 2decoder layers: 2",2026-01-07T17:36:34
2022_cluster_1,Pratinha,2022-12-31T00:00:00,1.720111731843575,1.5202429,11.62,validacao,V44,LSTM,"/media/marcos/Marcos/Codigos/Predicao_Cafe_Arabica/Teste_2_reuniao_16_dez_ajuste_seed/temp_models/trial_246
Modelo LSTM. Treino: 2012 a 2021. Validação: 2022. Teste: 2023.
Dataset: V44.
Obs: ajuste de seed

Hyperparams:
input_size: 9h: 1lr: 4.9005034191835746e-05batch: 32encoder n layers: 2decoder layers: 2",2026-01-07T17:36:34
2022_cluster_1,Presidente_Kubitschek,2022-12-31T00:00:00,0.896551724137931,0.8743787,2.47,validacao,V44,LSTM,"/media/marcos/Marcos/Codigos/Predicao_Cafe_Arabica/Teste_2_reuniao_16_dez_ajuste_seed/temp_models/trial_246
Modelo LSTM. Treino: 2012 a 2021. Validação: 2022. Teste: 2023.
Dataset: V44.
Obs: ajuste de seed

Hyperparams:
input_size: 9h: 1lr: 4.9005034191835746e-05batch: 32encoder n layers: 2decoder layers: 2",2026-01-07T17:36:34
2022_cluster_1,Presidente_Olegario,2022-12-31T00:00:00,1.8899598393574302,1.7577889,6.99,validacao,V44,LSTM,"/media/marcos/Marcos/Codigos/Predicao_Cafe_Arabica/Teste_2_reuniao_16_dez_ajuste_seed/temp_models/trial_246
Modelo LSTM. Treino: 2012 a 2021. Validação: 2022. Teste: 2023.
Dataset: V44.
Obs: ajuste de seed

Hyperparams:
input_size: 9h: 1lr: 4.9005034191835746e-05batch: 32encoder n layers: 2decoder layers: 2",2026-01-07T17:36:34
2022_cluster_1,Quartel_Geral,2022-12-31T00:00:00,3.0,2.4442272,18.53,validacao,V44,LSTM,"/media/marcos/Marcos/Codigos/Predicao_Cafe_Arabica/Teste_2_reuniao_16_dez_ajuste_seed/temp_models/trial_246
Modelo LSTM. Treino: 2012 a 2021. Validação: 2022. Teste: 2023.
Dataset: V44.
Obs: ajuste de seed

Hyperparams:
input_size: 9h: 1lr: 4.9005034191835746e-05batch: 32encoder n layers: 2decoder layers: 2",2026-01-07T17:36:34
2022_cluster_1,Rio_Paranaiba,2022-12-31T00:00:00,1.230031446540881,1.3078513,6.33,validacao,V44,LSTM,"/media/marcos/Marcos/Codigos/Predicao_Cafe_Arabica/Teste_2_reuniao_16_dez_ajuste_seed/temp_models/trial_246
Modelo LSTM. Treino: 2012 a 2021. Validação: 2022. Teste: 2023.
Dataset: V44.
Obs: ajuste de seed

Hyperparams:
input_size: 9h: 1lr: 4.9005034191835746e-05batch: 32encoder n layers: 2decoder layers: 2",2026-01-07T17:36:34
2022_cluster_1,Rio_Vermelho,2022-12-31T00:00:00,0.9090909090909091,0.86679,4.65,validacao,V44,LSTM,"/media/marcos/Marcos/Codigos/Predicao_Cafe_Arabica/Teste_2_reuniao_16_dez_ajuste_seed/temp_models/trial_246
Modelo LSTM. Treino: 2012 a 2021. Validação: 2022. Teste: 2023.
Dataset: V44.
Obs: ajuste de seed

Hyperparams:
input_size: 9h: 1lr: 4.9005034191835746e-05batch: 32encoder n layers: 2decoder layers: 2",2026-01-07T17:36:34
2022_cluster_1,Romaria,2022-12-31T00:00:00,1.910526315789474,1.8560241,2.85,validacao,V44,LSTM,"/media/marcos/Marcos/Codigos/Predicao_Cafe_Arabica/Teste_2_reuniao_16_dez_ajuste_seed/temp_models/trial_246
Modelo LSTM. Treino: 2012 a 2021. Validação: 2022. Teste: 2023.
Dataset: V44.
Obs: ajuste de seed

Hyperparams:
input_size: 9h: 1lr: 4.9005034191835746e-05batch: 32encoder n layers: 2decoder layers: 2",2026-01-07T17:36:34
2022_cluster_1,Sacramento,2022-12-31T00:00:00,1.5575892857142857,1.3605106,12.65,validacao,V44,LSTM,"/media/marcos/Marcos/Codigos/Predicao_Cafe_Arabica/Teste_2_reuniao_16_dez_ajuste_seed/temp_models/trial_246
Modelo LSTM. Treino: 2012 a 2021. Validação: 2022. Teste: 2023.
Dataset: V44.
Obs: ajuste de seed

Hyperparams:
input_size: 9h: 1lr: 4.9005034191835746e-05batch: 32encoder n layers: 2decoder layers: 2",2026-01-07T17:36:34
2022_cluster_1,Santa_Rosa_da_Serra,2022-12-31T00:00:00,2.2199999999999998,1.5277758,31.18,validacao,V44,LSTM,"/media/marcos/Marcos/Codigos/Predicao_Cafe_Arabica/Teste_2_reuniao_16_dez_ajuste_seed/temp_models/trial_246
Modelo LSTM. Treino: 2012 a 2021. Validação: 2022. Teste: 2023.
Dataset: V44.
Obs: ajuste de seed

Hyperparams:
input_size: 9h: 1lr: 4.9005034191835746e-05batch: 32encoder n layers: 2decoder layers: 2",2026-01-07T17:36:34
2022_cluster_1,Santo_Antonio_do_Amparo,2022-12-31T00:00:00,1.26,1.3580709,7.78,validacao,V44,LSTM,"/media/marcos/Marcos/Codigos/Predicao_Cafe_Arabica/Teste_2_reuniao_16_dez_ajuste_seed/temp_models/trial_246
Modelo LSTM. Treino: 2012 a 2021. Validação: 2022. Teste: 2023.
Dataset: V44.
Obs: ajuste de seed

Hyperparams:
input_size: 9h: 1lr: 4.9005034191835746e-05batch: 32encoder n layers: 2decoder layers: 2",2026-01-07T17:36:34
2022_cluster_1,Sao_Goncalo_do_Abaete,2022-12-31T00:00:00,1.5,1.758992,17.27,validacao,V44,LSTM,"/media/marcos/Marcos/Codigos/Predicao_Cafe_Arabica/Teste_2_reuniao_16_dez_ajuste_seed/temp_models/trial_246
Modelo LSTM. Treino: 2012 a 2021. Validação: 2022. Teste: 2023.
Dataset: V44.
Obs: ajuste de seed

Hyperparams:
input_size: 9h: 1lr: 4.9005034191835746e-05batch: 32encoder n layers: 2decoder layers: 2",2026-01-07T17:36:34
2022_cluster_1,Sao_Gotardo,2022-12-31T00:00:00,1.50025974025974,1.3973525,6.86,validacao,V44,LSTM,"/media/marcos/Marcos/Codigos/Predicao_Cafe_Arabica/Teste_2_reuniao_16_dez_ajuste_seed/temp_models/trial_246
Modelo LSTM. Treino: 2012 a 2021. Validação: 2022. Teste: 2023.
Dataset: V44.
Obs: ajuste de seed

Hyperparams:
input_size: 9h: 1lr: 4.9005034191835746e-05batch: 32encoder n layers: 2decoder layers: 2",2026-01-07T17:36:34
2022_cluster_1,Sao_Joao_Batista_do_Gloria,2022-12-31T00:00:00,1.232209737827715,1.2750647,3.48,validacao,V44,LSTM,"/media/marcos/Marcos/Codigos/Predicao_Cafe_Arabica/Teste_2_reuniao_16_dez_ajuste_seed/temp_models/trial_246
Modelo LSTM. Treino: 2012 a 2021. Validação: 2022. Teste: 2023.
Dataset: V44.
Obs: ajuste de seed

Hyperparams:
input_size: 9h: 1lr: 4.9005034191835746e-05batch: 32encoder n layers: 2decoder layers: 2",2026-01-07T17:36:34
2022_cluster_1,Sao_Pedro_da_Uniao,2022-12-31T00:00:00,1.4700000000000002,1.4101825,4.07,validacao,V44,LSTM,"/media/marcos/Marcos/Codigos/Predicao_Cafe_Arabica/Teste_2_reuniao_16_dez_ajuste_seed/temp_models/trial_246
Modelo LSTM. Treino: 2012 a 2021. Validação: 2022. Teste: 2023.
Dataset: V44.
Obs: ajuste de seed

Hyperparams:
input_size: 9h: 1lr: 4.9005034191835746e-05batch: 32encoder n layers: 2decoder layers: 2",2026-01-07T17:36:34
2022_cluster_1,Sao_Sebastiao_do_Paraiso,2022-12-31T00:00:00,1.3172147001934242,1.3483645,2.36,validacao,V44,LSTM,"/media/marcos/Marcos/Codigos/Predicao_Cafe_Arabica/Teste_2_reuniao_16_dez_ajuste_seed/temp_models/trial_246
Modelo LSTM. Treino: 2012 a 2021. Validação: 2022. Teste: 2023.
Dataset: V44.
Obs: ajuste de seed

Hyperparams:
input_size: 9h: 1lr: 4.9005034191835746e-05batch: 32encoder n layers: 2decoder layers: 2",2026-01-07T17:36:34
2022_cluster_1,Serra_do_Salitre,2022-12-31T00:00:00,1.5168750000000002,1.3365911,11.89,validacao,V44,LSTM,"/media/marcos/Marcos/Codigos/Predicao_Cafe_Arabica/Teste_2_reuniao_16_dez_ajuste_seed/temp_models/trial_246
Modelo LSTM. Treino: 2012 a 2021. Validação: 2022. Teste: 2023.
Dataset: V44.
Obs: ajuste de seed

Hyperparams:
input_size: 9h: 1lr: 4.9005034191835746e-05batch: 32encoder n layers: 2decoder layers: 2",2026-01-07T17:36:34
2022_cluster_1,Tapira,2022-12-31T00:00:00,1.8000000000000003,1.2473506,30.7,validacao,V44,LSTM,"/media/marcos/Marcos/Codigos/Predicao_Cafe_Arabica/Teste_2_reuniao_16_dez_ajuste_seed/temp_models/trial_246
Modelo LSTM. Treino: 2012 a 2021. Validação: 2022. Teste: 2023.
Dataset: V44.
Obs: ajuste de seed

Hyperparams:
input_size: 9h: 1lr: 4.9005034191835746e-05batch: 32encoder n layers: 2decoder layers: 2",2026-01-07T17:36:34
2022_cluster_1,Tiros,2022-12-31T00:00:00,1.6801801801801797,1.451994,13.58,validacao,V44,LSTM,"/media/marcos/Marcos/Codigos/Predicao_Cafe_Arabica/Teste_2_reuniao_16_dez_ajuste_seed/temp_models/trial_246
Modelo LSTM. Treino: 2012 a 2021. Validação: 2022. Teste: 2023.
Dataset: V44.
Obs: ajuste de seed

Hyperparams:
input_size: 9h: 1lr: 4.9005034191835746e-05batch: 32encoder n layers: 2decoder layers: 2",2026-01-07T17:36:34
2022_cluster_1,Tupaciguara,2022-12-31T00:00:00,2.4,2.0448189,14.8,validacao,V44,LSTM,"/media/marcos/Marcos/Codigos/Predicao_Cafe_Arabica/Teste_2_reuniao_16_dez_ajuste_seed/temp_models/trial_246
Modelo LSTM. Treino: 2012 a 2021. Validação: 2022. Teste: 2023.
Dataset: V44.
Obs: ajuste de seed

Hyperparams:
input_size: 9h: 1lr: 4.9005034191835746e-05batch: 32encoder n layers: 2decoder layers: 2",2026-01-07T17:36:34
2022_cluster_1,Uberaba,2022-12-31T00:00:00,2.102941176470588,1.9011989,9.59,validacao,V44,LSTM,"/media/marcos/Marcos/Codigos/Predicao_Cafe_Arabica/Teste_2_reuniao_16_dez_ajuste_seed/temp_models/trial_246
Modelo LSTM. Treino: 2012 a 2021. Validação: 2022. Teste: 2023.
Dataset: V44.
Obs: ajuste de seed

Hyperparams:
input_size: 9h: 1lr: 4.9005034191835746e-05batch: 32encoder n layers: 2decoder layers: 2",2026-01-07T17:36:34
2022_cluster_1,Uberlandia,2022-12-31T00:00:00,1.6818181818181819,1.768708,5.17,validacao,V44,LSTM,"/media/marcos/Marcos/Codigos/Predicao_Cafe_Arabica/Teste_2_reuniao_16_dez_ajuste_seed/temp_models/trial_246
Modelo LSTM. Treino: 2012 a 2021. Validação: 2022. Teste: 2023.
Dataset: V44.
Obs: ajuste de seed

Hyperparams:
input_size: 9h: 1lr: 4.9005034191835746e-05batch: 32encoder n layers: 2decoder layers: 2",2026-01-07T17:36:34
2022_cluster_1,Unai,2022-12-31T00:00:00,2.52010582010582,2.5734038,2.11,validacao,V44,LSTM,"/media/marcos/Marcos/Codigos/Predicao_Cafe_Arabica/Teste_2_reuniao_16_dez_ajuste_seed/temp_models/trial_246
Modelo LSTM. Treino: 2012 a 2021. Validação: 2022. Teste: 2023.
Dataset: V44.
Obs: ajuste de seed

Hyperparams:
input_size: 9h: 1lr: 4.9005034191835746e-05batch: 32encoder n layers: 2decoder layers: 2",2026-01-07T17:36:34
2022_cluster_1,Varginha,2022-12-31T00:00:00,1.020039292730845,1.1731052,15.01,validacao,V44,LSTM,"/media/marcos/Marcos/Codigos/Predicao_Cafe_Arabica/Teste_2_reuniao_16_dez_ajuste_seed/temp_models/trial_246
Modelo LSTM. Treino: 2012 a 2021. Validação: 2022. Teste: 2023.
Dataset: V44.
Obs: ajuste de seed

Hyperparams:
input_size: 9h: 1lr: 4.9005034191835746e-05batch: 32encoder n layers: 2decoder layers: 2",2026-01-07T17:36:34
2022_cluster_1,Varjao_de_Minas,2022-12-31T00:00:00,2.383928571428572,2.2671654,4.9,validacao,V44,LSTM,"/media/marcos/Marcos/Codigos/Predicao_Cafe_Arabica/Teste_2_reuniao_16_dez_ajuste_seed/temp_models/trial_246
Modelo LSTM. Treino: 2012 a 2021. Validação: 2022. Teste: 2023.
Dataset: V44.
Obs: ajuste de seed

Hyperparams:
input_size: 9h: 1lr: 4.9005034191835746e-05batch: 32encoder n layers: 2decoder layers: 2",2026-01-07T17:36:34
2022_cluster_1,Virginopolis,2022-12-31T00:00:00,1.314606741573034,1.1731659,10.76,validacao,V44,LSTM,"/media/marcos/Marcos/Codigos/Predicao_Cafe_Arabica/Teste_2_reuniao_16_dez_ajuste_seed/temp_models/trial_246
Modelo LSTM. Treino: 2012 a 2021. Validação: 2022. Teste: 2023.
Dataset: V44.
Obs: ajuste de seed

Hyperparams:
input_size: 9h: 1lr: 4.9005034191835746e-05batch: 32encoder n layers: 2decoder layers: 2",2026-01-07T17:36:34
2022_cluster_1,Almenara,2023-12-31T00:00:00,0.78,0.82860625,6.23,teste,V44,LSTM,"/media/marcos/Marcos/Codigos/Predicao_Cafe_Arabica/Teste_2_reuniao_16_dez_ajuste_seed/temp_models/trial_246
Modelo LSTM. Treino: 2012 a 2021. Validação: 2022. Teste: 2023.
Dataset: V44.
Obs: ajuste de seed

Hyperparams:
input_size: 9h: 1lr: 4.9005034191835746e-05batch: 32encoder n layers: 2decoder layers: 2",2026-01-07T17:36:34
2022_cluster_1,Alpinopolis,2023-12-31T00:00:00,1.8000000000000003,1.7291923,3.93,teste,V44,LSTM,"/media/marcos/Marcos/Codigos/Predicao_Cafe_Arabica/Teste_2_reuniao_16_dez_ajuste_seed/temp_models/trial_246
Modelo LSTM. Treino: 2012 a 2021. Validação: 2022. Teste: 2023.
Dataset: V44.
Obs: ajuste de seed

Hyperparams:
input_size: 9h: 1lr: 4.9005034191835746e-05batch: 32encoder n layers: 2decoder layers: 2",2026-01-07T17:36:34
2022_cluster_1,Alterosa,2023-12-31T00:00:00,1.2603960396039597,1.2958227,2.81,teste,V44,LSTM,"/media/marcos/Marcos/Codigos/Predicao_Cafe_Arabica/Teste_2_reuniao_16_dez_ajuste_seed/temp_models/trial_246
Modelo LSTM. Treino: 2012 a 2021. Validação: 2022. Teste: 2023.
Dataset: V44.
Obs: ajuste de seed

Hyperparams:
input_size: 9h: 1lr: 4.9005034191835746e-05batch: 32encoder n layers: 2decoder layers: 2",2026-01-07T17:36:34
2022_cluster_1,Andradas,2023-12-31T00:00:00,1.22,1.4100292,15.58,teste,V44,LSTM,"/media/marcos/Marcos/Codigos/Predicao_Cafe_Arabica/Teste_2_reuniao_16_dez_ajuste_seed/temp_models/trial_246
Modelo LSTM. Treino: 2012 a 2021. Validação: 2022. Teste: 2023.
Dataset: V44.
Obs: ajuste de seed

Hyperparams:
input_size: 9h: 1lr: 4.9005034191835746e-05batch: 32encoder n layers: 2decoder layers: 2",2026-01-07T17:36:34
2022_cluster_1,Araguari,2023-12-31T00:00:00,3.0,1.9283121,35.72,teste,V44,LSTM,"/media/marcos/Marcos/Codigos/Predicao_Cafe_Arabica/Teste_2_reuniao_16_dez_ajuste_seed/temp_models/trial_246
Modelo LSTM. Treino: 2012 a 2021. Validação: 2022. Teste: 2023.
Dataset: V44.
Obs: ajuste de seed

Hyperparams:
input_size: 9h: 1lr: 4.9005034191835746e-05batch: 32encoder n layers: 2decoder layers: 2",2026-01-07T17:36:34
2022_cluster_1,Arapua,2023-12-31T00:00:00,0.9,1.3308034,47.87,teste,V44,LSTM,"/media/marcos/Marcos/Codigos/Predicao_Cafe_Arabica/Teste_2_reuniao_16_dez_ajuste_seed/temp_models/trial_246
Modelo LSTM. Treino: 2012 a 2021. Validação: 2022. Teste: 2023.
Dataset: V44.
Obs: ajuste de seed

Hyperparams:
input_size: 9h: 1lr: 4.9005034191835746e-05batch: 32encoder n layers: 2decoder layers: 2",2026-01-07T17:36:34
2022_cluster_1,Araxa,2023-12-31T00:00:00,1.638401296246287,1.4808489,9.62,teste,V44,LSTM,"/media/marcos/Marcos/Codigos/Predicao_Cafe_Arabica/Teste_2_reuniao_16_dez_ajuste_seed/temp_models/trial_246
Modelo LSTM. Treino: 2012 a 2021. Validação: 2022. Teste: 2023.
Dataset: V44.
Obs: ajuste de seed

Hyperparams:
input_size: 9h: 1lr: 4.9005034191835746e-05batch: 32encoder n layers: 2decoder layers: 2",2026-01-07T17:36:34
2022_cluster_1,Arceburgo,2023-12-31T00:00:00,1.8482558139534884,1.2131178,34.36,teste,V44,LSTM,"/media/marcos/Marcos/Codigos/Predicao_Cafe_Arabica/Teste_2_reuniao_16_dez_ajuste_seed/temp_models/trial_246
Modelo LSTM. Treino: 2012 a 2021. Validação: 2022. Teste: 2023.
Dataset: V44.
Obs: ajuste de seed

Hyperparams:
input_size: 9h: 1lr: 4.9005034191835746e-05batch: 32encoder n layers: 2decoder layers: 2",2026-01-07T17:36:34
2022_cluster_1,Areado,2023-12-31T00:00:00,1.590034364261168,1.3633482,14.26,teste,V44,LSTM,"/media/marcos/Marcos/Codigos/Predicao_Cafe_Arabica/Teste_2_reuniao_16_dez_ajuste_seed/temp_models/trial_246
Modelo LSTM. Treino: 2012 a 2021. Validação: 2022. Teste: 2023.
Dataset: V44.
Obs: ajuste de seed

Hyperparams:
input_size: 9h: 1lr: 4.9005034191835746e-05batch: 32encoder n layers: 2decoder layers: 2",2026-01-07T17:36:34
2022_cluster_1,Bom_Jesus_da_Penha,2023-12-31T00:00:00,1.2,1.7205449,43.38,teste,V44,LSTM,"/media/marcos/Marcos/Codigos/Predicao_Cafe_Arabica/Teste_2_reuniao_16_dez_ajuste_seed/temp_models/trial_246
Modelo LSTM. Treino: 2012 a 2021. Validação: 2022. Teste: 2023.
Dataset: V44.
Obs: ajuste de seed

Hyperparams:
input_size: 9h: 1lr: 4.9005034191835746e-05batch: 32encoder n layers: 2decoder layers: 2",2026-01-07T17:36:34
2022_cluster_1,Botelhos,2023-12-31T00:00:00,1.080052666227781,1.3271011,22.87,teste,V44,LSTM,"/media/marcos/Marcos/Codigos/Predicao_Cafe_Arabica/Teste_2_reuniao_16_dez_ajuste_seed/temp_models/trial_246
Modelo LSTM. Treino: 2012 a 2021. Validação: 2022. Teste: 2023.
Dataset: V44.
Obs: ajuste de seed

Hyperparams:
input_size: 9h: 1lr: 4.9005034191835746e-05batch: 32encoder n layers: 2decoder layers: 2",2026-01-07T17:36:34
2022_cluster_1,Botumirim,2023-12-31T00:00:00,0.59375,0.6813896,14.76,teste,V44,LSTM,"/media/marcos/Marcos/Codigos/Predicao_Cafe_Arabica/Teste_2_reuniao_16_dez_ajuste_seed/temp_models/trial_246
Modelo LSTM. Treino: 2012 a 2021. Validação: 2022. Teste: 2023.
Dataset: V44.
Obs: ajuste de seed

Hyperparams:
input_size: 9h: 1lr: 4.9005034191835746e-05batch: 32encoder n layers: 2decoder layers: 2",2026-01-07T17:36:34
2022_cluster_1,Cabo_Verde,2023-12-31T00:00:00,1.319976635514019,1.5307286,15.97,teste,V44,LSTM,"/media/marcos/Marcos/Codigos/Predicao_Cafe_Arabica/Teste_2_reuniao_16_dez_ajuste_seed/temp_models/trial_246
Modelo LSTM. Treino: 2012 a 2021. Validação: 2022. Teste: 2023.
Dataset: V44.
Obs: ajuste de seed

Hyperparams:
input_size: 9h: 1lr: 4.9005034191835746e-05batch: 32encoder n layers: 2decoder layers: 2",2026-01-07T17:36:34
2022_cluster_1,Campestre,2023-12-31T00:00:00,1.319964428634949,1.3825157,4.74,teste,V44,LSTM,"/media/marcos/Marcos/Codigos/Predicao_Cafe_Arabica/Teste_2_reuniao_16_dez_ajuste_seed/temp_models/trial_246
Modelo LSTM. Treino: 2012 a 2021. Validação: 2022. Teste: 2023.
Dataset: V44.
Obs: ajuste de seed

Hyperparams:
input_size: 9h: 1lr: 4.9005034191835746e-05batch: 32encoder n layers: 2decoder layers: 2",2026-01-07T17:36:34
2022_cluster_1,Capetinga,2023-12-31T00:00:00,1.4484046164290563,1.5660428,8.12,teste,V44,LSTM,"/media/marcos/Marcos/Codigos/Predicao_Cafe_Arabica/Teste_2_reuniao_16_dez_ajuste_seed/temp_models/trial_246
Modelo LSTM. Treino: 2012 a 2021. Validação: 2022. Teste: 2023.
Dataset: V44.
Obs: ajuste de seed

Hyperparams:
input_size: 9h: 1lr: 4.9005034191835746e-05batch: 32encoder n layers: 2decoder layers: 2",2026-01-07T17:36:34
2022_cluster_1,Carmo_do_Paranaiba,2023-12-31T00:00:00,2.369801007771799,1.6739014,29.37,teste,V44,LSTM,"/media/marcos/Marcos/Codigos/Predicao_Cafe_Arabica/Teste_2_reuniao_16_dez_ajuste_seed/temp_models/trial_246
Modelo LSTM. Treino: 2012 a 2021. Validação: 2022. Teste: 2023.
Dataset: V44.
Obs: ajuste de seed

Hyperparams:
input_size: 9h: 1lr: 4.9005034191835746e-05batch: 32encoder n layers: 2decoder layers: 2",2026-01-07T17:36:34
2022_cluster_1,Cascalho_Rico,2023-12-31T00:00:00,2.4,1.953852,18.59,teste,V44,LSTM,"/media/marcos/Marcos/Codigos/Predicao_Cafe_Arabica/Teste_2_reuniao_16_dez_ajuste_seed/temp_models/trial_246
Modelo LSTM. Treino: 2012 a 2021. Validação: 2022. Teste: 2023.
Dataset: V44.
Obs: ajuste de seed

Hyperparams:
input_size: 9h: 1lr: 4.9005034191835746e-05batch: 32encoder n layers: 2decoder layers: 2",2026-01-07T17:36:34
2022_cluster_1,Claraval,2023-12-31T00:00:00,1.8600214362272243,1.4052249,24.45,teste,V44,LSTM,"/media/marcos/Marcos/Codigos/Predicao_Cafe_Arabica/Teste_2_reuniao_16_dez_ajuste_seed/temp_models/trial_246
Modelo LSTM. Treino: 2012 a 2021. Validação: 2022. Teste: 2023.
Dataset: V44.
Obs: ajuste de seed

Hyperparams:
input_size: 9h: 1lr: 4.9005034191835746e-05batch: 32encoder n layers: 2decoder layers: 2",2026-01-07T17:36:34
2022_cluster_1,Conceicao_da_Aparecida,2023-12-31T00:00:00,1.679948420373952,1.7927433,6.71,teste,V44,LSTM,"/media/marcos/Marcos/Codigos/Predicao_Cafe_Arabica/Teste_2_reuniao_16_dez_ajuste_seed/temp_models/trial_246
Modelo LSTM. Treino: 2012 a 2021. Validação: 2022. Teste: 2023.
Dataset: V44.
Obs: ajuste de seed

Hyperparams:
input_size: 9h: 1lr: 4.9005034191835746e-05batch: 32encoder n layers: 2decoder layers: 2",2026-01-07T17:36:34
2022_cluster_1,Coromandel,2023-12-31T00:00:00,2.0926575541308825,1.5453849,26.15,teste,V44,LSTM,"/media/marcos/Marcos/Codigos/Predicao_Cafe_Arabica/Teste_2_reuniao_16_dez_ajuste_seed/temp_models/trial_246
Modelo LSTM. Treino: 2012 a 2021. Validação: 2022. Teste: 2023.
Dataset: V44.
Obs: ajuste de seed

Hyperparams:
input_size: 9h: 1lr: 4.9005034191835746e-05batch: 32encoder n layers: 2decoder layers: 2",2026-01-07T17:36:34
2022_cluster_1,Corrego_Fundo,2023-12-31T00:00:00,1.320158102766798,1.3411918,1.59,teste,V44,LSTM,"/media/marcos/Marcos/Codigos/Predicao_Cafe_Arabica/Teste_2_reuniao_16_dez_ajuste_seed/temp_models/trial_246
Modelo LSTM. Treino: 2012 a 2021. Validação: 2022. Teste: 2023.
Dataset: V44.
Obs: ajuste de seed

Hyperparams:
input_size: 9h: 1lr: 4.9005034191835746e-05batch: 32encoder n layers: 2decoder layers: 2",2026-01-07T17:36:34
2022_cluster_1,Cruzeiro_da_Fortaleza,2023-12-31T00:00:00,1.5,1.6987301,13.25,teste,V44,LSTM,"/media/marcos/Marcos/Codigos/Predicao_Cafe_Arabica/Teste_2_reuniao_16_dez_ajuste_seed/temp_models/trial_246
Modelo LSTM. Treino: 2012 a 2021. Validação: 2022. Teste: 2023.
Dataset: V44.
Obs: ajuste de seed

Hyperparams:
input_size: 9h: 1lr: 4.9005034191835746e-05batch: 32encoder n layers: 2decoder layers: 2",2026-01-07T17:36:34
2022_cluster_1,Delfinopolis,2023-12-31T00:00:00,1.501818181818182,1.2579715,16.24,teste,V44,LSTM,"/media/marcos/Marcos/Codigos/Predicao_Cafe_Arabica/Teste_2_reuniao_16_dez_ajuste_seed/temp_models/trial_246
Modelo LSTM. Treino: 2012 a 2021. Validação: 2022. Teste: 2023.
Dataset: V44.
Obs: ajuste de seed

Hyperparams:
input_size: 9h: 1lr: 4.9005034191835746e-05batch: 32encoder n layers: 2decoder layers: 2",2026-01-07T17:36:34
2022_cluster_1,Divisa_Nova,2023-12-31T00:00:00,1.680092592592593,1.3063225,22.25,teste,V44,LSTM,"/media/marcos/Marcos/Codigos/Predicao_Cafe_Arabica/Teste_2_reuniao_16_dez_ajuste_seed/temp_models/trial_246
Modelo LSTM. Treino: 2012 a 2021. Validação: 2022. Teste: 2023.
Dataset: V44.
Obs: ajuste de seed

Hyperparams:
input_size: 9h: 1lr: 4.9005034191835746e-05batch: 32encoder n layers: 2decoder layers: 2",2026-01-07T17:36:34
2022_cluster_1,Dom_Cavati,2023-12-31T00:00:00,0.6000000000000001,0.79392064,32.32,teste,V44,LSTM,"/media/marcos/Marcos/Codigos/Predicao_Cafe_Arabica/Teste_2_reuniao_16_dez_ajuste_seed/temp_models/trial_246
Modelo LSTM. Treino: 2012 a 2021. Validação: 2022. Teste: 2023.
Dataset: V44.
Obs: ajuste de seed

Hyperparams:
input_size: 9h: 1lr: 4.9005034191835746e-05batch: 32encoder n layers: 2decoder layers: 2",2026-01-07T17:36:34
2022_cluster_1,Dores_do_Turvo,2023-12-31T00:00:00,1.5,1.0688182,28.75,teste,V44,LSTM,"/media/marcos/Marcos/Codigos/Predicao_Cafe_Arabica/Teste_2_reuniao_16_dez_ajuste_seed/temp_models/trial_246
Modelo LSTM. Treino: 2012 a 2021. Validação: 2022. Teste: 2023.
Dataset: V44.
Obs: ajuste de seed

Hyperparams:
input_size: 9h: 1lr: 4.9005034191835746e-05batch: 32encoder n layers: 2decoder layers: 2",2026-01-07T17:36:34
2022_cluster_1,Estrela_do_Indaia,2023-12-31T00:00:00,1.8000000000000003,1.5762167,12.43,teste,V44,LSTM,"/media/marcos/Marcos/Codigos/Predicao_Cafe_Arabica/Teste_2_reuniao_16_dez_ajuste_seed/temp_models/trial_246
Modelo LSTM. Treino: 2012 a 2021. Validação: 2022. Teste: 2023.
Dataset: V44.
Obs: ajuste de seed

Hyperparams:
input_size: 9h: 1lr: 4.9005034191835746e-05batch: 32encoder n layers: 2decoder layers: 2",2026-01-07T17:36:34
2022_cluster_1,Estrela_do_Sul,2023-12-31T00:00:00,2.43015873015873,1.611969,33.67,teste,V44,LSTM,"/media/marcos/Marcos/Codigos/Predicao_Cafe_Arabica/Teste_2_reuniao_16_dez_ajuste_seed/temp_models/trial_246
Modelo LSTM. Treino: 2012 a 2021. Validação: 2022. Teste: 2023.
Dataset: V44.
Obs: ajuste de seed

Hyperparams:
input_size: 9h: 1lr: 4.9005034191835746e-05batch: 32encoder n layers: 2decoder layers: 2",2026-01-07T17:36:34
2022_cluster_1,Guaranesia,2023-12-31T00:00:00,1.1961439588688951,1.2427866,3.9,teste,V44,LSTM,"/media/marcos/Marcos/Codigos/Predicao_Cafe_Arabica/Teste_2_reuniao_16_dez_ajuste_seed/temp_models/trial_246
Modelo LSTM. Treino: 2012 a 2021. Validação: 2022. Teste: 2023.
Dataset: V44.
Obs: ajuste de seed

Hyperparams:
input_size: 9h: 1lr: 4.9005034191835746e-05batch: 32encoder n layers: 2decoder layers: 2",2026-01-07T17:36:34
2022_cluster_1,Guarani,2023-12-31T00:00:00,0.9655172413793104,1.2569162,30.18,teste,V44,LSTM,"/media/marcos/Marcos/Codigos/Predicao_Cafe_Arabica/Teste_2_reuniao_16_dez_ajuste_seed/temp_models/trial_246
Modelo LSTM. Treino: 2012 a 2021. Validação: 2022. Teste: 2023.
Dataset: V44.
Obs: ajuste de seed

Hyperparams:
input_size: 9h: 1lr: 4.9005034191835746e-05batch: 32encoder n layers: 2decoder layers: 2",2026-01-07T17:36:34
2022_cluster_1,Guarda-Mor,2023-12-31T00:00:00,1.7994350282485878,1.8206185,1.18,teste,V44,LSTM,"/media/marcos/Marcos/Codigos/Predicao_Cafe_Arabica/Teste_2_reuniao_16_dez_ajuste_seed/temp_models/trial_246
Modelo LSTM. Treino: 2012 a 2021. Validação: 2022. Teste: 2023.
Dataset: V44.
Obs: ajuste de seed

Hyperparams:
input_size: 9h: 1lr: 4.9005034191835746e-05batch: 32encoder n layers: 2decoder layers: 2",2026-01-07T17:36:34
2022_cluster_1,Guaxupe,2023-12-31T00:00:00,1.2,1.261615,5.13,teste,V44,LSTM,"/media/marcos/Marcos/Codigos/Predicao_Cafe_Arabica/Teste_2_reuniao_16_dez_ajuste_seed/temp_models/trial_246
Modelo LSTM. Treino: 2012 a 2021. Validação: 2022. Teste: 2023.
Dataset: V44.
Obs: ajuste de seed

Hyperparams:
input_size: 9h: 1lr: 4.9005034191835746e-05batch: 32encoder n layers: 2decoder layers: 2",2026-01-07T17:36:34
2022_cluster_1,Guimarania,2023-12-31T00:00:00,1.7704600484261497,1.5075517,14.85,teste,V44,LSTM,"/media/marcos/Marcos/Codigos/Predicao_Cafe_Arabica/Teste_2_reuniao_16_dez_ajuste_seed/temp_models/trial_246
Modelo LSTM. Treino: 2012 a 2021. Validação: 2022. Teste: 2023.
Dataset: V44.
Obs: ajuste de seed

Hyperparams:
input_size: 9h: 1lr: 4.9005034191835746e-05batch: 32encoder n layers: 2decoder layers: 2",2026-01-07T17:36:34
2022_cluster_1,Ibia,2023-12-31T00:00:00,1.668,1.3885272,16.75,teste,V44,LSTM,"/media/marcos/Marcos/Codigos/Predicao_Cafe_Arabica/Teste_2_reuniao_16_dez_ajuste_seed/temp_models/trial_246
Modelo LSTM. Treino: 2012 a 2021. Validação: 2022. Teste: 2023.
Dataset: V44.
Obs: ajuste de seed

Hyperparams:
input_size: 9h: 1lr: 4.9005034191835746e-05batch: 32encoder n layers: 2decoder layers: 2",2026-01-07T17:36:34
2022_cluster_1,Ibiraci,2023-12-31T00:00:00,1.8041698841698839,1.4897058,17.43,teste,V44,LSTM,"/media/marcos/Marcos/Codigos/Predicao_Cafe_Arabica/Teste_2_reuniao_16_dez_ajuste_seed/temp_models/trial_246
Modelo LSTM. Treino: 2012 a 2021. Validação: 2022. Teste: 2023.
Dataset: V44.
Obs: ajuste de seed

Hyperparams:
input_size: 9h: 1lr: 4.9005034191835746e-05batch: 32encoder n layers: 2decoder layers: 2",2026-01-07T17:36:34
2022_cluster_1,Indianopolis,2023-12-31T00:00:00,2.7000000000000006,1.9048457,29.45,teste,V44,LSTM,"/media/marcos/Marcos/Codigos/Predicao_Cafe_Arabica/Teste_2_reuniao_16_dez_ajuste_seed/temp_models/trial_246
Modelo LSTM. Treino: 2012 a 2021. Validação: 2022. Teste: 2023.
Dataset: V44.
Obs: ajuste de seed

Hyperparams:
input_size: 9h: 1lr: 4.9005034191835746e-05batch: 32encoder n layers: 2decoder layers: 2",2026-01-07T17:36:34
2022_cluster_1,Itamogi,2023-12-31T00:00:00,1.740011254924029,1.4548963,16.39,teste,V44,LSTM,"/media/marcos/Marcos/Codigos/Predicao_Cafe_Arabica/Teste_2_reuniao_16_dez_ajuste_seed/temp_models/trial_246
Modelo LSTM. Treino: 2012 a 2021. Validação: 2022. Teste: 2023.
Dataset: V44.
Obs: ajuste de seed

Hyperparams:
input_size: 9h: 1lr: 4.9005034191835746e-05batch: 32encoder n layers: 2decoder layers: 2",2026-01-07T17:36:34
2022_cluster_1,Itanhomi,2023-12-31T00:00:00,1.078787878787879,1.0453228,3.1,teste,V44,LSTM,"/media/marcos/Marcos/Codigos/Predicao_Cafe_Arabica/Teste_2_reuniao_16_dez_ajuste_seed/temp_models/trial_246
Modelo LSTM. Treino: 2012 a 2021. Validação: 2022. Teste: 2023.
Dataset: V44.
Obs: ajuste de seed

Hyperparams:
input_size: 9h: 1lr: 4.9005034191835746e-05batch: 32encoder n layers: 2decoder layers: 2",2026-01-07T17:36:34
2022_cluster_1,Jacui,2023-12-31T00:00:00,1.32,1.2792387,3.09,teste,V44,LSTM,"/media/marcos/Marcos/Codigos/Predicao_Cafe_Arabica/Teste_2_reuniao_16_dez_ajuste_seed/temp_models/trial_246
Modelo LSTM. Treino: 2012 a 2021. Validação: 2022. Teste: 2023.
Dataset: V44.
Obs: ajuste de seed

Hyperparams:
input_size: 9h: 1lr: 4.9005034191835746e-05batch: 32encoder n layers: 2decoder layers: 2",2026-01-07T17:36:34
2022_cluster_1,Jacutinga,2023-12-31T00:00:00,1.160053262316911,1.3434575,15.81,teste,V44,LSTM,"/media/marcos/Marcos/Codigos/Predicao_Cafe_Arabica/Teste_2_reuniao_16_dez_ajuste_seed/temp_models/trial_246
Modelo LSTM. Treino: 2012 a 2021. Validação: 2022. Teste: 2023.
Dataset: V44.
Obs: ajuste de seed

Hyperparams:
input_size: 9h: 1lr: 4.9005034191835746e-05batch: 32encoder n layers: 2decoder layers: 2",2026-01-07T17:36:34
2022_cluster_1,Juruaia,2023-12-31T00:00:00,1.5,1.5782168,5.21,teste,V44,LSTM,"/media/marcos/Marcos/Codigos/Predicao_Cafe_Arabica/Teste_2_reuniao_16_dez_ajuste_seed/temp_models/trial_246
Modelo LSTM. Treino: 2012 a 2021. Validação: 2022. Teste: 2023.
Dataset: V44.
Obs: ajuste de seed

Hyperparams:
input_size: 9h: 1lr: 4.9005034191835746e-05batch: 32encoder n layers: 2decoder layers: 2",2026-01-07T17:36:34
2022_cluster_1,Lagoa_Dourada,2023-12-31T00:00:00,1.8000000000000003,1.6204954,9.97,teste,V44,LSTM,"/media/marcos/Marcos/Codigos/Predicao_Cafe_Arabica/Teste_2_reuniao_16_dez_ajuste_seed/temp_models/trial_246
Modelo LSTM. Treino: 2012 a 2021. Validação: 2022. Teste: 2023.
Dataset: V44.
Obs: ajuste de seed

Hyperparams:
input_size: 9h: 1lr: 4.9005034191835746e-05batch: 32encoder n layers: 2decoder layers: 2",2026-01-07T17:36:34
2022_cluster_1,Lagoa_Formosa,2023-12-31T00:00:00,1.978723404255319,1.8138893,8.33,teste,V44,LSTM,"/media/marcos/Marcos/Codigos/Predicao_Cafe_Arabica/Teste_2_reuniao_16_dez_ajuste_seed/temp_models/trial_246
Modelo LSTM. Treino: 2012 a 2021. Validação: 2022. Teste: 2023.
Dataset: V44.
Obs: ajuste de seed

Hyperparams:
input_size: 9h: 1lr: 4.9005034191835746e-05batch: 32encoder n layers: 2decoder layers: 2",2026-01-07T17:36:34
2022_cluster_1,Lagoa_Grande,2023-12-31T00:00:00,2.4,1.3451669,43.95,teste,V44,LSTM,"/media/marcos/Marcos/Codigos/Predicao_Cafe_Arabica/Teste_2_reuniao_16_dez_ajuste_seed/temp_models/trial_246
Modelo LSTM. Treino: 2012 a 2021. Validação: 2022. Teste: 2023.
Dataset: V44.
Obs: ajuste de seed

Hyperparams:
input_size: 9h: 1lr: 4.9005034191835746e-05batch: 32encoder n layers: 2decoder layers: 2",2026-01-07T17:36:34
2022_cluster_1,Matutina,2023-12-31T00:00:00,1.502024291497976,1.6133298,7.41,teste,V44,LSTM,"/media/marcos/Marcos/Codigos/Predicao_Cafe_Arabica/Teste_2_reuniao_16_dez_ajuste_seed/temp_models/trial_246
Modelo LSTM. Treino: 2012 a 2021. Validação: 2022. Teste: 2023.
Dataset: V44.
Obs: ajuste de seed

Hyperparams:
input_size: 9h: 1lr: 4.9005034191835746e-05batch: 32encoder n layers: 2decoder layers: 2",2026-01-07T17:36:34
2022_cluster_1,Monte_Belo,2023-12-31T00:00:00,1.3799999999999997,1.3241231,4.05,teste,V44,LSTM,"/media/marcos/Marcos/Codigos/Predicao_Cafe_Arabica/Teste_2_reuniao_16_dez_ajuste_seed/temp_models/trial_246
Modelo LSTM. Treino: 2012 a 2021. Validação: 2022. Teste: 2023.
Dataset: V44.
Obs: ajuste de seed

Hyperparams:
input_size: 9h: 1lr: 4.9005034191835746e-05batch: 32encoder n layers: 2decoder layers: 2",2026-01-07T17:36:34
2022_cluster_1,Monte_Carmelo,2023-12-31T00:00:00,2.4900284900284904,1.7702272,28.91,teste,V44,LSTM,"/media/marcos/Marcos/Codigos/Predicao_Cafe_Arabica/Teste_2_reuniao_16_dez_ajuste_seed/temp_models/trial_246
Modelo LSTM. Treino: 2012 a 2021. Validação: 2022. Teste: 2023.
Dataset: V44.
Obs: ajuste de seed

Hyperparams:
input_size: 9h: 1lr: 4.9005034191835746e-05batch: 32encoder n layers: 2decoder layers: 2",2026-01-07T17:36:34
2022_cluster_1,Monte_Santo_de_Minas,2023-12-31T00:00:00,1.620050377833753,1.3427598,17.12,teste,V44,LSTM,"/media/marcos/Marcos/Codigos/Predicao_Cafe_Arabica/Teste_2_reuniao_16_dez_ajuste_seed/temp_models/trial_246
Modelo LSTM. Treino: 2012 a 2021. Validação: 2022. Teste: 2023.
Dataset: V44.
Obs: ajuste de seed

Hyperparams:
input_size: 9h: 1lr: 4.9005034191835746e-05batch: 32encoder n layers: 2decoder layers: 2",2026-01-07T17:36:34
2022_cluster_1,Muzambinho,2023-12-31T00:00:00,1.68,1.3672063,18.62,teste,V44,LSTM,"/media/marcos/Marcos/Codigos/Predicao_Cafe_Arabica/Teste_2_reuniao_16_dez_ajuste_seed/temp_models/trial_246
Modelo LSTM. Treino: 2012 a 2021. Validação: 2022. Teste: 2023.
Dataset: V44.
Obs: ajuste de seed

Hyperparams:
input_size: 9h: 1lr: 4.9005034191835746e-05batch: 32encoder n layers: 2decoder layers: 2",2026-01-07T17:36:34
2022_cluster_1,Nova_Resende,2023-12-31T00:00:00,1.56,1.6327491,4.66,teste,V44,LSTM,"/media/marcos/Marcos/Codigos/Predicao_Cafe_Arabica/Teste_2_reuniao_16_dez_ajuste_seed/temp_models/trial_246
Modelo LSTM. Treino: 2012 a 2021. Validação: 2022. Teste: 2023.
Dataset: V44.
Obs: ajuste de seed

Hyperparams:
input_size: 9h: 1lr: 4.9005034191835746e-05batch: 32encoder n layers: 2decoder layers: 2",2026-01-07T17:36:34
2022_cluster_1,Passos,2023-12-31T00:00:00,1.8298013245033107,1.1572006,36.76,teste,V44,LSTM,"/media/marcos/Marcos/Codigos/Predicao_Cafe_Arabica/Teste_2_reuniao_16_dez_ajuste_seed/temp_models/trial_246
Modelo LSTM. Treino: 2012 a 2021. Validação: 2022. Teste: 2023.
Dataset: V44.
Obs: ajuste de seed

Hyperparams:
input_size: 9h: 1lr: 4.9005034191835746e-05batch: 32encoder n layers: 2decoder layers: 2",2026-01-07T17:36:34
2022_cluster_1,Patis,2023-12-31T00:00:00,1.2,1.919204,59.93,teste,V44,LSTM,"/media/marcos/Marcos/Codigos/Predicao_Cafe_Arabica/Teste_2_reuniao_16_dez_ajuste_seed/temp_models/trial_246
Modelo LSTM. Treino: 2012 a 2021. Validação: 2022. Teste: 2023.
Dataset: V44.
Obs: ajuste de seed

Hyperparams:
input_size: 9h: 1lr: 4.9005034191835746e-05batch: 32encoder n layers: 2decoder layers: 2",2026-01-07T17:36:34
2022_cluster_1,Patos_de_Minas,2023-12-31T00:00:00,1.782452316076294,1.6363192,8.2,teste,V44,LSTM,"/media/marcos/Marcos/Codigos/Predicao_Cafe_Arabica/Teste_2_reuniao_16_dez_ajuste_seed/temp_models/trial_246
Modelo LSTM. Treino: 2012 a 2021. Validação: 2022. Teste: 2023.
Dataset: V44.
Obs: ajuste de seed

Hyperparams:
input_size: 9h: 1lr: 4.9005034191835746e-05batch: 32encoder n layers: 2decoder layers: 2",2026-01-07T17:36:34
2022_cluster_1,Patrocinio,2023-12-31T00:00:00,2.4370275910039414,1.3913692,42.91,teste,V44,LSTM,"/media/marcos/Marcos/Codigos/Predicao_Cafe_Arabica/Teste_2_reuniao_16_dez_ajuste_seed/temp_models/trial_246
Modelo LSTM. Treino: 2012 a 2021. Validação: 2022. Teste: 2023.
Dataset: V44.
Obs: ajuste de seed

Hyperparams:
input_size: 9h: 1lr: 4.9005034191835746e-05batch: 32encoder n layers: 2decoder layers: 2",2026-01-07T17:36:34
2022_cluster_1,Pedrinopolis,2023-12-31T00:00:00,2.1878048780487815,1.4001259,36.0,teste,V44,LSTM,"/media/marcos/Marcos/Codigos/Predicao_Cafe_Arabica/Teste_2_reuniao_16_dez_ajuste_seed/temp_models/trial_246
Modelo LSTM. Treino: 2012 a 2021. Validação: 2022. Teste: 2023.
Dataset: V44.
Obs: ajuste de seed

Hyperparams:
input_size: 9h: 1lr: 4.9005034191835746e-05batch: 32encoder n layers: 2decoder layers: 2",2026-01-07T17:36:34
2022_cluster_1,Perdizes,2023-12-31T00:00:00,2.106451612903226,1.5835152,24.83,teste,V44,LSTM,"/media/marcos/Marcos/Codigos/Predicao_Cafe_Arabica/Teste_2_reuniao_16_dez_ajuste_seed/temp_models/trial_246
Modelo LSTM. Treino: 2012 a 2021. Validação: 2022. Teste: 2023.
Dataset: V44.
Obs: ajuste de seed

Hyperparams:
input_size: 9h: 1lr: 4.9005034191835746e-05batch: 32encoder n layers: 2decoder layers: 2",2026-01-07T17:36:34
2022_cluster_1,Piracema,2023-12-31T00:00:00,1.2,1.1860777,1.16,teste,V44,LSTM,"/media/marcos/Marcos/Codigos/Predicao_Cafe_Arabica/Teste_2_reuniao_16_dez_ajuste_seed/temp_models/trial_246
Modelo LSTM. Treino: 2012 a 2021. Validação: 2022. Teste: 2023.
Dataset: V44.
Obs: ajuste de seed

Hyperparams:
input_size: 9h: 1lr: 4.9005034191835746e-05batch: 32encoder n layers: 2decoder layers: 2",2026-01-07T17:36:34
2022_cluster_1,Ponto_dos_Volantes,2023-12-31T00:00:00,0.6000000000000001,0.5481686,8.64,teste,V44,LSTM,"/media/marcos/Marcos/Codigos/Predicao_Cafe_Arabica/Teste_2_reuniao_16_dez_ajuste_seed/temp_models/trial_246
Modelo LSTM. Treino: 2012 a 2021. Validação: 2022. Teste: 2023.
Dataset: V44.
Obs: ajuste de seed

Hyperparams:
input_size: 9h: 1lr: 4.9005034191835746e-05batch: 32encoder n layers: 2decoder layers: 2",2026-01-07T17:36:34
2022_cluster_1,Pratapolis,2023-12-31T00:00:00,1.8011363636363642,1.416524,21.35,teste,V44,LSTM,"/media/marcos/Marcos/Codigos/Predicao_Cafe_Arabica/Teste_2_reuniao_16_dez_ajuste_seed/temp_models/trial_246
Modelo LSTM. Treino: 2012 a 2021. Validação: 2022. Teste: 2023.
Dataset: V44.
Obs: ajuste de seed

Hyperparams:
input_size: 9h: 1lr: 4.9005034191835746e-05batch: 32encoder n layers: 2decoder layers: 2",2026-01-07T17:36:34
2022_cluster_1,Pratinha,2023-12-31T00:00:00,2.13,1.6445277,22.79,teste,V44,LSTM,"/media/marcos/Marcos/Codigos/Predicao_Cafe_Arabica/Teste_2_reuniao_16_dez_ajuste_seed/temp_models/trial_246
Modelo LSTM. Treino: 2012 a 2021. Validação: 2022. Teste: 2023.
Dataset: V44.
Obs: ajuste de seed

Hyperparams:
input_size: 9h: 1lr: 4.9005034191835746e-05batch: 32encoder n layers: 2decoder layers: 2",2026-01-07T17:36:34
2022_cluster_1,Presidente_Kubitschek,2023-12-31T00:00:00,0.8947368421052632,1.1192412,25.09,teste,V44,LSTM,"/media/marcos/Marcos/Codigos/Predicao_Cafe_Arabica/Teste_2_reuniao_16_dez_ajuste_seed/temp_models/trial_246
Modelo LSTM. Treino: 2012 a 2021. Validação: 2022. Teste: 2023.
Dataset: V44.
Obs: ajuste de seed

Hyperparams:
input_size: 9h: 1lr: 4.9005034191835746e-05batch: 32encoder n layers: 2decoder layers: 2",2026-01-07T17:36:34
2022_cluster_1,Presidente_Olegario,2023-12-31T00:00:00,2.160074626865672,1.8161447,15.92,teste,V44,LSTM,"/media/marcos/Marcos/Codigos/Predicao_Cafe_Arabica/Teste_2_reuniao_16_dez_ajuste_seed/temp_models/trial_246
Modelo LSTM. Treino: 2012 a 2021. Validação: 2022. Teste: 2023.
Dataset: V44.
Obs: ajuste de seed

Hyperparams:
input_size: 9h: 1lr: 4.9005034191835746e-05batch: 32encoder n layers: 2decoder layers: 2",2026-01-07T17:36:34
2022_cluster_1,Quartel_Geral,2023-12-31T00:00:00,3.0,2.6026154,13.25,teste,V44,LSTM,"/media/marcos/Marcos/Codigos/Predicao_Cafe_Arabica/Teste_2_reuniao_16_dez_ajuste_seed/temp_models/trial_246
Modelo LSTM. Treino: 2012 a 2021. Validação: 2022. Teste: 2023.
Dataset: V44.
Obs: ajuste de seed

Hyperparams:
input_size: 9h: 1lr: 4.9005034191835746e-05batch: 32encoder n layers: 2decoder layers: 2",2026-01-07T17:36:34
2022_cluster_1,Rio_Paranaiba,2023-12-31T00:00:00,1.8000000000000003,1.3693048,23.93,teste,V44,LSTM,"/media/marcos/Marcos/Codigos/Predicao_Cafe_Arabica/Teste_2_reuniao_16_dez_ajuste_seed/temp_models/trial_246
Modelo LSTM. Treino: 2012 a 2021. Validação: 2022. Teste: 2023.
Dataset: V44.
Obs: ajuste de seed

Hyperparams:
input_size: 9h: 1lr: 4.9005034191835746e-05batch: 32encoder n layers: 2decoder layers: 2",2026-01-07T17:36:34
2022_cluster_1,Rio_Vermelho,2023-12-31T00:00:00,0.9,1.013189,12.58,teste,V44,LSTM,"/media/marcos/Marcos/Codigos/Predicao_Cafe_Arabica/Teste_2_reuniao_16_dez_ajuste_seed/temp_models/trial_246
Modelo LSTM. Treino: 2012 a 2021. Validação: 2022. Teste: 2023.
Dataset: V44.
Obs: ajuste de seed

Hyperparams:
input_size: 9h: 1lr: 4.9005034191835746e-05batch: 32encoder n layers: 2decoder layers: 2",2026-01-07T17:36:34
2022_cluster_1,Romaria,2023-12-31T00:00:00,2.131578947368421,1.9254646,9.67,teste,V44,LSTM,"/media/marcos/Marcos/Codigos/Predicao_Cafe_Arabica/Teste_2_reuniao_16_dez_ajuste_seed/temp_models/trial_246
Modelo LSTM. Treino: 2012 a 2021. Validação: 2022. Teste: 2023.
Dataset: V44.
Obs: ajuste de seed

Hyperparams:
input_size: 9h: 1lr: 4.9005034191835746e-05batch: 32encoder n layers: 2decoder layers: 2",2026-01-07T17:36:34
2022_cluster_1,Sacramento,2023-12-31T00:00:00,1.75,1.404481,19.74,teste,V44,LSTM,"/media/marcos/Marcos/Codigos/Predicao_Cafe_Arabica/Teste_2_reuniao_16_dez_ajuste_seed/temp_models/trial_246
Modelo LSTM. Treino: 2012 a 2021. Validação: 2022. Teste: 2023.
Dataset: V44.
Obs: ajuste de seed

Hyperparams:
input_size: 9h: 1lr: 4.9005034191835746e-05batch: 32encoder n layers: 2decoder layers: 2",2026-01-07T17:36:34
2022_cluster_1,Santa_Rosa_da_Serra,2023-12-31T00:00:00,1.68,1.6831965,0.19,teste,V44,LSTM,"/media/marcos/Marcos/Codigos/Predicao_Cafe_Arabica/Teste_2_reuniao_16_dez_ajuste_seed/temp_models/trial_246
Modelo LSTM. Treino: 2012 a 2021. Validação: 2022. Teste: 2023.
Dataset: V44.
Obs: ajuste de seed

Hyperparams:
input_size: 9h: 1lr: 4.9005034191835746e-05batch: 32encoder n layers: 2decoder layers: 2",2026-01-07T17:36:34
2022_cluster_1,Santo_Antonio_do_Amparo,2023-12-31T00:00:00,1.8000000000000003,1.4186901,21.18,teste,V44,LSTM,"/media/marcos/Marcos/Codigos/Predicao_Cafe_Arabica/Teste_2_reuniao_16_dez_ajuste_seed/temp_models/trial_246
Modelo LSTM. Treino: 2012 a 2021. Validação: 2022. Teste: 2023.
Dataset: V44.
Obs: ajuste de seed

Hyperparams:
input_size: 9h: 1lr: 4.9005034191835746e-05batch: 32encoder n layers: 2decoder layers: 2",2026-01-07T17:36:34
2022_cluster_1,Sao_Goncalo_do_Abaete,2023-12-31T00:00:00,1.619047619047619,1.7880278,10.44,teste,V44,LSTM,"/media/marcos/Marcos/Codigos/Predicao_Cafe_Arabica/Teste_2_reuniao_16_dez_ajuste_seed/temp_models/trial_246
Modelo LSTM. Treino: 2012 a 2021. Validação: 2022. Teste: 2023.
Dataset: V44.
Obs: ajuste de seed

Hyperparams:
input_size: 9h: 1lr: 4.9005034191835746e-05batch: 32encoder n layers: 2decoder layers: 2",2026-01-07T17:36:34
2022_cluster_1,Sao_Gotardo,2023-12-31T00:00:00,1.5,1.4644914,2.37,teste,V44,LSTM,"/media/marcos/Marcos/Codigos/Predicao_Cafe_Arabica/Teste_2_reuniao_16_dez_ajuste_seed/temp_models/trial_246
Modelo LSTM. Treino: 2012 a 2021. Validação: 2022. Teste: 2023.
Dataset: V44.
Obs: ajuste de seed

Hyperparams:
input_size: 9h: 1lr: 4.9005034191835746e-05batch: 32encoder n layers: 2decoder layers: 2",2026-01-07T17:36:34
2022_cluster_1,Sao_Joao_Batista_do_Gloria,2023-12-31T00:00:00,1.5232974910394272,1.2659626,16.89,teste,V44,LSTM,"/media/marcos/Marcos/Codigos/Predicao_Cafe_Arabica/Teste_2_reuniao_16_dez_ajuste_seed/temp_models/trial_246
Modelo LSTM. Treino: 2012 a 2021. Validação: 2022. Teste: 2023.
Dataset: V44.
Obs: ajuste de seed

Hyperparams:
input_size: 9h: 1lr: 4.9005034191835746e-05batch: 32encoder n layers: 2decoder layers: 2",2026-01-07T17:36:34
2022_cluster_1,Sao_Pedro_da_Uniao,2023-12-31T00:00:00,1.5,1.5487045,3.25,teste,V44,LSTM,"/media/marcos/Marcos/Codigos/Predicao_Cafe_Arabica/Teste_2_reuniao_16_dez_ajuste_seed/temp_models/trial_246
Modelo LSTM. Treino: 2012 a 2021. Validação: 2022. Teste: 2023.
Dataset: V44.
Obs: ajuste de seed

Hyperparams:
input_size: 9h: 1lr: 4.9005034191835746e-05batch: 32encoder n layers: 2decoder layers: 2",2026-01-07T17:36:34
2022_cluster_1,Sao_Sebastiao_do_Paraiso,2023-12-31T00:00:00,1.4400177462289259,1.3689963,4.93,teste,V44,LSTM,"/media/marcos/Marcos/Codigos/Predicao_Cafe_Arabica/Teste_2_reuniao_16_dez_ajuste_seed/temp_models/trial_246
Modelo LSTM. Treino: 2012 a 2021. Validação: 2022. Teste: 2023.
Dataset: V44.
Obs: ajuste de seed

Hyperparams:
input_size: 9h: 1lr: 4.9005034191835746e-05batch: 32encoder n layers: 2decoder layers: 2",2026-01-07T17:36:34
2022_cluster_1,Serra_do_Salitre,2023-12-31T00:00:00,1.489636363636364,1.5351188,3.05,teste,V44,LSTM,"/media/marcos/Marcos/Codigos/Predicao_Cafe_Arabica/Teste_2_reuniao_16_dez_ajuste_seed/temp_models/trial_246
Modelo LSTM. Treino: 2012 a 2021. Validação: 2022. Teste: 2023.
Dataset: V44.
Obs: ajuste de seed

Hyperparams:
input_size: 9h: 1lr: 4.9005034191835746e-05batch: 32encoder n layers: 2decoder layers: 2",2026-01-07T17:36:34
2022_cluster_1,Tapira,2023-12-31T00:00:00,1.92,1.4621259,23.85,teste,V44,LSTM,"/media/marcos/Marcos/Codigos/Predicao_Cafe_Arabica/Teste_2_reuniao_16_dez_ajuste_seed/temp_models/trial_246
Modelo LSTM. Treino: 2012 a 2021. Validação: 2022. Teste: 2023.
Dataset: V44.
Obs: ajuste de seed

Hyperparams:
input_size: 9h: 1lr: 4.9005034191835746e-05batch: 32encoder n layers: 2decoder layers: 2",2026-01-07T17:36:34
2022_cluster_1,Tiros,2023-12-31T00:00:00,2.382038834951457,1.5459443,35.1,teste,V44,LSTM,"/media/marcos/Marcos/Codigos/Predicao_Cafe_Arabica/Teste_2_reuniao_16_dez_ajuste_seed/temp_models/trial_246
Modelo LSTM. Treino: 2012 a 2021. Validação: 2022. Teste: 2023.
Dataset: V44.
Obs: ajuste de seed

Hyperparams:
input_size: 9h: 1lr: 4.9005034191835746e-05batch: 32encoder n layers: 2decoder layers: 2",2026-01-07T17:36:34
2022_cluster_1,Tupaciguara,2023-12-31T00:00:00,2.622222222222222,2.0885298,20.35,teste,V44,LSTM,"/media/marcos/Marcos/Codigos/Predicao_Cafe_Arabica/Teste_2_reuniao_16_dez_ajuste_seed/temp_models/trial_246
Modelo LSTM. Treino: 2012 a 2021. Validação: 2022. Teste: 2023.
Dataset: V44.
Obs: ajuste de seed

Hyperparams:
input_size: 9h: 1lr: 4.9005034191835746e-05batch: 32encoder n layers: 2decoder layers: 2",2026-01-07T17:36:34
2022_cluster_1,Uberaba,2023-12-31T00:00:00,2.1200980392156863,1.9014274,10.31,teste,V44,LSTM,"/media/marcos/Marcos/Codigos/Predicao_Cafe_Arabica/Teste_2_reuniao_16_dez_ajuste_seed/temp_models/trial_246
Modelo LSTM. Treino: 2012 a 2021. Validação: 2022. Teste: 2023.
Dataset: V44.
Obs: ajuste de seed

Hyperparams:
input_size: 9h: 1lr: 4.9005034191835746e-05batch: 32encoder n layers: 2decoder layers: 2",2026-01-07T17:36:34
2022_cluster_1,Uberlandia,2023-12-31T00:00:00,1.8000000000000003,1.6750638,6.94,teste,V44,LSTM,"/media/marcos/Marcos/Codigos/Predicao_Cafe_Arabica/Teste_2_reuniao_16_dez_ajuste_seed/temp_models/trial_246
Modelo LSTM. Treino: 2012 a 2021. Validação: 2022. Teste: 2023.
Dataset: V44.
Obs: ajuste de seed

Hyperparams:
input_size: 9h: 1lr: 4.9005034191835746e-05batch: 32encoder n layers: 2decoder layers: 2",2026-01-07T17:36:34
2022_cluster_1,Unai,2023-12-31T00:00:00,2.520095187731359,2.5961041,3.02,teste,V44,LSTM,"/media/marcos/Marcos/Codigos/Predicao_Cafe_Arabica/Teste_2_reuniao_16_dez_ajuste_seed/temp_models/trial_246
Modelo LSTM. Treino: 2012 a 2021. Validação: 2022. Teste: 2023.
Dataset: V44.
Obs: ajuste de seed

Hyperparams:
input_size: 9h: 1lr: 4.9005034191835746e-05batch: 32encoder n layers: 2decoder layers: 2",2026-01-07T17:36:34
2022_cluster_1,Varginha,2023-12-31T00:00:00,1.679990280646337,1.2823578,23.67,teste,V44,LSTM,"/media/marcos/Marcos/Codigos/Predicao_Cafe_Arabica/Teste_2_reuniao_16_dez_ajuste_seed/temp_models/trial_246
Modelo LSTM. Treino: 2012 a 2021. Validação: 2022. Teste: 2023.
Dataset: V44.
Obs: ajuste de seed

Hyperparams:
input_size: 9h: 1lr: 4.9005034191835746e-05batch: 32encoder n layers: 2decoder layers: 2",2026-01-07T17:36:34
2022_cluster_1,Varjao_de_Minas,2023-12-31T00:00:00,2.3892857142857142,2.3424957,1.96,teste,V44,LSTM,"/media/marcos/Marcos/Codigos/Predicao_Cafe_Arabica/Teste_2_reuniao_16_dez_ajuste_seed/temp_models/trial_246
Modelo LSTM. Treino: 2012 a 2021. Validação: 2022. Teste: 2023.
Dataset: V44.
Obs: ajuste de seed

Hyperparams:
input_size: 9h: 1lr: 4.9005034191835746e-05batch: 32encoder n layers: 2decoder layers: 2",2026-01-07T17:36:34
2022_cluster_1,Virginopolis,2023-12-31T00:00:00,1.3258426966292132,1.3246671,0.09,teste,V44,LSTM,"/media/marcos/Marcos/Codigos/Predicao_Cafe_Arabica/Teste_2_reuniao_16_dez_ajuste_seed/temp_models/trial_246
Modelo LSTM. Treino: 2012 a 2021. Validação: 2022. Teste: 2023.
Dataset: V44.
Obs: ajuste de seed

Hyperparams:
input_size: 9h: 1lr: 4.9005034191835746e-05batch: 32encoder n layers: 2decoder layers: 2",2026-01-07T17:36:34
