treino_id,unique_id,ds,y,y_pred,diferença_%,flag,dataset,modelo,comentario,data_treino
2022_cluster_0,Aguanil,2022-12-31T00:00:00,1.56,1.2963473,16.9,validacao,V44,LSTM,"/media/marcos/Marcos/Codigos/Predicao_Cafe_Arabica/Teste_2_reuniao_16_dez_ajuste_seed_16_01_2026/temp_models/trial_91
Modelo LSTM. Treino: 2012 a 2021. Validação: 2022. Teste: 2023.
Dataset: V44. Log Transform: Não.
Obs: ajuste de seed

Hyperparams:
input_size: 9, h: 1, lr: 9.111128578776764e-05, batch: 32, encoder n layers: 3, decoder layers: 3",2026-01-18T19:33:59
2022_cluster_0,Alfenas,2022-12-31T00:00:00,0.9243951612903226,1.3058687,41.27,validacao,V44,LSTM,"/media/marcos/Marcos/Codigos/Predicao_Cafe_Arabica/Teste_2_reuniao_16_dez_ajuste_seed_16_01_2026/temp_models/trial_91
Modelo LSTM. Treino: 2012 a 2021. Validação: 2022. Teste: 2023.
Dataset: V44. Log Transform: Não.
Obs: ajuste de seed

Hyperparams:
input_size: 9, h: 1, lr: 9.111128578776764e-05, batch: 32, encoder n layers: 3, decoder layers: 3",2026-01-18T19:33:59
2022_cluster_0,Alto_Caparao,2022-12-31T00:00:00,1.5,1.0444078,30.37,validacao,V44,LSTM,"/media/marcos/Marcos/Codigos/Predicao_Cafe_Arabica/Teste_2_reuniao_16_dez_ajuste_seed_16_01_2026/temp_models/trial_91
Modelo LSTM. Treino: 2012 a 2021. Validação: 2022. Teste: 2023.
Dataset: V44. Log Transform: Não.
Obs: ajuste de seed

Hyperparams:
input_size: 9, h: 1, lr: 9.111128578776764e-05, batch: 32, encoder n layers: 3, decoder layers: 3",2026-01-18T19:33:59
2022_cluster_0,Alto_Jequitiba,2022-12-31T00:00:00,0.9,1.0841177,20.46,validacao,V44,LSTM,"/media/marcos/Marcos/Codigos/Predicao_Cafe_Arabica/Teste_2_reuniao_16_dez_ajuste_seed_16_01_2026/temp_models/trial_91
Modelo LSTM. Treino: 2012 a 2021. Validação: 2022. Teste: 2023.
Dataset: V44. Log Transform: Não.
Obs: ajuste de seed

Hyperparams:
input_size: 9, h: 1, lr: 9.111128578776764e-05, batch: 32, encoder n layers: 3, decoder layers: 3",2026-01-18T19:33:59
2022_cluster_0,Amparo_do_Serra,2022-12-31T00:00:00,1.8,1.2294695,31.7,validacao,V44,LSTM,"/media/marcos/Marcos/Codigos/Predicao_Cafe_Arabica/Teste_2_reuniao_16_dez_ajuste_seed_16_01_2026/temp_models/trial_91
Modelo LSTM. Treino: 2012 a 2021. Validação: 2022. Teste: 2023.
Dataset: V44. Log Transform: Não.
Obs: ajuste de seed

Hyperparams:
input_size: 9, h: 1, lr: 9.111128578776764e-05, batch: 32, encoder n layers: 3, decoder layers: 3",2026-01-18T19:33:59
2022_cluster_0,Araponga,2022-12-31T00:00:00,1.260041407867495,1.1669847,7.39,validacao,V44,LSTM,"/media/marcos/Marcos/Codigos/Predicao_Cafe_Arabica/Teste_2_reuniao_16_dez_ajuste_seed_16_01_2026/temp_models/trial_91
Modelo LSTM. Treino: 2012 a 2021. Validação: 2022. Teste: 2023.
Dataset: V44. Log Transform: Não.
Obs: ajuste de seed

Hyperparams:
input_size: 9, h: 1, lr: 9.111128578776764e-05, batch: 32, encoder n layers: 3, decoder layers: 3",2026-01-18T19:33:59
2022_cluster_0,Astolfo_Dutra,2022-12-31T00:00:00,0.625,1.5845854,153.53,validacao,V44,LSTM,"/media/marcos/Marcos/Codigos/Predicao_Cafe_Arabica/Teste_2_reuniao_16_dez_ajuste_seed_16_01_2026/temp_models/trial_91
Modelo LSTM. Treino: 2012 a 2021. Validação: 2022. Teste: 2023.
Dataset: V44. Log Transform: Não.
Obs: ajuste de seed

Hyperparams:
input_size: 9, h: 1, lr: 9.111128578776764e-05, batch: 32, encoder n layers: 3, decoder layers: 3",2026-01-18T19:33:59
2022_cluster_0,Bambui,2022-12-31T00:00:00,1.5,1.3314574,11.24,validacao,V44,LSTM,"/media/marcos/Marcos/Codigos/Predicao_Cafe_Arabica/Teste_2_reuniao_16_dez_ajuste_seed_16_01_2026/temp_models/trial_91
Modelo LSTM. Treino: 2012 a 2021. Validação: 2022. Teste: 2023.
Dataset: V44. Log Transform: Não.
Obs: ajuste de seed

Hyperparams:
input_size: 9, h: 1, lr: 9.111128578776764e-05, batch: 32, encoder n layers: 3, decoder layers: 3",2026-01-18T19:33:59
2022_cluster_0,Boa_Esperanca,2022-12-31T00:00:00,0.9726256983240223,1.3497418,38.77,validacao,V44,LSTM,"/media/marcos/Marcos/Codigos/Predicao_Cafe_Arabica/Teste_2_reuniao_16_dez_ajuste_seed_16_01_2026/temp_models/trial_91
Modelo LSTM. Treino: 2012 a 2021. Validação: 2022. Teste: 2023.
Dataset: V44. Log Transform: Não.
Obs: ajuste de seed

Hyperparams:
input_size: 9, h: 1, lr: 9.111128578776764e-05, batch: 32, encoder n layers: 3, decoder layers: 3",2026-01-18T19:33:59
2022_cluster_0,Bom_Jesus_do_Galho,2022-12-31T00:00:00,0.7801587301587302,1.2272779,57.31,validacao,V44,LSTM,"/media/marcos/Marcos/Codigos/Predicao_Cafe_Arabica/Teste_2_reuniao_16_dez_ajuste_seed_16_01_2026/temp_models/trial_91
Modelo LSTM. Treino: 2012 a 2021. Validação: 2022. Teste: 2023.
Dataset: V44. Log Transform: Não.
Obs: ajuste de seed

Hyperparams:
input_size: 9, h: 1, lr: 9.111128578776764e-05, batch: 32, encoder n layers: 3, decoder layers: 3",2026-01-18T19:33:59
2022_cluster_0,Bom_Sucesso,2022-12-31T00:00:00,1.440136054421769,1.459818,1.37,validacao,V44,LSTM,"/media/marcos/Marcos/Codigos/Predicao_Cafe_Arabica/Teste_2_reuniao_16_dez_ajuste_seed_16_01_2026/temp_models/trial_91
Modelo LSTM. Treino: 2012 a 2021. Validação: 2022. Teste: 2023.
Dataset: V44. Log Transform: Não.
Obs: ajuste de seed

Hyperparams:
input_size: 9, h: 1, lr: 9.111128578776764e-05, batch: 32, encoder n layers: 3, decoder layers: 3",2026-01-18T19:33:59
2022_cluster_0,Caete,2022-12-31T00:00:00,1.533333333333333,1.2668048,17.38,validacao,V44,LSTM,"/media/marcos/Marcos/Codigos/Predicao_Cafe_Arabica/Teste_2_reuniao_16_dez_ajuste_seed_16_01_2026/temp_models/trial_91
Modelo LSTM. Treino: 2012 a 2021. Validação: 2022. Teste: 2023.
Dataset: V44. Log Transform: Não.
Obs: ajuste de seed

Hyperparams:
input_size: 9, h: 1, lr: 9.111128578776764e-05, batch: 32, encoder n layers: 3, decoder layers: 3",2026-01-18T19:33:59
2022_cluster_0,Caiana,2022-12-31T00:00:00,0.9,0.8575437,4.72,validacao,V44,LSTM,"/media/marcos/Marcos/Codigos/Predicao_Cafe_Arabica/Teste_2_reuniao_16_dez_ajuste_seed_16_01_2026/temp_models/trial_91
Modelo LSTM. Treino: 2012 a 2021. Validação: 2022. Teste: 2023.
Dataset: V44. Log Transform: Não.
Obs: ajuste de seed

Hyperparams:
input_size: 9, h: 1, lr: 9.111128578776764e-05, batch: 32, encoder n layers: 3, decoder layers: 3",2026-01-18T19:33:59
2022_cluster_0,Cajuri,2022-12-31T00:00:00,1.050602409638554,1.2284162,16.92,validacao,V44,LSTM,"/media/marcos/Marcos/Codigos/Predicao_Cafe_Arabica/Teste_2_reuniao_16_dez_ajuste_seed_16_01_2026/temp_models/trial_91
Modelo LSTM. Treino: 2012 a 2021. Validação: 2022. Teste: 2023.
Dataset: V44. Log Transform: Não.
Obs: ajuste de seed

Hyperparams:
input_size: 9, h: 1, lr: 9.111128578776764e-05, batch: 32, encoder n layers: 3, decoder layers: 3",2026-01-18T19:33:59
2022_cluster_0,Camacho,2022-12-31T00:00:00,1.380176211453745,1.4601882,5.8,validacao,V44,LSTM,"/media/marcos/Marcos/Codigos/Predicao_Cafe_Arabica/Teste_2_reuniao_16_dez_ajuste_seed_16_01_2026/temp_models/trial_91
Modelo LSTM. Treino: 2012 a 2021. Validação: 2022. Teste: 2023.
Dataset: V44. Log Transform: Não.
Obs: ajuste de seed

Hyperparams:
input_size: 9, h: 1, lr: 9.111128578776764e-05, batch: 32, encoder n layers: 3, decoder layers: 3",2026-01-18T19:33:59
2022_cluster_0,Campo_do_Meio,2022-12-31T00:00:00,1.580968858131488,1.0447297,33.92,validacao,V44,LSTM,"/media/marcos/Marcos/Codigos/Predicao_Cafe_Arabica/Teste_2_reuniao_16_dez_ajuste_seed_16_01_2026/temp_models/trial_91
Modelo LSTM. Treino: 2012 a 2021. Validação: 2022. Teste: 2023.
Dataset: V44. Log Transform: Não.
Obs: ajuste de seed

Hyperparams:
input_size: 9, h: 1, lr: 9.111128578776764e-05, batch: 32, encoder n layers: 3, decoder layers: 3",2026-01-18T19:33:59
2022_cluster_0,Campos_Altos,2022-12-31T00:00:00,1.680042238648363,1.3251102,21.13,validacao,V44,LSTM,"/media/marcos/Marcos/Codigos/Predicao_Cafe_Arabica/Teste_2_reuniao_16_dez_ajuste_seed_16_01_2026/temp_models/trial_91
Modelo LSTM. Treino: 2012 a 2021. Validação: 2022. Teste: 2023.
Dataset: V44. Log Transform: Não.
Obs: ajuste de seed

Hyperparams:
input_size: 9, h: 1, lr: 9.111128578776764e-05, batch: 32, encoder n layers: 3, decoder layers: 3",2026-01-18T19:33:59
2022_cluster_0,Campos_Gerais,2022-12-31T00:00:00,1.535771358328211,1.265173,17.62,validacao,V44,LSTM,"/media/marcos/Marcos/Codigos/Predicao_Cafe_Arabica/Teste_2_reuniao_16_dez_ajuste_seed_16_01_2026/temp_models/trial_91
Modelo LSTM. Treino: 2012 a 2021. Validação: 2022. Teste: 2023.
Dataset: V44. Log Transform: Não.
Obs: ajuste de seed

Hyperparams:
input_size: 9, h: 1, lr: 9.111128578776764e-05, batch: 32, encoder n layers: 3, decoder layers: 3",2026-01-18T19:33:59
2022_cluster_0,Cana_Verde,2022-12-31T00:00:00,1.02,1.1870725,16.38,validacao,V44,LSTM,"/media/marcos/Marcos/Codigos/Predicao_Cafe_Arabica/Teste_2_reuniao_16_dez_ajuste_seed_16_01_2026/temp_models/trial_91
Modelo LSTM. Treino: 2012 a 2021. Validação: 2022. Teste: 2023.
Dataset: V44. Log Transform: Não.
Obs: ajuste de seed

Hyperparams:
input_size: 9, h: 1, lr: 9.111128578776764e-05, batch: 32, encoder n layers: 3, decoder layers: 3",2026-01-18T19:33:59
2022_cluster_0,Canaa,2022-12-31T00:00:00,1.320338983050847,1.2343891,6.51,validacao,V44,LSTM,"/media/marcos/Marcos/Codigos/Predicao_Cafe_Arabica/Teste_2_reuniao_16_dez_ajuste_seed_16_01_2026/temp_models/trial_91
Modelo LSTM. Treino: 2012 a 2021. Validação: 2022. Teste: 2023.
Dataset: V44. Log Transform: Não.
Obs: ajuste de seed

Hyperparams:
input_size: 9, h: 1, lr: 9.111128578776764e-05, batch: 32, encoder n layers: 3, decoder layers: 3",2026-01-18T19:33:59
2022_cluster_0,Candeias,2022-12-31T00:00:00,1.020017406440383,1.2388362,21.45,validacao,V44,LSTM,"/media/marcos/Marcos/Codigos/Predicao_Cafe_Arabica/Teste_2_reuniao_16_dez_ajuste_seed_16_01_2026/temp_models/trial_91
Modelo LSTM. Treino: 2012 a 2021. Validação: 2022. Teste: 2023.
Dataset: V44. Log Transform: Não.
Obs: ajuste de seed

Hyperparams:
input_size: 9, h: 1, lr: 9.111128578776764e-05, batch: 32, encoder n layers: 3, decoder layers: 3",2026-01-18T19:33:59
2022_cluster_0,Caparao,2022-12-31T00:00:00,1.32,1.1785693,10.71,validacao,V44,LSTM,"/media/marcos/Marcos/Codigos/Predicao_Cafe_Arabica/Teste_2_reuniao_16_dez_ajuste_seed_16_01_2026/temp_models/trial_91
Modelo LSTM. Treino: 2012 a 2021. Validação: 2022. Teste: 2023.
Dataset: V44. Log Transform: Não.
Obs: ajuste de seed

Hyperparams:
input_size: 9, h: 1, lr: 9.111128578776764e-05, batch: 32, encoder n layers: 3, decoder layers: 3",2026-01-18T19:33:59
2022_cluster_0,Capitolio,2022-12-31T00:00:00,1.08,1.2146316,12.47,validacao,V44,LSTM,"/media/marcos/Marcos/Codigos/Predicao_Cafe_Arabica/Teste_2_reuniao_16_dez_ajuste_seed_16_01_2026/temp_models/trial_91
Modelo LSTM. Treino: 2012 a 2021. Validação: 2022. Teste: 2023.
Dataset: V44. Log Transform: Não.
Obs: ajuste de seed

Hyperparams:
input_size: 9, h: 1, lr: 9.111128578776764e-05, batch: 32, encoder n layers: 3, decoder layers: 3",2026-01-18T19:33:59
2022_cluster_0,Caputira,2022-12-31T00:00:00,1.440044247787611,1.3662521,5.12,validacao,V44,LSTM,"/media/marcos/Marcos/Codigos/Predicao_Cafe_Arabica/Teste_2_reuniao_16_dez_ajuste_seed_16_01_2026/temp_models/trial_91
Modelo LSTM. Treino: 2012 a 2021. Validação: 2022. Teste: 2023.
Dataset: V44. Log Transform: Não.
Obs: ajuste de seed

Hyperparams:
input_size: 9, h: 1, lr: 9.111128578776764e-05, batch: 32, encoder n layers: 3, decoder layers: 3",2026-01-18T19:33:59
2022_cluster_0,Carangola,2022-12-31T00:00:00,1.02,0.89430785,12.32,validacao,V44,LSTM,"/media/marcos/Marcos/Codigos/Predicao_Cafe_Arabica/Teste_2_reuniao_16_dez_ajuste_seed_16_01_2026/temp_models/trial_91
Modelo LSTM. Treino: 2012 a 2021. Validação: 2022. Teste: 2023.
Dataset: V44. Log Transform: Não.
Obs: ajuste de seed

Hyperparams:
input_size: 9, h: 1, lr: 9.111128578776764e-05, batch: 32, encoder n layers: 3, decoder layers: 3",2026-01-18T19:33:59
2022_cluster_0,Caratinga,2022-12-31T00:00:00,1.620022123893805,1.444686,10.82,validacao,V44,LSTM,"/media/marcos/Marcos/Codigos/Predicao_Cafe_Arabica/Teste_2_reuniao_16_dez_ajuste_seed_16_01_2026/temp_models/trial_91
Modelo LSTM. Treino: 2012 a 2021. Validação: 2022. Teste: 2023.
Dataset: V44. Log Transform: Não.
Obs: ajuste de seed

Hyperparams:
input_size: 9, h: 1, lr: 9.111128578776764e-05, batch: 32, encoder n layers: 3, decoder layers: 3",2026-01-18T19:33:59
2022_cluster_0,Carmo_da_Mata,2022-12-31T00:00:00,1.56,1.3203968,15.36,validacao,V44,LSTM,"/media/marcos/Marcos/Codigos/Predicao_Cafe_Arabica/Teste_2_reuniao_16_dez_ajuste_seed_16_01_2026/temp_models/trial_91
Modelo LSTM. Treino: 2012 a 2021. Validação: 2022. Teste: 2023.
Dataset: V44. Log Transform: Não.
Obs: ajuste de seed

Hyperparams:
input_size: 9, h: 1, lr: 9.111128578776764e-05, batch: 32, encoder n layers: 3, decoder layers: 3",2026-01-18T19:33:59
2022_cluster_0,Carmo_do_Rio_Claro,2022-12-31T00:00:00,1.619555143651529,1.596865,1.4,validacao,V44,LSTM,"/media/marcos/Marcos/Codigos/Predicao_Cafe_Arabica/Teste_2_reuniao_16_dez_ajuste_seed_16_01_2026/temp_models/trial_91
Modelo LSTM. Treino: 2012 a 2021. Validação: 2022. Teste: 2023.
Dataset: V44. Log Transform: Não.
Obs: ajuste de seed

Hyperparams:
input_size: 9, h: 1, lr: 9.111128578776764e-05, batch: 32, encoder n layers: 3, decoder layers: 3",2026-01-18T19:33:59
2022_cluster_0,Carmopolis_de_Minas,2022-12-31T00:00:00,1.8,1.7702036,1.66,validacao,V44,LSTM,"/media/marcos/Marcos/Codigos/Predicao_Cafe_Arabica/Teste_2_reuniao_16_dez_ajuste_seed_16_01_2026/temp_models/trial_91
Modelo LSTM. Treino: 2012 a 2021. Validação: 2022. Teste: 2023.
Dataset: V44. Log Transform: Não.
Obs: ajuste de seed

Hyperparams:
input_size: 9, h: 1, lr: 9.111128578776764e-05, batch: 32, encoder n layers: 3, decoder layers: 3",2026-01-18T19:33:59
2022_cluster_0,Cassia,2022-12-31T00:00:00,1.413626373626374,1.3990055,1.03,validacao,V44,LSTM,"/media/marcos/Marcos/Codigos/Predicao_Cafe_Arabica/Teste_2_reuniao_16_dez_ajuste_seed_16_01_2026/temp_models/trial_91
Modelo LSTM. Treino: 2012 a 2021. Validação: 2022. Teste: 2023.
Dataset: V44. Log Transform: Não.
Obs: ajuste de seed

Hyperparams:
input_size: 9, h: 1, lr: 9.111128578776764e-05, batch: 32, encoder n layers: 3, decoder layers: 3",2026-01-18T19:33:59
2022_cluster_0,Catas_Altas_da_Noruega,2022-12-31T00:00:00,1.0,0.98560995,1.44,validacao,V44,LSTM,"/media/marcos/Marcos/Codigos/Predicao_Cafe_Arabica/Teste_2_reuniao_16_dez_ajuste_seed_16_01_2026/temp_models/trial_91
Modelo LSTM. Treino: 2012 a 2021. Validação: 2022. Teste: 2023.
Dataset: V44. Log Transform: Não.
Obs: ajuste de seed

Hyperparams:
input_size: 9, h: 1, lr: 9.111128578776764e-05, batch: 32, encoder n layers: 3, decoder layers: 3",2026-01-18T19:33:59
2022_cluster_0,Chale,2022-12-31T00:00:00,1.44,1.1804507,18.02,validacao,V44,LSTM,"/media/marcos/Marcos/Codigos/Predicao_Cafe_Arabica/Teste_2_reuniao_16_dez_ajuste_seed_16_01_2026/temp_models/trial_91
Modelo LSTM. Treino: 2012 a 2021. Validação: 2022. Teste: 2023.
Dataset: V44. Log Transform: Não.
Obs: ajuste de seed

Hyperparams:
input_size: 9, h: 1, lr: 9.111128578776764e-05, batch: 32, encoder n layers: 3, decoder layers: 3",2026-01-18T19:33:59
2022_cluster_0,Claudio,2022-12-31T00:00:00,1.140522875816993,1.678472,47.17,validacao,V44,LSTM,"/media/marcos/Marcos/Codigos/Predicao_Cafe_Arabica/Teste_2_reuniao_16_dez_ajuste_seed_16_01_2026/temp_models/trial_91
Modelo LSTM. Treino: 2012 a 2021. Validação: 2022. Teste: 2023.
Dataset: V44. Log Transform: Não.
Obs: ajuste de seed

Hyperparams:
input_size: 9, h: 1, lr: 9.111128578776764e-05, batch: 32, encoder n layers: 3, decoder layers: 3",2026-01-18T19:33:59
2022_cluster_0,Conceicao_da_Barra_de_Minas,2022-12-31T00:00:00,1.370833333333333,1.5292574,11.56,validacao,V44,LSTM,"/media/marcos/Marcos/Codigos/Predicao_Cafe_Arabica/Teste_2_reuniao_16_dez_ajuste_seed_16_01_2026/temp_models/trial_91
Modelo LSTM. Treino: 2012 a 2021. Validação: 2022. Teste: 2023.
Dataset: V44. Log Transform: Não.
Obs: ajuste de seed

Hyperparams:
input_size: 9, h: 1, lr: 9.111128578776764e-05, batch: 32, encoder n layers: 3, decoder layers: 3",2026-01-18T19:33:59
2022_cluster_0,Conceicao_de_Ipanema,2022-12-31T00:00:00,1.5,1.3524312,9.84,validacao,V44,LSTM,"/media/marcos/Marcos/Codigos/Predicao_Cafe_Arabica/Teste_2_reuniao_16_dez_ajuste_seed_16_01_2026/temp_models/trial_91
Modelo LSTM. Treino: 2012 a 2021. Validação: 2022. Teste: 2023.
Dataset: V44. Log Transform: Não.
Obs: ajuste de seed

Hyperparams:
input_size: 9, h: 1, lr: 9.111128578776764e-05, batch: 32, encoder n layers: 3, decoder layers: 3",2026-01-18T19:33:59
2022_cluster_0,Coqueiral,2022-12-31T00:00:00,1.2,1.257643,4.8,validacao,V44,LSTM,"/media/marcos/Marcos/Codigos/Predicao_Cafe_Arabica/Teste_2_reuniao_16_dez_ajuste_seed_16_01_2026/temp_models/trial_91
Modelo LSTM. Treino: 2012 a 2021. Validação: 2022. Teste: 2023.
Dataset: V44. Log Transform: Não.
Obs: ajuste de seed

Hyperparams:
input_size: 9, h: 1, lr: 9.111128578776764e-05, batch: 32, encoder n layers: 3, decoder layers: 3",2026-01-18T19:33:59
2022_cluster_0,Corrego_Danta,2022-12-31T00:00:00,1.5,1.2266577,18.22,validacao,V44,LSTM,"/media/marcos/Marcos/Codigos/Predicao_Cafe_Arabica/Teste_2_reuniao_16_dez_ajuste_seed_16_01_2026/temp_models/trial_91
Modelo LSTM. Treino: 2012 a 2021. Validação: 2022. Teste: 2023.
Dataset: V44. Log Transform: Não.
Obs: ajuste de seed

Hyperparams:
input_size: 9, h: 1, lr: 9.111128578776764e-05, batch: 32, encoder n layers: 3, decoder layers: 3",2026-01-18T19:33:59
2022_cluster_0,Cristais,2022-12-31T00:00:00,1.059063136456212,1.3259492,25.2,validacao,V44,LSTM,"/media/marcos/Marcos/Codigos/Predicao_Cafe_Arabica/Teste_2_reuniao_16_dez_ajuste_seed_16_01_2026/temp_models/trial_91
Modelo LSTM. Treino: 2012 a 2021. Validação: 2022. Teste: 2023.
Dataset: V44. Log Transform: Não.
Obs: ajuste de seed

Hyperparams:
input_size: 9, h: 1, lr: 9.111128578776764e-05, batch: 32, encoder n layers: 3, decoder layers: 3",2026-01-18T19:33:59
2022_cluster_0,Desterro_de_Entre_Rios,2022-12-31T00:00:00,1.8,2.2133918,22.97,validacao,V44,LSTM,"/media/marcos/Marcos/Codigos/Predicao_Cafe_Arabica/Teste_2_reuniao_16_dez_ajuste_seed_16_01_2026/temp_models/trial_91
Modelo LSTM. Treino: 2012 a 2021. Validação: 2022. Teste: 2023.
Dataset: V44. Log Transform: Não.
Obs: ajuste de seed

Hyperparams:
input_size: 9, h: 1, lr: 9.111128578776764e-05, batch: 32, encoder n layers: 3, decoder layers: 3",2026-01-18T19:33:59
2022_cluster_0,Divinesia,2022-12-31T00:00:00,2.223076923076923,1.844978,17.01,validacao,V44,LSTM,"/media/marcos/Marcos/Codigos/Predicao_Cafe_Arabica/Teste_2_reuniao_16_dez_ajuste_seed_16_01_2026/temp_models/trial_91
Modelo LSTM. Treino: 2012 a 2021. Validação: 2022. Teste: 2023.
Dataset: V44. Log Transform: Não.
Obs: ajuste de seed

Hyperparams:
input_size: 9, h: 1, lr: 9.111128578776764e-05, batch: 32, encoder n layers: 3, decoder layers: 3",2026-01-18T19:33:59
2022_cluster_0,Divino,2022-12-31T00:00:00,1.08,1.0117124,6.32,validacao,V44,LSTM,"/media/marcos/Marcos/Codigos/Predicao_Cafe_Arabica/Teste_2_reuniao_16_dez_ajuste_seed_16_01_2026/temp_models/trial_91
Modelo LSTM. Treino: 2012 a 2021. Validação: 2022. Teste: 2023.
Dataset: V44. Log Transform: Não.
Obs: ajuste de seed

Hyperparams:
input_size: 9, h: 1, lr: 9.111128578776764e-05, batch: 32, encoder n layers: 3, decoder layers: 3",2026-01-18T19:33:59
2022_cluster_0,Doresopolis,2022-12-31T00:00:00,1.32,1.1778286,10.77,validacao,V44,LSTM,"/media/marcos/Marcos/Codigos/Predicao_Cafe_Arabica/Teste_2_reuniao_16_dez_ajuste_seed_16_01_2026/temp_models/trial_91
Modelo LSTM. Treino: 2012 a 2021. Validação: 2022. Teste: 2023.
Dataset: V44. Log Transform: Não.
Obs: ajuste de seed

Hyperparams:
input_size: 9, h: 1, lr: 9.111128578776764e-05, batch: 32, encoder n layers: 3, decoder layers: 3",2026-01-18T19:33:59
2022_cluster_0,Durande,2022-12-31T00:00:00,1.5,1.4619663,2.54,validacao,V44,LSTM,"/media/marcos/Marcos/Codigos/Predicao_Cafe_Arabica/Teste_2_reuniao_16_dez_ajuste_seed_16_01_2026/temp_models/trial_91
Modelo LSTM. Treino: 2012 a 2021. Validação: 2022. Teste: 2023.
Dataset: V44. Log Transform: Não.
Obs: ajuste de seed

Hyperparams:
input_size: 9, h: 1, lr: 9.111128578776764e-05, batch: 32, encoder n layers: 3, decoder layers: 3",2026-01-18T19:33:59
2022_cluster_0,Eloi_Mendes,2022-12-31T00:00:00,1.090201870999508,0.95593065,12.32,validacao,V44,LSTM,"/media/marcos/Marcos/Codigos/Predicao_Cafe_Arabica/Teste_2_reuniao_16_dez_ajuste_seed_16_01_2026/temp_models/trial_91
Modelo LSTM. Treino: 2012 a 2021. Validação: 2022. Teste: 2023.
Dataset: V44. Log Transform: Não.
Obs: ajuste de seed

Hyperparams:
input_size: 9, h: 1, lr: 9.111128578776764e-05, batch: 32, encoder n layers: 3, decoder layers: 3",2026-01-18T19:33:59
2022_cluster_0,Entre_Folhas,2022-12-31T00:00:00,1.2,0.8969338,25.26,validacao,V44,LSTM,"/media/marcos/Marcos/Codigos/Predicao_Cafe_Arabica/Teste_2_reuniao_16_dez_ajuste_seed_16_01_2026/temp_models/trial_91
Modelo LSTM. Treino: 2012 a 2021. Validação: 2022. Teste: 2023.
Dataset: V44. Log Transform: Não.
Obs: ajuste de seed

Hyperparams:
input_size: 9, h: 1, lr: 9.111128578776764e-05, batch: 32, encoder n layers: 3, decoder layers: 3",2026-01-18T19:33:59
2022_cluster_0,Entre_Rios_de_Minas,2022-12-31T00:00:00,1.8,1.9410467,7.84,validacao,V44,LSTM,"/media/marcos/Marcos/Codigos/Predicao_Cafe_Arabica/Teste_2_reuniao_16_dez_ajuste_seed_16_01_2026/temp_models/trial_91
Modelo LSTM. Treino: 2012 a 2021. Validação: 2022. Teste: 2023.
Dataset: V44. Log Transform: Não.
Obs: ajuste de seed

Hyperparams:
input_size: 9, h: 1, lr: 9.111128578776764e-05, batch: 32, encoder n layers: 3, decoder layers: 3",2026-01-18T19:33:59
2022_cluster_0,Ervalia,2022-12-31T00:00:00,1.2,1.1219504,6.5,validacao,V44,LSTM,"/media/marcos/Marcos/Codigos/Predicao_Cafe_Arabica/Teste_2_reuniao_16_dez_ajuste_seed_16_01_2026/temp_models/trial_91
Modelo LSTM. Treino: 2012 a 2021. Validação: 2022. Teste: 2023.
Dataset: V44. Log Transform: Não.
Obs: ajuste de seed

Hyperparams:
input_size: 9, h: 1, lr: 9.111128578776764e-05, batch: 32, encoder n layers: 3, decoder layers: 3",2026-01-18T19:33:59
2022_cluster_0,Espera_Feliz,2022-12-31T00:00:00,1.2,0.6346758,47.11,validacao,V44,LSTM,"/media/marcos/Marcos/Codigos/Predicao_Cafe_Arabica/Teste_2_reuniao_16_dez_ajuste_seed_16_01_2026/temp_models/trial_91
Modelo LSTM. Treino: 2012 a 2021. Validação: 2022. Teste: 2023.
Dataset: V44. Log Transform: Não.
Obs: ajuste de seed

Hyperparams:
input_size: 9, h: 1, lr: 9.111128578776764e-05, batch: 32, encoder n layers: 3, decoder layers: 3",2026-01-18T19:33:59
2022_cluster_0,Faria_Lemos,2022-12-31T00:00:00,1.200305810397553,0.75158095,37.38,validacao,V44,LSTM,"/media/marcos/Marcos/Codigos/Predicao_Cafe_Arabica/Teste_2_reuniao_16_dez_ajuste_seed_16_01_2026/temp_models/trial_91
Modelo LSTM. Treino: 2012 a 2021. Validação: 2022. Teste: 2023.
Dataset: V44. Log Transform: Não.
Obs: ajuste de seed

Hyperparams:
input_size: 9, h: 1, lr: 9.111128578776764e-05, batch: 32, encoder n layers: 3, decoder layers: 3",2026-01-18T19:33:59
2022_cluster_0,Ferros,2022-12-31T00:00:00,1.230769230769231,1.111159,9.72,validacao,V44,LSTM,"/media/marcos/Marcos/Codigos/Predicao_Cafe_Arabica/Teste_2_reuniao_16_dez_ajuste_seed_16_01_2026/temp_models/trial_91
Modelo LSTM. Treino: 2012 a 2021. Validação: 2022. Teste: 2023.
Dataset: V44. Log Transform: Não.
Obs: ajuste de seed

Hyperparams:
input_size: 9, h: 1, lr: 9.111128578776764e-05, batch: 32, encoder n layers: 3, decoder layers: 3",2026-01-18T19:33:59
2022_cluster_0,Fervedouro,2022-12-31T00:00:00,1.439910813823857,1.2439606,13.61,validacao,V44,LSTM,"/media/marcos/Marcos/Codigos/Predicao_Cafe_Arabica/Teste_2_reuniao_16_dez_ajuste_seed_16_01_2026/temp_models/trial_91
Modelo LSTM. Treino: 2012 a 2021. Validação: 2022. Teste: 2023.
Dataset: V44. Log Transform: Não.
Obs: ajuste de seed

Hyperparams:
input_size: 9, h: 1, lr: 9.111128578776764e-05, batch: 32, encoder n layers: 3, decoder layers: 3",2026-01-18T19:33:59
2022_cluster_0,Guape,2022-12-31T00:00:00,1.262758620689655,1.4800287,17.21,validacao,V44,LSTM,"/media/marcos/Marcos/Codigos/Predicao_Cafe_Arabica/Teste_2_reuniao_16_dez_ajuste_seed_16_01_2026/temp_models/trial_91
Modelo LSTM. Treino: 2012 a 2021. Validação: 2022. Teste: 2023.
Dataset: V44. Log Transform: Não.
Obs: ajuste de seed

Hyperparams:
input_size: 9, h: 1, lr: 9.111128578776764e-05, batch: 32, encoder n layers: 3, decoder layers: 3",2026-01-18T19:33:59
2022_cluster_0,Ibituruna,2022-12-31T00:00:00,1.2,1.4893498,24.11,validacao,V44,LSTM,"/media/marcos/Marcos/Codigos/Predicao_Cafe_Arabica/Teste_2_reuniao_16_dez_ajuste_seed_16_01_2026/temp_models/trial_91
Modelo LSTM. Treino: 2012 a 2021. Validação: 2022. Teste: 2023.
Dataset: V44. Log Transform: Não.
Obs: ajuste de seed

Hyperparams:
input_size: 9, h: 1, lr: 9.111128578776764e-05, batch: 32, encoder n layers: 3, decoder layers: 3",2026-01-18T19:33:59
2022_cluster_0,Ilicinea,2022-12-31T00:00:00,1.080069324090121,1.4735742,36.43,validacao,V44,LSTM,"/media/marcos/Marcos/Codigos/Predicao_Cafe_Arabica/Teste_2_reuniao_16_dez_ajuste_seed_16_01_2026/temp_models/trial_91
Modelo LSTM. Treino: 2012 a 2021. Validação: 2022. Teste: 2023.
Dataset: V44. Log Transform: Não.
Obs: ajuste de seed

Hyperparams:
input_size: 9, h: 1, lr: 9.111128578776764e-05, batch: 32, encoder n layers: 3, decoder layers: 3",2026-01-18T19:33:59
2022_cluster_0,Itapecerica,2022-12-31T00:00:00,1.040506329113924,1.2613949,21.23,validacao,V44,LSTM,"/media/marcos/Marcos/Codigos/Predicao_Cafe_Arabica/Teste_2_reuniao_16_dez_ajuste_seed_16_01_2026/temp_models/trial_91
Modelo LSTM. Treino: 2012 a 2021. Validação: 2022. Teste: 2023.
Dataset: V44. Log Transform: Não.
Obs: ajuste de seed

Hyperparams:
input_size: 9, h: 1, lr: 9.111128578776764e-05, batch: 32, encoder n layers: 3, decoder layers: 3",2026-01-18T19:33:59
2022_cluster_0,Ituiutaba,2022-12-31T00:00:00,1.75,1.1061264,36.79,validacao,V44,LSTM,"/media/marcos/Marcos/Codigos/Predicao_Cafe_Arabica/Teste_2_reuniao_16_dez_ajuste_seed_16_01_2026/temp_models/trial_91
Modelo LSTM. Treino: 2012 a 2021. Validação: 2022. Teste: 2023.
Dataset: V44. Log Transform: Não.
Obs: ajuste de seed

Hyperparams:
input_size: 9, h: 1, lr: 9.111128578776764e-05, batch: 32, encoder n layers: 3, decoder layers: 3",2026-01-18T19:33:59
2022_cluster_0,Itumirim,2022-12-31T00:00:00,1.249307479224377,1.3141643,5.19,validacao,V44,LSTM,"/media/marcos/Marcos/Codigos/Predicao_Cafe_Arabica/Teste_2_reuniao_16_dez_ajuste_seed_16_01_2026/temp_models/trial_91
Modelo LSTM. Treino: 2012 a 2021. Validação: 2022. Teste: 2023.
Dataset: V44. Log Transform: Não.
Obs: ajuste de seed

Hyperparams:
input_size: 9, h: 1, lr: 9.111128578776764e-05, batch: 32, encoder n layers: 3, decoder layers: 3",2026-01-18T19:33:59
2022_cluster_0,Lajinha,2022-12-31T00:00:00,1.419975786924939,1.096323,22.79,validacao,V44,LSTM,"/media/marcos/Marcos/Codigos/Predicao_Cafe_Arabica/Teste_2_reuniao_16_dez_ajuste_seed_16_01_2026/temp_models/trial_91
Modelo LSTM. Treino: 2012 a 2021. Validação: 2022. Teste: 2023.
Dataset: V44. Log Transform: Não.
Obs: ajuste de seed

Hyperparams:
input_size: 9, h: 1, lr: 9.111128578776764e-05, batch: 32, encoder n layers: 3, decoder layers: 3",2026-01-18T19:33:59
2022_cluster_0,Lavras,2022-12-31T00:00:00,1.260078277886497,1.258171,0.15,validacao,V44,LSTM,"/media/marcos/Marcos/Codigos/Predicao_Cafe_Arabica/Teste_2_reuniao_16_dez_ajuste_seed_16_01_2026/temp_models/trial_91
Modelo LSTM. Treino: 2012 a 2021. Validação: 2022. Teste: 2023.
Dataset: V44. Log Transform: Não.
Obs: ajuste de seed

Hyperparams:
input_size: 9, h: 1, lr: 9.111128578776764e-05, batch: 32, encoder n layers: 3, decoder layers: 3",2026-01-18T19:33:59
2022_cluster_0,Luisburgo,2022-12-31T00:00:00,1.5,1.4210627,5.26,validacao,V44,LSTM,"/media/marcos/Marcos/Codigos/Predicao_Cafe_Arabica/Teste_2_reuniao_16_dez_ajuste_seed_16_01_2026/temp_models/trial_91
Modelo LSTM. Treino: 2012 a 2021. Validação: 2022. Teste: 2023.
Dataset: V44. Log Transform: Não.
Obs: ajuste de seed

Hyperparams:
input_size: 9, h: 1, lr: 9.111128578776764e-05, batch: 32, encoder n layers: 3, decoder layers: 3",2026-01-18T19:33:59
2022_cluster_0,Machado,2022-12-31T00:00:00,0.964047619047619,1.145717,18.84,validacao,V44,LSTM,"/media/marcos/Marcos/Codigos/Predicao_Cafe_Arabica/Teste_2_reuniao_16_dez_ajuste_seed_16_01_2026/temp_models/trial_91
Modelo LSTM. Treino: 2012 a 2021. Validação: 2022. Teste: 2023.
Dataset: V44. Log Transform: Não.
Obs: ajuste de seed

Hyperparams:
input_size: 9, h: 1, lr: 9.111128578776764e-05, batch: 32, encoder n layers: 3, decoder layers: 3",2026-01-18T19:33:59
2022_cluster_0,Manhuacu,2022-12-31T00:00:00,1.44,1.2777655,11.27,validacao,V44,LSTM,"/media/marcos/Marcos/Codigos/Predicao_Cafe_Arabica/Teste_2_reuniao_16_dez_ajuste_seed_16_01_2026/temp_models/trial_91
Modelo LSTM. Treino: 2012 a 2021. Validação: 2022. Teste: 2023.
Dataset: V44. Log Transform: Não.
Obs: ajuste de seed

Hyperparams:
input_size: 9, h: 1, lr: 9.111128578776764e-05, batch: 32, encoder n layers: 3, decoder layers: 3",2026-01-18T19:33:59
2022_cluster_0,Manhumirim,2022-12-31T00:00:00,1.38,1.1384484,17.5,validacao,V44,LSTM,"/media/marcos/Marcos/Codigos/Predicao_Cafe_Arabica/Teste_2_reuniao_16_dez_ajuste_seed_16_01_2026/temp_models/trial_91
Modelo LSTM. Treino: 2012 a 2021. Validação: 2022. Teste: 2023.
Dataset: V44. Log Transform: Não.
Obs: ajuste de seed

Hyperparams:
input_size: 9, h: 1, lr: 9.111128578776764e-05, batch: 32, encoder n layers: 3, decoder layers: 3",2026-01-18T19:33:59
2022_cluster_0,Martins_Soares,2022-12-31T00:00:00,1.38,1.3716538,0.6,validacao,V44,LSTM,"/media/marcos/Marcos/Codigos/Predicao_Cafe_Arabica/Teste_2_reuniao_16_dez_ajuste_seed_16_01_2026/temp_models/trial_91
Modelo LSTM. Treino: 2012 a 2021. Validação: 2022. Teste: 2023.
Dataset: V44. Log Transform: Não.
Obs: ajuste de seed

Hyperparams:
input_size: 9, h: 1, lr: 9.111128578776764e-05, batch: 32, encoder n layers: 3, decoder layers: 3",2026-01-18T19:33:59
2022_cluster_0,Matipo,2022-12-31T00:00:00,1.26,1.2990544,3.1,validacao,V44,LSTM,"/media/marcos/Marcos/Codigos/Predicao_Cafe_Arabica/Teste_2_reuniao_16_dez_ajuste_seed_16_01_2026/temp_models/trial_91
Modelo LSTM. Treino: 2012 a 2021. Validação: 2022. Teste: 2023.
Dataset: V44. Log Transform: Não.
Obs: ajuste de seed

Hyperparams:
input_size: 9, h: 1, lr: 9.111128578776764e-05, batch: 32, encoder n layers: 3, decoder layers: 3",2026-01-18T19:33:59
2022_cluster_0,Medeiros,2022-12-31T00:00:00,1.5,1.339702,10.69,validacao,V44,LSTM,"/media/marcos/Marcos/Codigos/Predicao_Cafe_Arabica/Teste_2_reuniao_16_dez_ajuste_seed_16_01_2026/temp_models/trial_91
Modelo LSTM. Treino: 2012 a 2021. Validação: 2022. Teste: 2023.
Dataset: V44. Log Transform: Não.
Obs: ajuste de seed

Hyperparams:
input_size: 9, h: 1, lr: 9.111128578776764e-05, batch: 32, encoder n layers: 3, decoder layers: 3",2026-01-18T19:33:59
2022_cluster_0,Miradouro,2022-12-31T00:00:00,0.96,1.0378199,8.11,validacao,V44,LSTM,"/media/marcos/Marcos/Codigos/Predicao_Cafe_Arabica/Teste_2_reuniao_16_dez_ajuste_seed_16_01_2026/temp_models/trial_91
Modelo LSTM. Treino: 2012 a 2021. Validação: 2022. Teste: 2023.
Dataset: V44. Log Transform: Não.
Obs: ajuste de seed

Hyperparams:
input_size: 9, h: 1, lr: 9.111128578776764e-05, batch: 32, encoder n layers: 3, decoder layers: 3",2026-01-18T19:33:59
2022_cluster_0,Mirai,2022-12-31T00:00:00,1.2,0.976867,18.59,validacao,V44,LSTM,"/media/marcos/Marcos/Codigos/Predicao_Cafe_Arabica/Teste_2_reuniao_16_dez_ajuste_seed_16_01_2026/temp_models/trial_91
Modelo LSTM. Treino: 2012 a 2021. Validação: 2022. Teste: 2023.
Dataset: V44. Log Transform: Não.
Obs: ajuste de seed

Hyperparams:
input_size: 9, h: 1, lr: 9.111128578776764e-05, batch: 32, encoder n layers: 3, decoder layers: 3",2026-01-18T19:33:59
2022_cluster_0,Moeda,2022-12-31T00:00:00,1.25,1.327417,6.19,validacao,V44,LSTM,"/media/marcos/Marcos/Codigos/Predicao_Cafe_Arabica/Teste_2_reuniao_16_dez_ajuste_seed_16_01_2026/temp_models/trial_91
Modelo LSTM. Treino: 2012 a 2021. Validação: 2022. Teste: 2023.
Dataset: V44. Log Transform: Não.
Obs: ajuste de seed

Hyperparams:
input_size: 9, h: 1, lr: 9.111128578776764e-05, batch: 32, encoder n layers: 3, decoder layers: 3",2026-01-18T19:33:59
2022_cluster_0,Muriae,2022-12-31T00:00:00,0.9897142857142858,0.8744483,11.65,validacao,V44,LSTM,"/media/marcos/Marcos/Codigos/Predicao_Cafe_Arabica/Teste_2_reuniao_16_dez_ajuste_seed_16_01_2026/temp_models/trial_91
Modelo LSTM. Treino: 2012 a 2021. Validação: 2022. Teste: 2023.
Dataset: V44. Log Transform: Não.
Obs: ajuste de seed

Hyperparams:
input_size: 9, h: 1, lr: 9.111128578776764e-05, batch: 32, encoder n layers: 3, decoder layers: 3",2026-01-18T19:33:59
2022_cluster_0,Mutum,2022-12-31T00:00:00,1.379940564635958,1.3768793,0.22,validacao,V44,LSTM,"/media/marcos/Marcos/Codigos/Predicao_Cafe_Arabica/Teste_2_reuniao_16_dez_ajuste_seed_16_01_2026/temp_models/trial_91
Modelo LSTM. Treino: 2012 a 2021. Validação: 2022. Teste: 2023.
Dataset: V44. Log Transform: Não.
Obs: ajuste de seed

Hyperparams:
input_size: 9, h: 1, lr: 9.111128578776764e-05, batch: 32, encoder n layers: 3, decoder layers: 3",2026-01-18T19:33:59
2022_cluster_0,Nazareno,2022-12-31T00:00:00,1.319811320754717,1.5723765,19.14,validacao,V44,LSTM,"/media/marcos/Marcos/Codigos/Predicao_Cafe_Arabica/Teste_2_reuniao_16_dez_ajuste_seed_16_01_2026/temp_models/trial_91
Modelo LSTM. Treino: 2012 a 2021. Validação: 2022. Teste: 2023.
Dataset: V44. Log Transform: Não.
Obs: ajuste de seed

Hyperparams:
input_size: 9, h: 1, lr: 9.111128578776764e-05, batch: 32, encoder n layers: 3, decoder layers: 3",2026-01-18T19:33:59
2022_cluster_0,Nepomuceno,2022-12-31T00:00:00,0.8699884125144843,1.2719353,46.2,validacao,V44,LSTM,"/media/marcos/Marcos/Codigos/Predicao_Cafe_Arabica/Teste_2_reuniao_16_dez_ajuste_seed_16_01_2026/temp_models/trial_91
Modelo LSTM. Treino: 2012 a 2021. Validação: 2022. Teste: 2023.
Dataset: V44. Log Transform: Não.
Obs: ajuste de seed

Hyperparams:
input_size: 9, h: 1, lr: 9.111128578776764e-05, batch: 32, encoder n layers: 3, decoder layers: 3",2026-01-18T19:33:59
2022_cluster_0,Oliveira,2022-12-31T00:00:00,1.535560504825538,1.6584374,8.0,validacao,V44,LSTM,"/media/marcos/Marcos/Codigos/Predicao_Cafe_Arabica/Teste_2_reuniao_16_dez_ajuste_seed_16_01_2026/temp_models/trial_91
Modelo LSTM. Treino: 2012 a 2021. Validação: 2022. Teste: 2023.
Dataset: V44. Log Transform: Não.
Obs: ajuste de seed

Hyperparams:
input_size: 9, h: 1, lr: 9.111128578776764e-05, batch: 32, encoder n layers: 3, decoder layers: 3",2026-01-18T19:33:59
2022_cluster_0,Orizania,2022-12-31T00:00:00,1.5,1.2528918,16.47,validacao,V44,LSTM,"/media/marcos/Marcos/Codigos/Predicao_Cafe_Arabica/Teste_2_reuniao_16_dez_ajuste_seed_16_01_2026/temp_models/trial_91
Modelo LSTM. Treino: 2012 a 2021. Validação: 2022. Teste: 2023.
Dataset: V44. Log Transform: Não.
Obs: ajuste de seed

Hyperparams:
input_size: 9, h: 1, lr: 9.111128578776764e-05, batch: 32, encoder n layers: 3, decoder layers: 3",2026-01-18T19:33:59
2022_cluster_0,Paraguacu,2022-12-31T00:00:00,1.043954802259887,0.8986906,13.91,validacao,V44,LSTM,"/media/marcos/Marcos/Codigos/Predicao_Cafe_Arabica/Teste_2_reuniao_16_dez_ajuste_seed_16_01_2026/temp_models/trial_91
Modelo LSTM. Treino: 2012 a 2021. Validação: 2022. Teste: 2023.
Dataset: V44. Log Transform: Não.
Obs: ajuste de seed

Hyperparams:
input_size: 9, h: 1, lr: 9.111128578776764e-05, batch: 32, encoder n layers: 3, decoder layers: 3",2026-01-18T19:33:59
2022_cluster_0,Passa_Tempo,2022-12-31T00:00:00,1.507692307692308,1.644083,9.05,validacao,V44,LSTM,"/media/marcos/Marcos/Codigos/Predicao_Cafe_Arabica/Teste_2_reuniao_16_dez_ajuste_seed_16_01_2026/temp_models/trial_91
Modelo LSTM. Treino: 2012 a 2021. Validação: 2022. Teste: 2023.
Dataset: V44. Log Transform: Não.
Obs: ajuste de seed

Hyperparams:
input_size: 9, h: 1, lr: 9.111128578776764e-05, batch: 32, encoder n layers: 3, decoder layers: 3",2026-01-18T19:33:59
2022_cluster_0,Perdoes,2022-12-31T00:00:00,1.259859154929577,1.4781821,17.33,validacao,V44,LSTM,"/media/marcos/Marcos/Codigos/Predicao_Cafe_Arabica/Teste_2_reuniao_16_dez_ajuste_seed_16_01_2026/temp_models/trial_91
Modelo LSTM. Treino: 2012 a 2021. Validação: 2022. Teste: 2023.
Dataset: V44. Log Transform: Não.
Obs: ajuste de seed

Hyperparams:
input_size: 9, h: 1, lr: 9.111128578776764e-05, batch: 32, encoder n layers: 3, decoder layers: 3",2026-01-18T19:33:59
2022_cluster_0,Pimenta,2022-12-31T00:00:00,1.350232558139535,1.3142836,2.66,validacao,V44,LSTM,"/media/marcos/Marcos/Codigos/Predicao_Cafe_Arabica/Teste_2_reuniao_16_dez_ajuste_seed_16_01_2026/temp_models/trial_91
Modelo LSTM. Treino: 2012 a 2021. Validação: 2022. Teste: 2023.
Dataset: V44. Log Transform: Não.
Obs: ajuste de seed

Hyperparams:
input_size: 9, h: 1, lr: 9.111128578776764e-05, batch: 32, encoder n layers: 3, decoder layers: 3",2026-01-18T19:33:59
2022_cluster_0,Piranga,2022-12-31T00:00:00,1.8,1.9772754,9.85,validacao,V44,LSTM,"/media/marcos/Marcos/Codigos/Predicao_Cafe_Arabica/Teste_2_reuniao_16_dez_ajuste_seed_16_01_2026/temp_models/trial_91
Modelo LSTM. Treino: 2012 a 2021. Validação: 2022. Teste: 2023.
Dataset: V44. Log Transform: Não.
Obs: ajuste de seed

Hyperparams:
input_size: 9, h: 1, lr: 9.111128578776764e-05, batch: 32, encoder n layers: 3, decoder layers: 3",2026-01-18T19:33:59
2022_cluster_0,Piumhi,2022-12-31T00:00:00,1.2,1.2771271,6.43,validacao,V44,LSTM,"/media/marcos/Marcos/Codigos/Predicao_Cafe_Arabica/Teste_2_reuniao_16_dez_ajuste_seed_16_01_2026/temp_models/trial_91
Modelo LSTM. Treino: 2012 a 2021. Validação: 2022. Teste: 2023.
Dataset: V44. Log Transform: Não.
Obs: ajuste de seed

Hyperparams:
input_size: 9, h: 1, lr: 9.111128578776764e-05, batch: 32, encoder n layers: 3, decoder layers: 3",2026-01-18T19:33:59
2022_cluster_0,Ponte_Nova,2022-12-31T00:00:00,1.25,1.2397982,0.82,validacao,V44,LSTM,"/media/marcos/Marcos/Codigos/Predicao_Cafe_Arabica/Teste_2_reuniao_16_dez_ajuste_seed_16_01_2026/temp_models/trial_91
Modelo LSTM. Treino: 2012 a 2021. Validação: 2022. Teste: 2023.
Dataset: V44. Log Transform: Não.
Obs: ajuste de seed

Hyperparams:
input_size: 9, h: 1, lr: 9.111128578776764e-05, batch: 32, encoder n layers: 3, decoder layers: 3",2026-01-18T19:33:59
2022_cluster_0,Porto_Firme,2022-12-31T00:00:00,1.32,1.2318944,6.67,validacao,V44,LSTM,"/media/marcos/Marcos/Codigos/Predicao_Cafe_Arabica/Teste_2_reuniao_16_dez_ajuste_seed_16_01_2026/temp_models/trial_91
Modelo LSTM. Treino: 2012 a 2021. Validação: 2022. Teste: 2023.
Dataset: V44. Log Transform: Não.
Obs: ajuste de seed

Hyperparams:
input_size: 9, h: 1, lr: 9.111128578776764e-05, batch: 32, encoder n layers: 3, decoder layers: 3",2026-01-18T19:33:59
2022_cluster_0,Raul_Soares,2022-12-31T00:00:00,0.8399548532731377,1.1660501,38.82,validacao,V44,LSTM,"/media/marcos/Marcos/Codigos/Predicao_Cafe_Arabica/Teste_2_reuniao_16_dez_ajuste_seed_16_01_2026/temp_models/trial_91
Modelo LSTM. Treino: 2012 a 2021. Validação: 2022. Teste: 2023.
Dataset: V44. Log Transform: Não.
Obs: ajuste de seed

Hyperparams:
input_size: 9, h: 1, lr: 9.111128578776764e-05, batch: 32, encoder n layers: 3, decoder layers: 3",2026-01-18T19:33:59
2022_cluster_0,Reduto,2022-12-31T00:00:00,1.260059171597633,1.3698797,8.72,validacao,V44,LSTM,"/media/marcos/Marcos/Codigos/Predicao_Cafe_Arabica/Teste_2_reuniao_16_dez_ajuste_seed_16_01_2026/temp_models/trial_91
Modelo LSTM. Treino: 2012 a 2021. Validação: 2022. Teste: 2023.
Dataset: V44. Log Transform: Não.
Obs: ajuste de seed

Hyperparams:
input_size: 9, h: 1, lr: 9.111128578776764e-05, batch: 32, encoder n layers: 3, decoder layers: 3",2026-01-18T19:33:59
2022_cluster_0,Ribeirao_Vermelho,2022-12-31T00:00:00,1.32,1.3076248,0.94,validacao,V44,LSTM,"/media/marcos/Marcos/Codigos/Predicao_Cafe_Arabica/Teste_2_reuniao_16_dez_ajuste_seed_16_01_2026/temp_models/trial_91
Modelo LSTM. Treino: 2012 a 2021. Validação: 2022. Teste: 2023.
Dataset: V44. Log Transform: Não.
Obs: ajuste de seed

Hyperparams:
input_size: 9, h: 1, lr: 9.111128578776764e-05, batch: 32, encoder n layers: 3, decoder layers: 3",2026-01-18T19:33:59
2022_cluster_0,Ritapolis,2022-12-31T00:00:00,1.8,1.5955336,11.36,validacao,V44,LSTM,"/media/marcos/Marcos/Codigos/Predicao_Cafe_Arabica/Teste_2_reuniao_16_dez_ajuste_seed_16_01_2026/temp_models/trial_91
Modelo LSTM. Treino: 2012 a 2021. Validação: 2022. Teste: 2023.
Dataset: V44. Log Transform: Não.
Obs: ajuste de seed

Hyperparams:
input_size: 9, h: 1, lr: 9.111128578776764e-05, batch: 32, encoder n layers: 3, decoder layers: 3",2026-01-18T19:33:59
2022_cluster_0,Rosario_da_Limeira,2022-12-31T00:00:00,1.02,0.93707573,8.13,validacao,V44,LSTM,"/media/marcos/Marcos/Codigos/Predicao_Cafe_Arabica/Teste_2_reuniao_16_dez_ajuste_seed_16_01_2026/temp_models/trial_91
Modelo LSTM. Treino: 2012 a 2021. Validação: 2022. Teste: 2023.
Dataset: V44. Log Transform: Não.
Obs: ajuste de seed

Hyperparams:
input_size: 9, h: 1, lr: 9.111128578776764e-05, batch: 32, encoder n layers: 3, decoder layers: 3",2026-01-18T19:33:59
2022_cluster_0,Santa_Barbara_do_Leste,2022-12-31T00:00:00,1.05015873015873,1.297655,23.57,validacao,V44,LSTM,"/media/marcos/Marcos/Codigos/Predicao_Cafe_Arabica/Teste_2_reuniao_16_dez_ajuste_seed_16_01_2026/temp_models/trial_91
Modelo LSTM. Treino: 2012 a 2021. Validação: 2022. Teste: 2023.
Dataset: V44. Log Transform: Não.
Obs: ajuste de seed

Hyperparams:
input_size: 9, h: 1, lr: 9.111128578776764e-05, batch: 32, encoder n layers: 3, decoder layers: 3",2026-01-18T19:33:59
2022_cluster_0,Santa_Margarida,2022-12-31T00:00:00,1.38,1.3125188,4.89,validacao,V44,LSTM,"/media/marcos/Marcos/Codigos/Predicao_Cafe_Arabica/Teste_2_reuniao_16_dez_ajuste_seed_16_01_2026/temp_models/trial_91
Modelo LSTM. Treino: 2012 a 2021. Validação: 2022. Teste: 2023.
Dataset: V44. Log Transform: Não.
Obs: ajuste de seed

Hyperparams:
input_size: 9, h: 1, lr: 9.111128578776764e-05, batch: 32, encoder n layers: 3, decoder layers: 3",2026-01-18T19:33:59
2022_cluster_0,Santa_Rita_de_Minas,2022-12-31T00:00:00,1.019909502262443,1.2963694,27.11,validacao,V44,LSTM,"/media/marcos/Marcos/Codigos/Predicao_Cafe_Arabica/Teste_2_reuniao_16_dez_ajuste_seed_16_01_2026/temp_models/trial_91
Modelo LSTM. Treino: 2012 a 2021. Validação: 2022. Teste: 2023.
Dataset: V44. Log Transform: Não.
Obs: ajuste de seed

Hyperparams:
input_size: 9, h: 1, lr: 9.111128578776764e-05, batch: 32, encoder n layers: 3, decoder layers: 3",2026-01-18T19:33:59
2022_cluster_0,Santa_Rita_do_Itueto,2022-12-31T00:00:00,1.64,1.10162,32.83,validacao,V44,LSTM,"/media/marcos/Marcos/Codigos/Predicao_Cafe_Arabica/Teste_2_reuniao_16_dez_ajuste_seed_16_01_2026/temp_models/trial_91
Modelo LSTM. Treino: 2012 a 2021. Validação: 2022. Teste: 2023.
Dataset: V44. Log Transform: Não.
Obs: ajuste de seed

Hyperparams:
input_size: 9, h: 1, lr: 9.111128578776764e-05, batch: 32, encoder n layers: 3, decoder layers: 3",2026-01-18T19:33:59
2022_cluster_0,Santana_da_Vargem,2022-12-31T00:00:00,0.9900921658986176,1.2646359,27.73,validacao,V44,LSTM,"/media/marcos/Marcos/Codigos/Predicao_Cafe_Arabica/Teste_2_reuniao_16_dez_ajuste_seed_16_01_2026/temp_models/trial_91
Modelo LSTM. Treino: 2012 a 2021. Validação: 2022. Teste: 2023.
Dataset: V44. Log Transform: Não.
Obs: ajuste de seed

Hyperparams:
input_size: 9, h: 1, lr: 9.111128578776764e-05, batch: 32, encoder n layers: 3, decoder layers: 3",2026-01-18T19:33:59
2022_cluster_0,Santana_do_Jacare,2022-12-31T00:00:00,1.5,1.1387719,24.08,validacao,V44,LSTM,"/media/marcos/Marcos/Codigos/Predicao_Cafe_Arabica/Teste_2_reuniao_16_dez_ajuste_seed_16_01_2026/temp_models/trial_91
Modelo LSTM. Treino: 2012 a 2021. Validação: 2022. Teste: 2023.
Dataset: V44. Log Transform: Não.
Obs: ajuste de seed

Hyperparams:
input_size: 9, h: 1, lr: 9.111128578776764e-05, batch: 32, encoder n layers: 3, decoder layers: 3",2026-01-18T19:33:59
2022_cluster_0,Santana_do_Manhuacu,2022-12-31T00:00:00,1.26,1.4833655,17.73,validacao,V44,LSTM,"/media/marcos/Marcos/Codigos/Predicao_Cafe_Arabica/Teste_2_reuniao_16_dez_ajuste_seed_16_01_2026/temp_models/trial_91
Modelo LSTM. Treino: 2012 a 2021. Validação: 2022. Teste: 2023.
Dataset: V44. Log Transform: Não.
Obs: ajuste de seed

Hyperparams:
input_size: 9, h: 1, lr: 9.111128578776764e-05, batch: 32, encoder n layers: 3, decoder layers: 3",2026-01-18T19:33:59
2022_cluster_0,Sao_Domingos_das_Dores,2022-12-31T00:00:00,1.2,1.3704809,14.21,validacao,V44,LSTM,"/media/marcos/Marcos/Codigos/Predicao_Cafe_Arabica/Teste_2_reuniao_16_dez_ajuste_seed_16_01_2026/temp_models/trial_91
Modelo LSTM. Treino: 2012 a 2021. Validação: 2022. Teste: 2023.
Dataset: V44. Log Transform: Não.
Obs: ajuste de seed

Hyperparams:
input_size: 9, h: 1, lr: 9.111128578776764e-05, batch: 32, encoder n layers: 3, decoder layers: 3",2026-01-18T19:33:59
2022_cluster_0,Sao_Francisco_de_Paula,2022-12-31T00:00:00,1.62,1.4450034,10.8,validacao,V44,LSTM,"/media/marcos/Marcos/Codigos/Predicao_Cafe_Arabica/Teste_2_reuniao_16_dez_ajuste_seed_16_01_2026/temp_models/trial_91
Modelo LSTM. Treino: 2012 a 2021. Validação: 2022. Teste: 2023.
Dataset: V44. Log Transform: Não.
Obs: ajuste de seed

Hyperparams:
input_size: 9, h: 1, lr: 9.111128578776764e-05, batch: 32, encoder n layers: 3, decoder layers: 3",2026-01-18T19:33:59
2022_cluster_0,Sao_Francisco_do_Gloria,2022-12-31T00:00:00,0.9601476014760147,0.8177298,14.83,validacao,V44,LSTM,"/media/marcos/Marcos/Codigos/Predicao_Cafe_Arabica/Teste_2_reuniao_16_dez_ajuste_seed_16_01_2026/temp_models/trial_91
Modelo LSTM. Treino: 2012 a 2021. Validação: 2022. Teste: 2023.
Dataset: V44. Log Transform: Não.
Obs: ajuste de seed

Hyperparams:
input_size: 9, h: 1, lr: 9.111128578776764e-05, batch: 32, encoder n layers: 3, decoder layers: 3",2026-01-18T19:33:59
2022_cluster_0,Sao_Joao_do_Manhuacu,2022-12-31T00:00:00,1.2,1.3037715,8.65,validacao,V44,LSTM,"/media/marcos/Marcos/Codigos/Predicao_Cafe_Arabica/Teste_2_reuniao_16_dez_ajuste_seed_16_01_2026/temp_models/trial_91
Modelo LSTM. Treino: 2012 a 2021. Validação: 2022. Teste: 2023.
Dataset: V44. Log Transform: Não.
Obs: ajuste de seed

Hyperparams:
input_size: 9, h: 1, lr: 9.111128578776764e-05, batch: 32, encoder n layers: 3, decoder layers: 3",2026-01-18T19:33:59
2022_cluster_0,Sao_Jose_do_Mantimento,2022-12-31T00:00:00,1.499236641221374,1.4562666,2.87,validacao,V44,LSTM,"/media/marcos/Marcos/Codigos/Predicao_Cafe_Arabica/Teste_2_reuniao_16_dez_ajuste_seed_16_01_2026/temp_models/trial_91
Modelo LSTM. Treino: 2012 a 2021. Validação: 2022. Teste: 2023.
Dataset: V44. Log Transform: Não.
Obs: ajuste de seed

Hyperparams:
input_size: 9, h: 1, lr: 9.111128578776764e-05, batch: 32, encoder n layers: 3, decoder layers: 3",2026-01-18T19:33:59
2022_cluster_0,Sao_Roque_de_Minas,2022-12-31T00:00:00,1.32,1.2449995,5.68,validacao,V44,LSTM,"/media/marcos/Marcos/Codigos/Predicao_Cafe_Arabica/Teste_2_reuniao_16_dez_ajuste_seed_16_01_2026/temp_models/trial_91
Modelo LSTM. Treino: 2012 a 2021. Validação: 2022. Teste: 2023.
Dataset: V44. Log Transform: Não.
Obs: ajuste de seed

Hyperparams:
input_size: 9, h: 1, lr: 9.111128578776764e-05, batch: 32, encoder n layers: 3, decoder layers: 3",2026-01-18T19:33:59
2022_cluster_0,Sao_Tiago,2022-12-31T00:00:00,1.321052631578947,1.9472585,47.4,validacao,V44,LSTM,"/media/marcos/Marcos/Codigos/Predicao_Cafe_Arabica/Teste_2_reuniao_16_dez_ajuste_seed_16_01_2026/temp_models/trial_91
Modelo LSTM. Treino: 2012 a 2021. Validação: 2022. Teste: 2023.
Dataset: V44. Log Transform: Não.
Obs: ajuste de seed

Hyperparams:
input_size: 9, h: 1, lr: 9.111128578776764e-05, batch: 32, encoder n layers: 3, decoder layers: 3",2026-01-18T19:33:59
2022_cluster_0,Sao_Tomas_de_Aquino,2022-12-31T00:00:00,1.2,1.1262276,6.15,validacao,V44,LSTM,"/media/marcos/Marcos/Codigos/Predicao_Cafe_Arabica/Teste_2_reuniao_16_dez_ajuste_seed_16_01_2026/temp_models/trial_91
Modelo LSTM. Treino: 2012 a 2021. Validação: 2022. Teste: 2023.
Dataset: V44. Log Transform: Não.
Obs: ajuste de seed

Hyperparams:
input_size: 9, h: 1, lr: 9.111128578776764e-05, batch: 32, encoder n layers: 3, decoder layers: 3",2026-01-18T19:33:59
2022_cluster_0,Senador_Firmino,2022-12-31T00:00:00,1.565217391304348,1.4546782,7.06,validacao,V44,LSTM,"/media/marcos/Marcos/Codigos/Predicao_Cafe_Arabica/Teste_2_reuniao_16_dez_ajuste_seed_16_01_2026/temp_models/trial_91
Modelo LSTM. Treino: 2012 a 2021. Validação: 2022. Teste: 2023.
Dataset: V44. Log Transform: Não.
Obs: ajuste de seed

Hyperparams:
input_size: 9, h: 1, lr: 9.111128578776764e-05, batch: 32, encoder n layers: 3, decoder layers: 3",2026-01-18T19:33:59
2022_cluster_0,Senhora_de_Oliveira,2022-12-31T00:00:00,1.5,1.6985328,13.24,validacao,V44,LSTM,"/media/marcos/Marcos/Codigos/Predicao_Cafe_Arabica/Teste_2_reuniao_16_dez_ajuste_seed_16_01_2026/temp_models/trial_91
Modelo LSTM. Treino: 2012 a 2021. Validação: 2022. Teste: 2023.
Dataset: V44. Log Transform: Não.
Obs: ajuste de seed

Hyperparams:
input_size: 9, h: 1, lr: 9.111128578776764e-05, batch: 32, encoder n layers: 3, decoder layers: 3",2026-01-18T19:33:59
2022_cluster_0,Sericita,2022-12-31T00:00:00,1.38,1.3052979,5.41,validacao,V44,LSTM,"/media/marcos/Marcos/Codigos/Predicao_Cafe_Arabica/Teste_2_reuniao_16_dez_ajuste_seed_16_01_2026/temp_models/trial_91
Modelo LSTM. Treino: 2012 a 2021. Validação: 2022. Teste: 2023.
Dataset: V44. Log Transform: Não.
Obs: ajuste de seed

Hyperparams:
input_size: 9, h: 1, lr: 9.111128578776764e-05, batch: 32, encoder n layers: 3, decoder layers: 3",2026-01-18T19:33:59
2022_cluster_0,Simonesia,2022-12-31T00:00:00,1.8,1.3039747,27.56,validacao,V44,LSTM,"/media/marcos/Marcos/Codigos/Predicao_Cafe_Arabica/Teste_2_reuniao_16_dez_ajuste_seed_16_01_2026/temp_models/trial_91
Modelo LSTM. Treino: 2012 a 2021. Validação: 2022. Teste: 2023.
Dataset: V44. Log Transform: Não.
Obs: ajuste de seed

Hyperparams:
input_size: 9, h: 1, lr: 9.111128578776764e-05, batch: 32, encoder n layers: 3, decoder layers: 3",2026-01-18T19:33:59
2022_cluster_0,Tapirai,2022-12-31T00:00:00,1.324520819563781,1.4634386,10.49,validacao,V44,LSTM,"/media/marcos/Marcos/Codigos/Predicao_Cafe_Arabica/Teste_2_reuniao_16_dez_ajuste_seed_16_01_2026/temp_models/trial_91
Modelo LSTM. Treino: 2012 a 2021. Validação: 2022. Teste: 2023.
Dataset: V44. Log Transform: Não.
Obs: ajuste de seed

Hyperparams:
input_size: 9, h: 1, lr: 9.111128578776764e-05, batch: 32, encoder n layers: 3, decoder layers: 3",2026-01-18T19:33:59
2022_cluster_0,Tombos,2022-12-31T00:00:00,1.2,0.74413013,37.99,validacao,V44,LSTM,"/media/marcos/Marcos/Codigos/Predicao_Cafe_Arabica/Teste_2_reuniao_16_dez_ajuste_seed_16_01_2026/temp_models/trial_91
Modelo LSTM. Treino: 2012 a 2021. Validação: 2022. Teste: 2023.
Dataset: V44. Log Transform: Não.
Obs: ajuste de seed

Hyperparams:
input_size: 9, h: 1, lr: 9.111128578776764e-05, batch: 32, encoder n layers: 3, decoder layers: 3",2026-01-18T19:33:59
2022_cluster_0,Tres_Pontas,2022-12-31T00:00:00,0.975023651844844,1.2122594,24.33,validacao,V44,LSTM,"/media/marcos/Marcos/Codigos/Predicao_Cafe_Arabica/Teste_2_reuniao_16_dez_ajuste_seed_16_01_2026/temp_models/trial_91
Modelo LSTM. Treino: 2012 a 2021. Validação: 2022. Teste: 2023.
Dataset: V44. Log Transform: Não.
Obs: ajuste de seed

Hyperparams:
input_size: 9, h: 1, lr: 9.111128578776764e-05, batch: 32, encoder n layers: 3, decoder layers: 3",2026-01-18T19:33:59
2022_cluster_0,Ubaporanga,2022-12-31T00:00:00,1.2,1.328526,10.71,validacao,V44,LSTM,"/media/marcos/Marcos/Codigos/Predicao_Cafe_Arabica/Teste_2_reuniao_16_dez_ajuste_seed_16_01_2026/temp_models/trial_91
Modelo LSTM. Treino: 2012 a 2021. Validação: 2022. Teste: 2023.
Dataset: V44. Log Transform: Não.
Obs: ajuste de seed

Hyperparams:
input_size: 9, h: 1, lr: 9.111128578776764e-05, batch: 32, encoder n layers: 3, decoder layers: 3",2026-01-18T19:33:59
2022_cluster_0,Vargem_Bonita,2022-12-31T00:00:00,1.235217391304348,1.4187319,14.86,validacao,V44,LSTM,"/media/marcos/Marcos/Codigos/Predicao_Cafe_Arabica/Teste_2_reuniao_16_dez_ajuste_seed_16_01_2026/temp_models/trial_91
Modelo LSTM. Treino: 2012 a 2021. Validação: 2022. Teste: 2023.
Dataset: V44. Log Transform: Não.
Obs: ajuste de seed

Hyperparams:
input_size: 9, h: 1, lr: 9.111128578776764e-05, batch: 32, encoder n layers: 3, decoder layers: 3",2026-01-18T19:33:59
2022_cluster_0,Vermelho_Novo,2022-12-31T00:00:00,0.9598214285714286,1.1664643,21.53,validacao,V44,LSTM,"/media/marcos/Marcos/Codigos/Predicao_Cafe_Arabica/Teste_2_reuniao_16_dez_ajuste_seed_16_01_2026/temp_models/trial_91
Modelo LSTM. Treino: 2012 a 2021. Validação: 2022. Teste: 2023.
Dataset: V44. Log Transform: Não.
Obs: ajuste de seed

Hyperparams:
input_size: 9, h: 1, lr: 9.111128578776764e-05, batch: 32, encoder n layers: 3, decoder layers: 3",2026-01-18T19:33:59
2022_cluster_0,Vicosa,2022-12-31T00:00:00,1.079768786127168,1.0051824,6.91,validacao,V44,LSTM,"/media/marcos/Marcos/Codigos/Predicao_Cafe_Arabica/Teste_2_reuniao_16_dez_ajuste_seed_16_01_2026/temp_models/trial_91
Modelo LSTM. Treino: 2012 a 2021. Validação: 2022. Teste: 2023.
Dataset: V44. Log Transform: Não.
Obs: ajuste de seed

Hyperparams:
input_size: 9, h: 1, lr: 9.111128578776764e-05, batch: 32, encoder n layers: 3, decoder layers: 3",2026-01-18T19:33:59
2022_cluster_0,Vieiras,2022-12-31T00:00:00,1.32,0.8432947,36.11,validacao,V44,LSTM,"/media/marcos/Marcos/Codigos/Predicao_Cafe_Arabica/Teste_2_reuniao_16_dez_ajuste_seed_16_01_2026/temp_models/trial_91
Modelo LSTM. Treino: 2012 a 2021. Validação: 2022. Teste: 2023.
Dataset: V44. Log Transform: Não.
Obs: ajuste de seed

Hyperparams:
input_size: 9, h: 1, lr: 9.111128578776764e-05, batch: 32, encoder n layers: 3, decoder layers: 3",2026-01-18T19:33:59
2022_cluster_0,Aguanil,2023-12-31T00:00:00,1.717774762550882,0.8481976,50.62,teste,V44,LSTM,"/media/marcos/Marcos/Codigos/Predicao_Cafe_Arabica/Teste_2_reuniao_16_dez_ajuste_seed_16_01_2026/temp_models/trial_91
Modelo LSTM. Treino: 2012 a 2021. Validação: 2022. Teste: 2023.
Dataset: V44. Log Transform: Não.
Obs: ajuste de seed

Hyperparams:
input_size: 9, h: 1, lr: 9.111128578776764e-05, batch: 32, encoder n layers: 3, decoder layers: 3",2026-01-18T19:33:59
2022_cluster_0,Alfenas,2023-12-31T00:00:00,1.698430922311519,0.6199802,63.5,teste,V44,LSTM,"/media/marcos/Marcos/Codigos/Predicao_Cafe_Arabica/Teste_2_reuniao_16_dez_ajuste_seed_16_01_2026/temp_models/trial_91
Modelo LSTM. Treino: 2012 a 2021. Validação: 2022. Teste: 2023.
Dataset: V44. Log Transform: Não.
Obs: ajuste de seed

Hyperparams:
input_size: 9, h: 1, lr: 9.111128578776764e-05, batch: 32, encoder n layers: 3, decoder layers: 3",2026-01-18T19:33:59
2022_cluster_0,Alto_Caparao,2023-12-31T00:00:00,1.32,0.9284171,29.67,teste,V44,LSTM,"/media/marcos/Marcos/Codigos/Predicao_Cafe_Arabica/Teste_2_reuniao_16_dez_ajuste_seed_16_01_2026/temp_models/trial_91
Modelo LSTM. Treino: 2012 a 2021. Validação: 2022. Teste: 2023.
Dataset: V44. Log Transform: Não.
Obs: ajuste de seed

Hyperparams:
input_size: 9, h: 1, lr: 9.111128578776764e-05, batch: 32, encoder n layers: 3, decoder layers: 3",2026-01-18T19:33:59
2022_cluster_0,Alto_Jequitiba,2023-12-31T00:00:00,1.08,0.807272,25.25,teste,V44,LSTM,"/media/marcos/Marcos/Codigos/Predicao_Cafe_Arabica/Teste_2_reuniao_16_dez_ajuste_seed_16_01_2026/temp_models/trial_91
Modelo LSTM. Treino: 2012 a 2021. Validação: 2022. Teste: 2023.
Dataset: V44. Log Transform: Não.
Obs: ajuste de seed

Hyperparams:
input_size: 9, h: 1, lr: 9.111128578776764e-05, batch: 32, encoder n layers: 3, decoder layers: 3",2026-01-18T19:33:59
2022_cluster_0,Amparo_do_Serra,2023-12-31T00:00:00,1.319444444444444,1.0406315,21.13,teste,V44,LSTM,"/media/marcos/Marcos/Codigos/Predicao_Cafe_Arabica/Teste_2_reuniao_16_dez_ajuste_seed_16_01_2026/temp_models/trial_91
Modelo LSTM. Treino: 2012 a 2021. Validação: 2022. Teste: 2023.
Dataset: V44. Log Transform: Não.
Obs: ajuste de seed

Hyperparams:
input_size: 9, h: 1, lr: 9.111128578776764e-05, batch: 32, encoder n layers: 3, decoder layers: 3",2026-01-18T19:33:59
2022_cluster_0,Araponga,2023-12-31T00:00:00,1.5,0.93011534,37.99,teste,V44,LSTM,"/media/marcos/Marcos/Codigos/Predicao_Cafe_Arabica/Teste_2_reuniao_16_dez_ajuste_seed_16_01_2026/temp_models/trial_91
Modelo LSTM. Treino: 2012 a 2021. Validação: 2022. Teste: 2023.
Dataset: V44. Log Transform: Não.
Obs: ajuste de seed

Hyperparams:
input_size: 9, h: 1, lr: 9.111128578776764e-05, batch: 32, encoder n layers: 3, decoder layers: 3",2026-01-18T19:33:59
2022_cluster_0,Astolfo_Dutra,2023-12-31T00:00:00,0.625,0.44699186,28.48,teste,V44,LSTM,"/media/marcos/Marcos/Codigos/Predicao_Cafe_Arabica/Teste_2_reuniao_16_dez_ajuste_seed_16_01_2026/temp_models/trial_91
Modelo LSTM. Treino: 2012 a 2021. Validação: 2022. Teste: 2023.
Dataset: V44. Log Transform: Não.
Obs: ajuste de seed

Hyperparams:
input_size: 9, h: 1, lr: 9.111128578776764e-05, batch: 32, encoder n layers: 3, decoder layers: 3",2026-01-18T19:33:59
2022_cluster_0,Bambui,2023-12-31T00:00:00,1.5,1.1830118,21.13,teste,V44,LSTM,"/media/marcos/Marcos/Codigos/Predicao_Cafe_Arabica/Teste_2_reuniao_16_dez_ajuste_seed_16_01_2026/temp_models/trial_91
Modelo LSTM. Treino: 2012 a 2021. Validação: 2022. Teste: 2023.
Dataset: V44. Log Transform: Não.
Obs: ajuste de seed

Hyperparams:
input_size: 9, h: 1, lr: 9.111128578776764e-05, batch: 32, encoder n layers: 3, decoder layers: 3",2026-01-18T19:33:59
2022_cluster_0,Boa_Esperanca,2023-12-31T00:00:00,1.08,0.7558644,30.01,teste,V44,LSTM,"/media/marcos/Marcos/Codigos/Predicao_Cafe_Arabica/Teste_2_reuniao_16_dez_ajuste_seed_16_01_2026/temp_models/trial_91
Modelo LSTM. Treino: 2012 a 2021. Validação: 2022. Teste: 2023.
Dataset: V44. Log Transform: Não.
Obs: ajuste de seed

Hyperparams:
input_size: 9, h: 1, lr: 9.111128578776764e-05, batch: 32, encoder n layers: 3, decoder layers: 3",2026-01-18T19:33:59
2022_cluster_0,Bom_Jesus_do_Galho,2023-12-31T00:00:00,1.200319233838787,0.58381814,51.36,teste,V44,LSTM,"/media/marcos/Marcos/Codigos/Predicao_Cafe_Arabica/Teste_2_reuniao_16_dez_ajuste_seed_16_01_2026/temp_models/trial_91
Modelo LSTM. Treino: 2012 a 2021. Validação: 2022. Teste: 2023.
Dataset: V44. Log Transform: Não.
Obs: ajuste de seed

Hyperparams:
input_size: 9, h: 1, lr: 9.111128578776764e-05, batch: 32, encoder n layers: 3, decoder layers: 3",2026-01-18T19:33:59
2022_cluster_0,Bom_Sucesso,2023-12-31T00:00:00,1.5,0.89215183,40.52,teste,V44,LSTM,"/media/marcos/Marcos/Codigos/Predicao_Cafe_Arabica/Teste_2_reuniao_16_dez_ajuste_seed_16_01_2026/temp_models/trial_91
Modelo LSTM. Treino: 2012 a 2021. Validação: 2022. Teste: 2023.
Dataset: V44. Log Transform: Não.
Obs: ajuste de seed

Hyperparams:
input_size: 9, h: 1, lr: 9.111128578776764e-05, batch: 32, encoder n layers: 3, decoder layers: 3",2026-01-18T19:33:59
2022_cluster_0,Caete,2023-12-31T00:00:00,1.166666666666667,1.0945863,6.18,teste,V44,LSTM,"/media/marcos/Marcos/Codigos/Predicao_Cafe_Arabica/Teste_2_reuniao_16_dez_ajuste_seed_16_01_2026/temp_models/trial_91
Modelo LSTM. Treino: 2012 a 2021. Validação: 2022. Teste: 2023.
Dataset: V44. Log Transform: Não.
Obs: ajuste de seed

Hyperparams:
input_size: 9, h: 1, lr: 9.111128578776764e-05, batch: 32, encoder n layers: 3, decoder layers: 3",2026-01-18T19:33:59
2022_cluster_0,Caiana,2023-12-31T00:00:00,1.08,0.7372736,31.73,teste,V44,LSTM,"/media/marcos/Marcos/Codigos/Predicao_Cafe_Arabica/Teste_2_reuniao_16_dez_ajuste_seed_16_01_2026/temp_models/trial_91
Modelo LSTM. Treino: 2012 a 2021. Validação: 2022. Teste: 2023.
Dataset: V44. Log Transform: Não.
Obs: ajuste de seed

Hyperparams:
input_size: 9, h: 1, lr: 9.111128578776764e-05, batch: 32, encoder n layers: 3, decoder layers: 3",2026-01-18T19:33:59
2022_cluster_0,Cajuri,2023-12-31T00:00:00,0.82,0.93255603,13.73,teste,V44,LSTM,"/media/marcos/Marcos/Codigos/Predicao_Cafe_Arabica/Teste_2_reuniao_16_dez_ajuste_seed_16_01_2026/temp_models/trial_91
Modelo LSTM. Treino: 2012 a 2021. Validação: 2022. Teste: 2023.
Dataset: V44. Log Transform: Não.
Obs: ajuste de seed

Hyperparams:
input_size: 9, h: 1, lr: 9.111128578776764e-05, batch: 32, encoder n layers: 3, decoder layers: 3",2026-01-18T19:33:59
2022_cluster_0,Camacho,2023-12-31T00:00:00,1.680155642023346,0.8806966,47.58,teste,V44,LSTM,"/media/marcos/Marcos/Codigos/Predicao_Cafe_Arabica/Teste_2_reuniao_16_dez_ajuste_seed_16_01_2026/temp_models/trial_91
Modelo LSTM. Treino: 2012 a 2021. Validação: 2022. Teste: 2023.
Dataset: V44. Log Transform: Não.
Obs: ajuste de seed

Hyperparams:
input_size: 9, h: 1, lr: 9.111128578776764e-05, batch: 32, encoder n layers: 3, decoder layers: 3",2026-01-18T19:33:59
2022_cluster_0,Campo_do_Meio,2023-12-31T00:00:00,0.8771626297577855,0.65567744,25.25,teste,V44,LSTM,"/media/marcos/Marcos/Codigos/Predicao_Cafe_Arabica/Teste_2_reuniao_16_dez_ajuste_seed_16_01_2026/temp_models/trial_91
Modelo LSTM. Treino: 2012 a 2021. Validação: 2022. Teste: 2023.
Dataset: V44. Log Transform: Não.
Obs: ajuste de seed

Hyperparams:
input_size: 9, h: 1, lr: 9.111128578776764e-05, batch: 32, encoder n layers: 3, decoder layers: 3",2026-01-18T19:33:59
2022_cluster_0,Campos_Altos,2023-12-31T00:00:00,1.380040526849037,1.1433952,17.15,teste,V44,LSTM,"/media/marcos/Marcos/Codigos/Predicao_Cafe_Arabica/Teste_2_reuniao_16_dez_ajuste_seed_16_01_2026/temp_models/trial_91
Modelo LSTM. Treino: 2012 a 2021. Validação: 2022. Teste: 2023.
Dataset: V44. Log Transform: Não.
Obs: ajuste de seed

Hyperparams:
input_size: 9, h: 1, lr: 9.111128578776764e-05, batch: 32, encoder n layers: 3, decoder layers: 3",2026-01-18T19:33:59
2022_cluster_0,Campos_Gerais,2023-12-31T00:00:00,1.560242401107029,0.7598387,51.3,teste,V44,LSTM,"/media/marcos/Marcos/Codigos/Predicao_Cafe_Arabica/Teste_2_reuniao_16_dez_ajuste_seed_16_01_2026/temp_models/trial_91
Modelo LSTM. Treino: 2012 a 2021. Validação: 2022. Teste: 2023.
Dataset: V44. Log Transform: Não.
Obs: ajuste de seed

Hyperparams:
input_size: 9, h: 1, lr: 9.111128578776764e-05, batch: 32, encoder n layers: 3, decoder layers: 3",2026-01-18T19:33:59
2022_cluster_0,Cana_Verde,2023-12-31T00:00:00,1.319642857142857,0.9185898,30.39,teste,V44,LSTM,"/media/marcos/Marcos/Codigos/Predicao_Cafe_Arabica/Teste_2_reuniao_16_dez_ajuste_seed_16_01_2026/temp_models/trial_91
Modelo LSTM. Treino: 2012 a 2021. Validação: 2022. Teste: 2023.
Dataset: V44. Log Transform: Não.
Obs: ajuste de seed

Hyperparams:
input_size: 9, h: 1, lr: 9.111128578776764e-05, batch: 32, encoder n layers: 3, decoder layers: 3",2026-01-18T19:33:59
2022_cluster_0,Canaa,2023-12-31T00:00:00,1.560135135135135,1.0427675,33.16,teste,V44,LSTM,"/media/marcos/Marcos/Codigos/Predicao_Cafe_Arabica/Teste_2_reuniao_16_dez_ajuste_seed_16_01_2026/temp_models/trial_91
Modelo LSTM. Treino: 2012 a 2021. Validação: 2022. Teste: 2023.
Dataset: V44. Log Transform: Não.
Obs: ajuste de seed

Hyperparams:
input_size: 9, h: 1, lr: 9.111128578776764e-05, batch: 32, encoder n layers: 3, decoder layers: 3",2026-01-18T19:33:59
2022_cluster_0,Candeias,2023-12-31T00:00:00,1.080032206119163,0.5845199,45.88,teste,V44,LSTM,"/media/marcos/Marcos/Codigos/Predicao_Cafe_Arabica/Teste_2_reuniao_16_dez_ajuste_seed_16_01_2026/temp_models/trial_91
Modelo LSTM. Treino: 2012 a 2021. Validação: 2022. Teste: 2023.
Dataset: V44. Log Transform: Não.
Obs: ajuste de seed

Hyperparams:
input_size: 9, h: 1, lr: 9.111128578776764e-05, batch: 32, encoder n layers: 3, decoder layers: 3",2026-01-18T19:33:59
2022_cluster_0,Caparao,2023-12-31T00:00:00,1.32,0.92577004,29.87,teste,V44,LSTM,"/media/marcos/Marcos/Codigos/Predicao_Cafe_Arabica/Teste_2_reuniao_16_dez_ajuste_seed_16_01_2026/temp_models/trial_91
Modelo LSTM. Treino: 2012 a 2021. Validação: 2022. Teste: 2023.
Dataset: V44. Log Transform: Não.
Obs: ajuste de seed

Hyperparams:
input_size: 9, h: 1, lr: 9.111128578776764e-05, batch: 32, encoder n layers: 3, decoder layers: 3",2026-01-18T19:33:59
2022_cluster_0,Capitolio,2023-12-31T00:00:00,1.32,0.87684464,33.57,teste,V44,LSTM,"/media/marcos/Marcos/Codigos/Predicao_Cafe_Arabica/Teste_2_reuniao_16_dez_ajuste_seed_16_01_2026/temp_models/trial_91
Modelo LSTM. Treino: 2012 a 2021. Validação: 2022. Teste: 2023.
Dataset: V44. Log Transform: Não.
Obs: ajuste de seed

Hyperparams:
input_size: 9, h: 1, lr: 9.111128578776764e-05, batch: 32, encoder n layers: 3, decoder layers: 3",2026-01-18T19:33:59
2022_cluster_0,Caputira,2023-12-31T00:00:00,1.380065005417118,1.0220091,25.94,teste,V44,LSTM,"/media/marcos/Marcos/Codigos/Predicao_Cafe_Arabica/Teste_2_reuniao_16_dez_ajuste_seed_16_01_2026/temp_models/trial_91
Modelo LSTM. Treino: 2012 a 2021. Validação: 2022. Teste: 2023.
Dataset: V44. Log Transform: Não.
Obs: ajuste de seed

Hyperparams:
input_size: 9, h: 1, lr: 9.111128578776764e-05, batch: 32, encoder n layers: 3, decoder layers: 3",2026-01-18T19:33:59
2022_cluster_0,Carangola,2023-12-31T00:00:00,1.140118343195266,0.74234116,34.89,teste,V44,LSTM,"/media/marcos/Marcos/Codigos/Predicao_Cafe_Arabica/Teste_2_reuniao_16_dez_ajuste_seed_16_01_2026/temp_models/trial_91
Modelo LSTM. Treino: 2012 a 2021. Validação: 2022. Teste: 2023.
Dataset: V44. Log Transform: Não.
Obs: ajuste de seed

Hyperparams:
input_size: 9, h: 1, lr: 9.111128578776764e-05, batch: 32, encoder n layers: 3, decoder layers: 3",2026-01-18T19:33:59
2022_cluster_0,Caratinga,2023-12-31T00:00:00,1.38,0.8271492,40.06,teste,V44,LSTM,"/media/marcos/Marcos/Codigos/Predicao_Cafe_Arabica/Teste_2_reuniao_16_dez_ajuste_seed_16_01_2026/temp_models/trial_91
Modelo LSTM. Treino: 2012 a 2021. Validação: 2022. Teste: 2023.
Dataset: V44. Log Transform: Não.
Obs: ajuste de seed

Hyperparams:
input_size: 9, h: 1, lr: 9.111128578776764e-05, batch: 32, encoder n layers: 3, decoder layers: 3",2026-01-18T19:33:59
2022_cluster_0,Carmo_da_Mata,2023-12-31T00:00:00,1.2,0.98539,17.88,teste,V44,LSTM,"/media/marcos/Marcos/Codigos/Predicao_Cafe_Arabica/Teste_2_reuniao_16_dez_ajuste_seed_16_01_2026/temp_models/trial_91
Modelo LSTM. Treino: 2012 a 2021. Validação: 2022. Teste: 2023.
Dataset: V44. Log Transform: Não.
Obs: ajuste de seed

Hyperparams:
input_size: 9, h: 1, lr: 9.111128578776764e-05, batch: 32, encoder n layers: 3, decoder layers: 3",2026-01-18T19:33:59
2022_cluster_0,Carmo_do_Rio_Claro,2023-12-31T00:00:00,1.816856256463288,1.1305538,37.77,teste,V44,LSTM,"/media/marcos/Marcos/Codigos/Predicao_Cafe_Arabica/Teste_2_reuniao_16_dez_ajuste_seed_16_01_2026/temp_models/trial_91
Modelo LSTM. Treino: 2012 a 2021. Validação: 2022. Teste: 2023.
Dataset: V44. Log Transform: Não.
Obs: ajuste de seed

Hyperparams:
input_size: 9, h: 1, lr: 9.111128578776764e-05, batch: 32, encoder n layers: 3, decoder layers: 3",2026-01-18T19:33:59
2022_cluster_0,Carmopolis_de_Minas,2023-12-31T00:00:00,1.5,1.2946879,13.69,teste,V44,LSTM,"/media/marcos/Marcos/Codigos/Predicao_Cafe_Arabica/Teste_2_reuniao_16_dez_ajuste_seed_16_01_2026/temp_models/trial_91
Modelo LSTM. Treino: 2012 a 2021. Validação: 2022. Teste: 2023.
Dataset: V44. Log Transform: Não.
Obs: ajuste de seed

Hyperparams:
input_size: 9, h: 1, lr: 9.111128578776764e-05, batch: 32, encoder n layers: 3, decoder layers: 3",2026-01-18T19:33:59
2022_cluster_0,Cassia,2023-12-31T00:00:00,1.63776493256262,0.9063704,44.66,teste,V44,LSTM,"/media/marcos/Marcos/Codigos/Predicao_Cafe_Arabica/Teste_2_reuniao_16_dez_ajuste_seed_16_01_2026/temp_models/trial_91
Modelo LSTM. Treino: 2012 a 2021. Validação: 2022. Teste: 2023.
Dataset: V44. Log Transform: Não.
Obs: ajuste de seed

Hyperparams:
input_size: 9, h: 1, lr: 9.111128578776764e-05, batch: 32, encoder n layers: 3, decoder layers: 3",2026-01-18T19:33:59
2022_cluster_0,Catas_Altas_da_Noruega,2023-12-31T00:00:00,1.1,0.72947943,33.68,teste,V44,LSTM,"/media/marcos/Marcos/Codigos/Predicao_Cafe_Arabica/Teste_2_reuniao_16_dez_ajuste_seed_16_01_2026/temp_models/trial_91
Modelo LSTM. Treino: 2012 a 2021. Validação: 2022. Teste: 2023.
Dataset: V44. Log Transform: Não.
Obs: ajuste de seed

Hyperparams:
input_size: 9, h: 1, lr: 9.111128578776764e-05, batch: 32, encoder n layers: 3, decoder layers: 3",2026-01-18T19:33:59
2022_cluster_0,Chale,2023-12-31T00:00:00,1.38,0.9860348,28.55,teste,V44,LSTM,"/media/marcos/Marcos/Codigos/Predicao_Cafe_Arabica/Teste_2_reuniao_16_dez_ajuste_seed_16_01_2026/temp_models/trial_91
Modelo LSTM. Treino: 2012 a 2021. Validação: 2022. Teste: 2023.
Dataset: V44. Log Transform: Não.
Obs: ajuste de seed

Hyperparams:
input_size: 9, h: 1, lr: 9.111128578776764e-05, batch: 32, encoder n layers: 3, decoder layers: 3",2026-01-18T19:33:59
2022_cluster_0,Claudio,2023-12-31T00:00:00,2.398692810457516,0.5443988,77.3,teste,V44,LSTM,"/media/marcos/Marcos/Codigos/Predicao_Cafe_Arabica/Teste_2_reuniao_16_dez_ajuste_seed_16_01_2026/temp_models/trial_91
Modelo LSTM. Treino: 2012 a 2021. Validação: 2022. Teste: 2023.
Dataset: V44. Log Transform: Não.
Obs: ajuste de seed

Hyperparams:
input_size: 9, h: 1, lr: 9.111128578776764e-05, batch: 32, encoder n layers: 3, decoder layers: 3",2026-01-18T19:33:59
2022_cluster_0,Conceicao_da_Barra_de_Minas,2023-12-31T00:00:00,1.680769230769231,0.9538832,43.25,teste,V44,LSTM,"/media/marcos/Marcos/Codigos/Predicao_Cafe_Arabica/Teste_2_reuniao_16_dez_ajuste_seed_16_01_2026/temp_models/trial_91
Modelo LSTM. Treino: 2012 a 2021. Validação: 2022. Teste: 2023.
Dataset: V44. Log Transform: Não.
Obs: ajuste de seed

Hyperparams:
input_size: 9, h: 1, lr: 9.111128578776764e-05, batch: 32, encoder n layers: 3, decoder layers: 3",2026-01-18T19:33:59
2022_cluster_0,Conceicao_de_Ipanema,2023-12-31T00:00:00,1.5,1.1246177,25.03,teste,V44,LSTM,"/media/marcos/Marcos/Codigos/Predicao_Cafe_Arabica/Teste_2_reuniao_16_dez_ajuste_seed_16_01_2026/temp_models/trial_91
Modelo LSTM. Treino: 2012 a 2021. Validação: 2022. Teste: 2023.
Dataset: V44. Log Transform: Não.
Obs: ajuste de seed

Hyperparams:
input_size: 9, h: 1, lr: 9.111128578776764e-05, batch: 32, encoder n layers: 3, decoder layers: 3",2026-01-18T19:33:59
2022_cluster_0,Coqueiral,2023-12-31T00:00:00,1.32,0.9168281,30.54,teste,V44,LSTM,"/media/marcos/Marcos/Codigos/Predicao_Cafe_Arabica/Teste_2_reuniao_16_dez_ajuste_seed_16_01_2026/temp_models/trial_91
Modelo LSTM. Treino: 2012 a 2021. Validação: 2022. Teste: 2023.
Dataset: V44. Log Transform: Não.
Obs: ajuste de seed

Hyperparams:
input_size: 9, h: 1, lr: 9.111128578776764e-05, batch: 32, encoder n layers: 3, decoder layers: 3",2026-01-18T19:33:59
2022_cluster_0,Corrego_Danta,2023-12-31T00:00:00,1.44,1.0788561,25.08,teste,V44,LSTM,"/media/marcos/Marcos/Codigos/Predicao_Cafe_Arabica/Teste_2_reuniao_16_dez_ajuste_seed_16_01_2026/temp_models/trial_91
Modelo LSTM. Treino: 2012 a 2021. Validação: 2022. Teste: 2023.
Dataset: V44. Log Transform: Não.
Obs: ajuste de seed

Hyperparams:
input_size: 9, h: 1, lr: 9.111128578776764e-05, batch: 32, encoder n layers: 3, decoder layers: 3",2026-01-18T19:33:59
2022_cluster_0,Cristais,2023-12-31T00:00:00,1.563111111111111,0.7690235,50.8,teste,V44,LSTM,"/media/marcos/Marcos/Codigos/Predicao_Cafe_Arabica/Teste_2_reuniao_16_dez_ajuste_seed_16_01_2026/temp_models/trial_91
Modelo LSTM. Treino: 2012 a 2021. Validação: 2022. Teste: 2023.
Dataset: V44. Log Transform: Não.
Obs: ajuste de seed

Hyperparams:
input_size: 9, h: 1, lr: 9.111128578776764e-05, batch: 32, encoder n layers: 3, decoder layers: 3",2026-01-18T19:33:59
2022_cluster_0,Desterro_de_Entre_Rios,2023-12-31T00:00:00,1.375,1.1893017,13.51,teste,V44,LSTM,"/media/marcos/Marcos/Codigos/Predicao_Cafe_Arabica/Teste_2_reuniao_16_dez_ajuste_seed_16_01_2026/temp_models/trial_91
Modelo LSTM. Treino: 2012 a 2021. Validação: 2022. Teste: 2023.
Dataset: V44. Log Transform: Não.
Obs: ajuste de seed

Hyperparams:
input_size: 9, h: 1, lr: 9.111128578776764e-05, batch: 32, encoder n layers: 3, decoder layers: 3",2026-01-18T19:33:59
2022_cluster_0,Divinesia,2023-12-31T00:00:00,2.1,1.0894413,48.12,teste,V44,LSTM,"/media/marcos/Marcos/Codigos/Predicao_Cafe_Arabica/Teste_2_reuniao_16_dez_ajuste_seed_16_01_2026/temp_models/trial_91
Modelo LSTM. Treino: 2012 a 2021. Validação: 2022. Teste: 2023.
Dataset: V44. Log Transform: Não.
Obs: ajuste de seed

Hyperparams:
input_size: 9, h: 1, lr: 9.111128578776764e-05, batch: 32, encoder n layers: 3, decoder layers: 3",2026-01-18T19:33:59
2022_cluster_0,Divino,2023-12-31T00:00:00,1.02,0.86569417,15.13,teste,V44,LSTM,"/media/marcos/Marcos/Codigos/Predicao_Cafe_Arabica/Teste_2_reuniao_16_dez_ajuste_seed_16_01_2026/temp_models/trial_91
Modelo LSTM. Treino: 2012 a 2021. Validação: 2022. Teste: 2023.
Dataset: V44. Log Transform: Não.
Obs: ajuste de seed

Hyperparams:
input_size: 9, h: 1, lr: 9.111128578776764e-05, batch: 32, encoder n layers: 3, decoder layers: 3",2026-01-18T19:33:59
2022_cluster_0,Doresopolis,2023-12-31T00:00:00,1.501960784313725,1.0337262,31.17,teste,V44,LSTM,"/media/marcos/Marcos/Codigos/Predicao_Cafe_Arabica/Teste_2_reuniao_16_dez_ajuste_seed_16_01_2026/temp_models/trial_91
Modelo LSTM. Treino: 2012 a 2021. Validação: 2022. Teste: 2023.
Dataset: V44. Log Transform: Não.
Obs: ajuste de seed

Hyperparams:
input_size: 9, h: 1, lr: 9.111128578776764e-05, batch: 32, encoder n layers: 3, decoder layers: 3",2026-01-18T19:33:59
2022_cluster_0,Durande,2023-12-31T00:00:00,1.38,1.08529,21.36,teste,V44,LSTM,"/media/marcos/Marcos/Codigos/Predicao_Cafe_Arabica/Teste_2_reuniao_16_dez_ajuste_seed_16_01_2026/temp_models/trial_91
Modelo LSTM. Treino: 2012 a 2021. Validação: 2022. Teste: 2023.
Dataset: V44. Log Transform: Não.
Obs: ajuste de seed

Hyperparams:
input_size: 9, h: 1, lr: 9.111128578776764e-05, batch: 32, encoder n layers: 3, decoder layers: 3",2026-01-18T19:33:59
2022_cluster_0,Eloi_Mendes,2023-12-31T00:00:00,1.577412806790921,0.5614905,64.4,teste,V44,LSTM,"/media/marcos/Marcos/Codigos/Predicao_Cafe_Arabica/Teste_2_reuniao_16_dez_ajuste_seed_16_01_2026/temp_models/trial_91
Modelo LSTM. Treino: 2012 a 2021. Validação: 2022. Teste: 2023.
Dataset: V44. Log Transform: Não.
Obs: ajuste de seed

Hyperparams:
input_size: 9, h: 1, lr: 9.111128578776764e-05, batch: 32, encoder n layers: 3, decoder layers: 3",2026-01-18T19:33:59
2022_cluster_0,Entre_Folhas,2023-12-31T00:00:00,1.321052631578947,0.7701011,41.71,teste,V44,LSTM,"/media/marcos/Marcos/Codigos/Predicao_Cafe_Arabica/Teste_2_reuniao_16_dez_ajuste_seed_16_01_2026/temp_models/trial_91
Modelo LSTM. Treino: 2012 a 2021. Validação: 2022. Teste: 2023.
Dataset: V44. Log Transform: Não.
Obs: ajuste de seed

Hyperparams:
input_size: 9, h: 1, lr: 9.111128578776764e-05, batch: 32, encoder n layers: 3, decoder layers: 3",2026-01-18T19:33:59
2022_cluster_0,Entre_Rios_de_Minas,2023-12-31T00:00:00,1.56,1.439927,7.7,teste,V44,LSTM,"/media/marcos/Marcos/Codigos/Predicao_Cafe_Arabica/Teste_2_reuniao_16_dez_ajuste_seed_16_01_2026/temp_models/trial_91
Modelo LSTM. Treino: 2012 a 2021. Validação: 2022. Teste: 2023.
Dataset: V44. Log Transform: Não.
Obs: ajuste de seed

Hyperparams:
input_size: 9, h: 1, lr: 9.111128578776764e-05, batch: 32, encoder n layers: 3, decoder layers: 3",2026-01-18T19:33:59
2022_cluster_0,Ervalia,2023-12-31T00:00:00,1.380044843049327,0.967217,29.91,teste,V44,LSTM,"/media/marcos/Marcos/Codigos/Predicao_Cafe_Arabica/Teste_2_reuniao_16_dez_ajuste_seed_16_01_2026/temp_models/trial_91
Modelo LSTM. Treino: 2012 a 2021. Validação: 2022. Teste: 2023.
Dataset: V44. Log Transform: Não.
Obs: ajuste de seed

Hyperparams:
input_size: 9, h: 1, lr: 9.111128578776764e-05, batch: 32, encoder n layers: 3, decoder layers: 3",2026-01-18T19:33:59
2022_cluster_0,Espera_Feliz,2023-12-31T00:00:00,1.08,0.555585,48.56,teste,V44,LSTM,"/media/marcos/Marcos/Codigos/Predicao_Cafe_Arabica/Teste_2_reuniao_16_dez_ajuste_seed_16_01_2026/temp_models/trial_91
Modelo LSTM. Treino: 2012 a 2021. Validação: 2022. Teste: 2023.
Dataset: V44. Log Transform: Não.
Obs: ajuste de seed

Hyperparams:
input_size: 9, h: 1, lr: 9.111128578776764e-05, batch: 32, encoder n layers: 3, decoder layers: 3",2026-01-18T19:33:59
2022_cluster_0,Faria_Lemos,2023-12-31T00:00:00,1.380152671755725,0.65674734,52.41,teste,V44,LSTM,"/media/marcos/Marcos/Codigos/Predicao_Cafe_Arabica/Teste_2_reuniao_16_dez_ajuste_seed_16_01_2026/temp_models/trial_91
Modelo LSTM. Treino: 2012 a 2021. Validação: 2022. Teste: 2023.
Dataset: V44. Log Transform: Não.
Obs: ajuste de seed

Hyperparams:
input_size: 9, h: 1, lr: 9.111128578776764e-05, batch: 32, encoder n layers: 3, decoder layers: 3",2026-01-18T19:33:59
2022_cluster_0,Ferros,2023-12-31T00:00:00,1.17948717948718,0.8189045,30.57,teste,V44,LSTM,"/media/marcos/Marcos/Codigos/Predicao_Cafe_Arabica/Teste_2_reuniao_16_dez_ajuste_seed_16_01_2026/temp_models/trial_91
Modelo LSTM. Treino: 2012 a 2021. Validação: 2022. Teste: 2023.
Dataset: V44. Log Transform: Não.
Obs: ajuste de seed

Hyperparams:
input_size: 9, h: 1, lr: 9.111128578776764e-05, batch: 32, encoder n layers: 3, decoder layers: 3",2026-01-18T19:33:59
2022_cluster_0,Fervedouro,2023-12-31T00:00:00,1.2,1.0211512,14.9,teste,V44,LSTM,"/media/marcos/Marcos/Codigos/Predicao_Cafe_Arabica/Teste_2_reuniao_16_dez_ajuste_seed_16_01_2026/temp_models/trial_91
Modelo LSTM. Treino: 2012 a 2021. Validação: 2022. Teste: 2023.
Dataset: V44. Log Transform: Não.
Obs: ajuste de seed

Hyperparams:
input_size: 9, h: 1, lr: 9.111128578776764e-05, batch: 32, encoder n layers: 3, decoder layers: 3",2026-01-18T19:33:59
2022_cluster_0,Guape,2023-12-31T00:00:00,1.560674157303371,1.138217,27.07,teste,V44,LSTM,"/media/marcos/Marcos/Codigos/Predicao_Cafe_Arabica/Teste_2_reuniao_16_dez_ajuste_seed_16_01_2026/temp_models/trial_91
Modelo LSTM. Treino: 2012 a 2021. Validação: 2022. Teste: 2023.
Dataset: V44. Log Transform: Não.
Obs: ajuste de seed

Hyperparams:
input_size: 9, h: 1, lr: 9.111128578776764e-05, batch: 32, encoder n layers: 3, decoder layers: 3",2026-01-18T19:33:59
2022_cluster_0,Ibituruna,2023-12-31T00:00:00,1.8,1.0354373,42.48,teste,V44,LSTM,"/media/marcos/Marcos/Codigos/Predicao_Cafe_Arabica/Teste_2_reuniao_16_dez_ajuste_seed_16_01_2026/temp_models/trial_91
Modelo LSTM. Treino: 2012 a 2021. Validação: 2022. Teste: 2023.
Dataset: V44. Log Transform: Não.
Obs: ajuste de seed

Hyperparams:
input_size: 9, h: 1, lr: 9.111128578776764e-05, batch: 32, encoder n layers: 3, decoder layers: 3",2026-01-18T19:33:59
2022_cluster_0,Ilicinea,2023-12-31T00:00:00,1.560032362459547,0.8956403,42.59,teste,V44,LSTM,"/media/marcos/Marcos/Codigos/Predicao_Cafe_Arabica/Teste_2_reuniao_16_dez_ajuste_seed_16_01_2026/temp_models/trial_91
Modelo LSTM. Treino: 2012 a 2021. Validação: 2022. Teste: 2023.
Dataset: V44. Log Transform: Não.
Obs: ajuste de seed

Hyperparams:
input_size: 9, h: 1, lr: 9.111128578776764e-05, batch: 32, encoder n layers: 3, decoder layers: 3",2026-01-18T19:33:59
2022_cluster_0,Itapecerica,2023-12-31T00:00:00,0.9037974683544304,0.7295137,19.28,teste,V44,LSTM,"/media/marcos/Marcos/Codigos/Predicao_Cafe_Arabica/Teste_2_reuniao_16_dez_ajuste_seed_16_01_2026/temp_models/trial_91
Modelo LSTM. Treino: 2012 a 2021. Validação: 2022. Teste: 2023.
Dataset: V44. Log Transform: Não.
Obs: ajuste de seed

Hyperparams:
input_size: 9, h: 1, lr: 9.111128578776764e-05, batch: 32, encoder n layers: 3, decoder layers: 3",2026-01-18T19:33:59
2022_cluster_0,Ituiutaba,2023-12-31T00:00:00,1.0,0.4172386,58.28,teste,V44,LSTM,"/media/marcos/Marcos/Codigos/Predicao_Cafe_Arabica/Teste_2_reuniao_16_dez_ajuste_seed_16_01_2026/temp_models/trial_91
Modelo LSTM. Treino: 2012 a 2021. Validação: 2022. Teste: 2023.
Dataset: V44. Log Transform: Não.
Obs: ajuste de seed

Hyperparams:
input_size: 9, h: 1, lr: 9.111128578776764e-05, batch: 32, encoder n layers: 3, decoder layers: 3",2026-01-18T19:33:59
2022_cluster_0,Itumirim,2023-12-31T00:00:00,1.532033426183844,0.7681067,49.86,teste,V44,LSTM,"/media/marcos/Marcos/Codigos/Predicao_Cafe_Arabica/Teste_2_reuniao_16_dez_ajuste_seed_16_01_2026/temp_models/trial_91
Modelo LSTM. Treino: 2012 a 2021. Validação: 2022. Teste: 2023.
Dataset: V44. Log Transform: Não.
Obs: ajuste de seed

Hyperparams:
input_size: 9, h: 1, lr: 9.111128578776764e-05, batch: 32, encoder n layers: 3, decoder layers: 3",2026-01-18T19:33:59
2022_cluster_0,Lajinha,2023-12-31T00:00:00,1.439953676896352,0.79907113,44.51,teste,V44,LSTM,"/media/marcos/Marcos/Codigos/Predicao_Cafe_Arabica/Teste_2_reuniao_16_dez_ajuste_seed_16_01_2026/temp_models/trial_91
Modelo LSTM. Treino: 2012 a 2021. Validação: 2022. Teste: 2023.
Dataset: V44. Log Transform: Não.
Obs: ajuste de seed

Hyperparams:
input_size: 9, h: 1, lr: 9.111128578776764e-05, batch: 32, encoder n layers: 3, decoder layers: 3",2026-01-18T19:33:59
2022_cluster_0,Lavras,2023-12-31T00:00:00,1.5,0.52373207,65.08,teste,V44,LSTM,"/media/marcos/Marcos/Codigos/Predicao_Cafe_Arabica/Teste_2_reuniao_16_dez_ajuste_seed_16_01_2026/temp_models/trial_91
Modelo LSTM. Treino: 2012 a 2021. Validação: 2022. Teste: 2023.
Dataset: V44. Log Transform: Não.
Obs: ajuste de seed

Hyperparams:
input_size: 9, h: 1, lr: 9.111128578776764e-05, batch: 32, encoder n layers: 3, decoder layers: 3",2026-01-18T19:33:59
2022_cluster_0,Luisburgo,2023-12-31T00:00:00,1.44,1.2208098,15.22,teste,V44,LSTM,"/media/marcos/Marcos/Codigos/Predicao_Cafe_Arabica/Teste_2_reuniao_16_dez_ajuste_seed_16_01_2026/temp_models/trial_91
Modelo LSTM. Treino: 2012 a 2021. Validação: 2022. Teste: 2023.
Dataset: V44. Log Transform: Não.
Obs: ajuste de seed

Hyperparams:
input_size: 9, h: 1, lr: 9.111128578776764e-05, batch: 32, encoder n layers: 3, decoder layers: 3",2026-01-18T19:33:59
2022_cluster_0,Machado,2023-12-31T00:00:00,1.500560931145702,0.52354944,65.11,teste,V44,LSTM,"/media/marcos/Marcos/Codigos/Predicao_Cafe_Arabica/Teste_2_reuniao_16_dez_ajuste_seed_16_01_2026/temp_models/trial_91
Modelo LSTM. Treino: 2012 a 2021. Validação: 2022. Teste: 2023.
Dataset: V44. Log Transform: Não.
Obs: ajuste de seed

Hyperparams:
input_size: 9, h: 1, lr: 9.111128578776764e-05, batch: 32, encoder n layers: 3, decoder layers: 3",2026-01-18T19:33:59
2022_cluster_0,Manhuacu,2023-12-31T00:00:00,1.2,1.0307506,14.1,teste,V44,LSTM,"/media/marcos/Marcos/Codigos/Predicao_Cafe_Arabica/Teste_2_reuniao_16_dez_ajuste_seed_16_01_2026/temp_models/trial_91
Modelo LSTM. Treino: 2012 a 2021. Validação: 2022. Teste: 2023.
Dataset: V44. Log Transform: Não.
Obs: ajuste de seed

Hyperparams:
input_size: 9, h: 1, lr: 9.111128578776764e-05, batch: 32, encoder n layers: 3, decoder layers: 3",2026-01-18T19:33:59
2022_cluster_0,Manhumirim,2023-12-31T00:00:00,1.44,1.0748392,25.36,teste,V44,LSTM,"/media/marcos/Marcos/Codigos/Predicao_Cafe_Arabica/Teste_2_reuniao_16_dez_ajuste_seed_16_01_2026/temp_models/trial_91
Modelo LSTM. Treino: 2012 a 2021. Validação: 2022. Teste: 2023.
Dataset: V44. Log Transform: Não.
Obs: ajuste de seed

Hyperparams:
input_size: 9, h: 1, lr: 9.111128578776764e-05, batch: 32, encoder n layers: 3, decoder layers: 3",2026-01-18T19:33:59
2022_cluster_0,Martins_Soares,2023-12-31T00:00:00,1.2,1.2150725,1.26,teste,V44,LSTM,"/media/marcos/Marcos/Codigos/Predicao_Cafe_Arabica/Teste_2_reuniao_16_dez_ajuste_seed_16_01_2026/temp_models/trial_91
Modelo LSTM. Treino: 2012 a 2021. Validação: 2022. Teste: 2023.
Dataset: V44. Log Transform: Não.
Obs: ajuste de seed

Hyperparams:
input_size: 9, h: 1, lr: 9.111128578776764e-05, batch: 32, encoder n layers: 3, decoder layers: 3",2026-01-18T19:33:59
2022_cluster_0,Matipo,2023-12-31T00:00:00,1.25990675990676,1.0471439,16.89,teste,V44,LSTM,"/media/marcos/Marcos/Codigos/Predicao_Cafe_Arabica/Teste_2_reuniao_16_dez_ajuste_seed_16_01_2026/temp_models/trial_91
Modelo LSTM. Treino: 2012 a 2021. Validação: 2022. Teste: 2023.
Dataset: V44. Log Transform: Não.
Obs: ajuste de seed

Hyperparams:
input_size: 9, h: 1, lr: 9.111128578776764e-05, batch: 32, encoder n layers: 3, decoder layers: 3",2026-01-18T19:33:59
2022_cluster_0,Medeiros,2023-12-31T00:00:00,1.86,1.1487844,38.24,teste,V44,LSTM,"/media/marcos/Marcos/Codigos/Predicao_Cafe_Arabica/Teste_2_reuniao_16_dez_ajuste_seed_16_01_2026/temp_models/trial_91
Modelo LSTM. Treino: 2012 a 2021. Validação: 2022. Teste: 2023.
Dataset: V44. Log Transform: Não.
Obs: ajuste de seed

Hyperparams:
input_size: 9, h: 1, lr: 9.111128578776764e-05, batch: 32, encoder n layers: 3, decoder layers: 3",2026-01-18T19:33:59
2022_cluster_0,Miradouro,2023-12-31T00:00:00,1.140084388185654,0.88552964,22.33,teste,V44,LSTM,"/media/marcos/Marcos/Codigos/Predicao_Cafe_Arabica/Teste_2_reuniao_16_dez_ajuste_seed_16_01_2026/temp_models/trial_91
Modelo LSTM. Treino: 2012 a 2021. Validação: 2022. Teste: 2023.
Dataset: V44. Log Transform: Não.
Obs: ajuste de seed

Hyperparams:
input_size: 9, h: 1, lr: 9.111128578776764e-05, batch: 32, encoder n layers: 3, decoder layers: 3",2026-01-18T19:33:59
2022_cluster_0,Mirai,2023-12-31T00:00:00,1.08,0.8166194,24.39,teste,V44,LSTM,"/media/marcos/Marcos/Codigos/Predicao_Cafe_Arabica/Teste_2_reuniao_16_dez_ajuste_seed_16_01_2026/temp_models/trial_91
Modelo LSTM. Treino: 2012 a 2021. Validação: 2022. Teste: 2023.
Dataset: V44. Log Transform: Não.
Obs: ajuste de seed

Hyperparams:
input_size: 9, h: 1, lr: 9.111128578776764e-05, batch: 32, encoder n layers: 3, decoder layers: 3",2026-01-18T19:33:59
2022_cluster_0,Moeda,2023-12-31T00:00:00,1.0,0.7960226,20.4,teste,V44,LSTM,"/media/marcos/Marcos/Codigos/Predicao_Cafe_Arabica/Teste_2_reuniao_16_dez_ajuste_seed_16_01_2026/temp_models/trial_91
Modelo LSTM. Treino: 2012 a 2021. Validação: 2022. Teste: 2023.
Dataset: V44. Log Transform: Não.
Obs: ajuste de seed

Hyperparams:
input_size: 9, h: 1, lr: 9.111128578776764e-05, batch: 32, encoder n layers: 3, decoder layers: 3",2026-01-18T19:33:59
2022_cluster_0,Muriae,2023-12-31T00:00:00,1.057297297297297,0.6992983,33.86,teste,V44,LSTM,"/media/marcos/Marcos/Codigos/Predicao_Cafe_Arabica/Teste_2_reuniao_16_dez_ajuste_seed_16_01_2026/temp_models/trial_91
Modelo LSTM. Treino: 2012 a 2021. Validação: 2022. Teste: 2023.
Dataset: V44. Log Transform: Não.
Obs: ajuste de seed

Hyperparams:
input_size: 9, h: 1, lr: 9.111128578776764e-05, batch: 32, encoder n layers: 3, decoder layers: 3",2026-01-18T19:33:59
2022_cluster_0,Mutum,2023-12-31T00:00:00,1.019985196150999,1.1901939,16.69,teste,V44,LSTM,"/media/marcos/Marcos/Codigos/Predicao_Cafe_Arabica/Teste_2_reuniao_16_dez_ajuste_seed_16_01_2026/temp_models/trial_91
Modelo LSTM. Treino: 2012 a 2021. Validação: 2022. Teste: 2023.
Dataset: V44. Log Transform: Não.
Obs: ajuste de seed

Hyperparams:
input_size: 9, h: 1, lr: 9.111128578776764e-05, batch: 32, encoder n layers: 3, decoder layers: 3",2026-01-18T19:33:59
2022_cluster_0,Nazareno,2023-12-31T00:00:00,1.559905660377358,1.1421301,26.78,teste,V44,LSTM,"/media/marcos/Marcos/Codigos/Predicao_Cafe_Arabica/Teste_2_reuniao_16_dez_ajuste_seed_16_01_2026/temp_models/trial_91
Modelo LSTM. Treino: 2012 a 2021. Validação: 2022. Teste: 2023.
Dataset: V44. Log Transform: Não.
Obs: ajuste de seed

Hyperparams:
input_size: 9, h: 1, lr: 9.111128578776764e-05, batch: 32, encoder n layers: 3, decoder layers: 3",2026-01-18T19:33:59
2022_cluster_0,Nepomuceno,2023-12-31T00:00:00,1.650045578851413,0.75104606,54.48,teste,V44,LSTM,"/media/marcos/Marcos/Codigos/Predicao_Cafe_Arabica/Teste_2_reuniao_16_dez_ajuste_seed_16_01_2026/temp_models/trial_91
Modelo LSTM. Treino: 2012 a 2021. Validação: 2022. Teste: 2023.
Dataset: V44. Log Transform: Não.
Obs: ajuste de seed

Hyperparams:
input_size: 9, h: 1, lr: 9.111128578776764e-05, batch: 32, encoder n layers: 3, decoder layers: 3",2026-01-18T19:33:59
2022_cluster_0,Oliveira,2023-12-31T00:00:00,1.824022743425729,1.1561611,36.61,teste,V44,LSTM,"/media/marcos/Marcos/Codigos/Predicao_Cafe_Arabica/Teste_2_reuniao_16_dez_ajuste_seed_16_01_2026/temp_models/trial_91
Modelo LSTM. Treino: 2012 a 2021. Validação: 2022. Teste: 2023.
Dataset: V44. Log Transform: Não.
Obs: ajuste de seed

Hyperparams:
input_size: 9, h: 1, lr: 9.111128578776764e-05, batch: 32, encoder n layers: 3, decoder layers: 3",2026-01-18T19:33:59
2022_cluster_0,Orizania,2023-12-31T00:00:00,1.2,1.1264577,6.13,teste,V44,LSTM,"/media/marcos/Marcos/Codigos/Predicao_Cafe_Arabica/Teste_2_reuniao_16_dez_ajuste_seed_16_01_2026/temp_models/trial_91
Modelo LSTM. Treino: 2012 a 2021. Validação: 2022. Teste: 2023.
Dataset: V44. Log Transform: Não.
Obs: ajuste de seed

Hyperparams:
input_size: 9, h: 1, lr: 9.111128578776764e-05, batch: 32, encoder n layers: 3, decoder layers: 3",2026-01-18T19:33:59
2022_cluster_0,Paraguacu,2023-12-31T00:00:00,1.298291457286432,0.3623662,72.09,teste,V44,LSTM,"/media/marcos/Marcos/Codigos/Predicao_Cafe_Arabica/Teste_2_reuniao_16_dez_ajuste_seed_16_01_2026/temp_models/trial_91
Modelo LSTM. Treino: 2012 a 2021. Validação: 2022. Teste: 2023.
Dataset: V44. Log Transform: Não.
Obs: ajuste de seed

Hyperparams:
input_size: 9, h: 1, lr: 9.111128578776764e-05, batch: 32, encoder n layers: 3, decoder layers: 3",2026-01-18T19:33:59
2022_cluster_0,Passa_Tempo,2023-12-31T00:00:00,1.625,1.2971221,20.18,teste,V44,LSTM,"/media/marcos/Marcos/Codigos/Predicao_Cafe_Arabica/Teste_2_reuniao_16_dez_ajuste_seed_16_01_2026/temp_models/trial_91
Modelo LSTM. Treino: 2012 a 2021. Validação: 2022. Teste: 2023.
Dataset: V44. Log Transform: Não.
Obs: ajuste de seed

Hyperparams:
input_size: 9, h: 1, lr: 9.111128578776764e-05, batch: 32, encoder n layers: 3, decoder layers: 3",2026-01-18T19:33:59
2022_cluster_0,Perdoes,2023-12-31T00:00:00,1.679940119760479,0.94681084,43.64,teste,V44,LSTM,"/media/marcos/Marcos/Codigos/Predicao_Cafe_Arabica/Teste_2_reuniao_16_dez_ajuste_seed_16_01_2026/temp_models/trial_91
Modelo LSTM. Treino: 2012 a 2021. Validação: 2022. Teste: 2023.
Dataset: V44. Log Transform: Não.
Obs: ajuste de seed

Hyperparams:
input_size: 9, h: 1, lr: 9.111128578776764e-05, batch: 32, encoder n layers: 3, decoder layers: 3",2026-01-18T19:33:59
2022_cluster_0,Pimenta,2023-12-31T00:00:00,1.504186046511628,1.0013704,33.43,teste,V44,LSTM,"/media/marcos/Marcos/Codigos/Predicao_Cafe_Arabica/Teste_2_reuniao_16_dez_ajuste_seed_16_01_2026/temp_models/trial_91
Modelo LSTM. Treino: 2012 a 2021. Validação: 2022. Teste: 2023.
Dataset: V44. Log Transform: Não.
Obs: ajuste de seed

Hyperparams:
input_size: 9, h: 1, lr: 9.111128578776764e-05, batch: 32, encoder n layers: 3, decoder layers: 3",2026-01-18T19:33:59
2022_cluster_0,Piranga,2023-12-31T00:00:00,2.1,1.5612854,25.65,teste,V44,LSTM,"/media/marcos/Marcos/Codigos/Predicao_Cafe_Arabica/Teste_2_reuniao_16_dez_ajuste_seed_16_01_2026/temp_models/trial_91
Modelo LSTM. Treino: 2012 a 2021. Validação: 2022. Teste: 2023.
Dataset: V44. Log Transform: Não.
Obs: ajuste de seed

Hyperparams:
input_size: 9, h: 1, lr: 9.111128578776764e-05, batch: 32, encoder n layers: 3, decoder layers: 3",2026-01-18T19:33:59
2022_cluster_0,Piumhi,2023-12-31T00:00:00,1.739963336388634,1.0500474,39.65,teste,V44,LSTM,"/media/marcos/Marcos/Codigos/Predicao_Cafe_Arabica/Teste_2_reuniao_16_dez_ajuste_seed_16_01_2026/temp_models/trial_91
Modelo LSTM. Treino: 2012 a 2021. Validação: 2022. Teste: 2023.
Dataset: V44. Log Transform: Não.
Obs: ajuste de seed

Hyperparams:
input_size: 9, h: 1, lr: 9.111128578776764e-05, batch: 32, encoder n layers: 3, decoder layers: 3",2026-01-18T19:33:59
2022_cluster_0,Ponte_Nova,2023-12-31T00:00:00,1.333333333333333,1.0939902,17.95,teste,V44,LSTM,"/media/marcos/Marcos/Codigos/Predicao_Cafe_Arabica/Teste_2_reuniao_16_dez_ajuste_seed_16_01_2026/temp_models/trial_91
Modelo LSTM. Treino: 2012 a 2021. Validação: 2022. Teste: 2023.
Dataset: V44. Log Transform: Não.
Obs: ajuste de seed

Hyperparams:
input_size: 9, h: 1, lr: 9.111128578776764e-05, batch: 32, encoder n layers: 3, decoder layers: 3",2026-01-18T19:33:59
2022_cluster_0,Porto_Firme,2023-12-31T00:00:00,1.200764818355641,1.0827568,9.83,teste,V44,LSTM,"/media/marcos/Marcos/Codigos/Predicao_Cafe_Arabica/Teste_2_reuniao_16_dez_ajuste_seed_16_01_2026/temp_models/trial_91
Modelo LSTM. Treino: 2012 a 2021. Validação: 2022. Teste: 2023.
Dataset: V44. Log Transform: Não.
Obs: ajuste de seed

Hyperparams:
input_size: 9, h: 1, lr: 9.111128578776764e-05, batch: 32, encoder n layers: 3, decoder layers: 3",2026-01-18T19:33:59
2022_cluster_0,Raul_Soares,2023-12-31T00:00:00,1.5,0.8344313,44.37,teste,V44,LSTM,"/media/marcos/Marcos/Codigos/Predicao_Cafe_Arabica/Teste_2_reuniao_16_dez_ajuste_seed_16_01_2026/temp_models/trial_91
Modelo LSTM. Treino: 2012 a 2021. Validação: 2022. Teste: 2023.
Dataset: V44. Log Transform: Não.
Obs: ajuste de seed

Hyperparams:
input_size: 9, h: 1, lr: 9.111128578776764e-05, batch: 32, encoder n layers: 3, decoder layers: 3",2026-01-18T19:33:59
2022_cluster_0,Reduto,2023-12-31T00:00:00,0.9,1.1045762,22.73,teste,V44,LSTM,"/media/marcos/Marcos/Codigos/Predicao_Cafe_Arabica/Teste_2_reuniao_16_dez_ajuste_seed_16_01_2026/temp_models/trial_91
Modelo LSTM. Treino: 2012 a 2021. Validação: 2022. Teste: 2023.
Dataset: V44. Log Transform: Não.
Obs: ajuste de seed

Hyperparams:
input_size: 9, h: 1, lr: 9.111128578776764e-05, batch: 32, encoder n layers: 3, decoder layers: 3",2026-01-18T19:33:59
2022_cluster_0,Ribeirao_Vermelho,2023-12-31T00:00:00,1.5,0.8979535,40.14,teste,V44,LSTM,"/media/marcos/Marcos/Codigos/Predicao_Cafe_Arabica/Teste_2_reuniao_16_dez_ajuste_seed_16_01_2026/temp_models/trial_91
Modelo LSTM. Treino: 2012 a 2021. Validação: 2022. Teste: 2023.
Dataset: V44. Log Transform: Não.
Obs: ajuste de seed

Hyperparams:
input_size: 9, h: 1, lr: 9.111128578776764e-05, batch: 32, encoder n layers: 3, decoder layers: 3",2026-01-18T19:33:59
2022_cluster_0,Ritapolis,2023-12-31T00:00:00,2.102222222222222,1.4690938,30.12,teste,V44,LSTM,"/media/marcos/Marcos/Codigos/Predicao_Cafe_Arabica/Teste_2_reuniao_16_dez_ajuste_seed_16_01_2026/temp_models/trial_91
Modelo LSTM. Treino: 2012 a 2021. Validação: 2022. Teste: 2023.
Dataset: V44. Log Transform: Não.
Obs: ajuste de seed

Hyperparams:
input_size: 9, h: 1, lr: 9.111128578776764e-05, batch: 32, encoder n layers: 3, decoder layers: 3",2026-01-18T19:33:59
2022_cluster_0,Rosario_da_Limeira,2023-12-31T00:00:00,1.2,0.66097003,44.92,teste,V44,LSTM,"/media/marcos/Marcos/Codigos/Predicao_Cafe_Arabica/Teste_2_reuniao_16_dez_ajuste_seed_16_01_2026/temp_models/trial_91
Modelo LSTM. Treino: 2012 a 2021. Validação: 2022. Teste: 2023.
Dataset: V44. Log Transform: Não.
Obs: ajuste de seed

Hyperparams:
input_size: 9, h: 1, lr: 9.111128578776764e-05, batch: 32, encoder n layers: 3, decoder layers: 3",2026-01-18T19:33:59
2022_cluster_0,Santa_Barbara_do_Leste,2023-12-31T00:00:00,1.08,0.88410485,18.14,teste,V44,LSTM,"/media/marcos/Marcos/Codigos/Predicao_Cafe_Arabica/Teste_2_reuniao_16_dez_ajuste_seed_16_01_2026/temp_models/trial_91
Modelo LSTM. Treino: 2012 a 2021. Validação: 2022. Teste: 2023.
Dataset: V44. Log Transform: Não.
Obs: ajuste de seed

Hyperparams:
input_size: 9, h: 1, lr: 9.111128578776764e-05, batch: 32, encoder n layers: 3, decoder layers: 3",2026-01-18T19:33:59
2022_cluster_0,Santa_Margarida,2023-12-31T00:00:00,1.32,1.0620978,19.54,teste,V44,LSTM,"/media/marcos/Marcos/Codigos/Predicao_Cafe_Arabica/Teste_2_reuniao_16_dez_ajuste_seed_16_01_2026/temp_models/trial_91
Modelo LSTM. Treino: 2012 a 2021. Validação: 2022. Teste: 2023.
Dataset: V44. Log Transform: Não.
Obs: ajuste de seed

Hyperparams:
input_size: 9, h: 1, lr: 9.111128578776764e-05, batch: 32, encoder n layers: 3, decoder layers: 3",2026-01-18T19:33:59
2022_cluster_0,Santa_Rita_de_Minas,2023-12-31T00:00:00,1.019930675909879,0.9414463,7.7,teste,V44,LSTM,"/media/marcos/Marcos/Codigos/Predicao_Cafe_Arabica/Teste_2_reuniao_16_dez_ajuste_seed_16_01_2026/temp_models/trial_91
Modelo LSTM. Treino: 2012 a 2021. Validação: 2022. Teste: 2023.
Dataset: V44. Log Transform: Não.
Obs: ajuste de seed

Hyperparams:
input_size: 9, h: 1, lr: 9.111128578776764e-05, batch: 32, encoder n layers: 3, decoder layers: 3",2026-01-18T19:33:59
2022_cluster_0,Santa_Rita_do_Itueto,2023-12-31T00:00:00,1.2,0.94830936,20.97,teste,V44,LSTM,"/media/marcos/Marcos/Codigos/Predicao_Cafe_Arabica/Teste_2_reuniao_16_dez_ajuste_seed_16_01_2026/temp_models/trial_91
Modelo LSTM. Treino: 2012 a 2021. Validação: 2022. Teste: 2023.
Dataset: V44. Log Transform: Não.
Obs: ajuste de seed

Hyperparams:
input_size: 9, h: 1, lr: 9.111128578776764e-05, batch: 32, encoder n layers: 3, decoder layers: 3",2026-01-18T19:33:59
2022_cluster_0,Santana_da_Vargem,2023-12-31T00:00:00,1.559359359359359,0.7170763,54.01,teste,V44,LSTM,"/media/marcos/Marcos/Codigos/Predicao_Cafe_Arabica/Teste_2_reuniao_16_dez_ajuste_seed_16_01_2026/temp_models/trial_91
Modelo LSTM. Treino: 2012 a 2021. Validação: 2022. Teste: 2023.
Dataset: V44. Log Transform: Não.
Obs: ajuste de seed

Hyperparams:
input_size: 9, h: 1, lr: 9.111128578776764e-05, batch: 32, encoder n layers: 3, decoder layers: 3",2026-01-18T19:33:59
2022_cluster_0,Santana_do_Jacare,2023-12-31T00:00:00,0.901123595505618,0.8007749,11.14,teste,V44,LSTM,"/media/marcos/Marcos/Codigos/Predicao_Cafe_Arabica/Teste_2_reuniao_16_dez_ajuste_seed_16_01_2026/temp_models/trial_91
Modelo LSTM. Treino: 2012 a 2021. Validação: 2022. Teste: 2023.
Dataset: V44. Log Transform: Não.
Obs: ajuste de seed

Hyperparams:
input_size: 9, h: 1, lr: 9.111128578776764e-05, batch: 32, encoder n layers: 3, decoder layers: 3",2026-01-18T19:33:59
2022_cluster_0,Santana_do_Manhuacu,2023-12-31T00:00:00,1.32,1.2134919,8.07,teste,V44,LSTM,"/media/marcos/Marcos/Codigos/Predicao_Cafe_Arabica/Teste_2_reuniao_16_dez_ajuste_seed_16_01_2026/temp_models/trial_91
Modelo LSTM. Treino: 2012 a 2021. Validação: 2022. Teste: 2023.
Dataset: V44. Log Transform: Não.
Obs: ajuste de seed

Hyperparams:
input_size: 9, h: 1, lr: 9.111128578776764e-05, batch: 32, encoder n layers: 3, decoder layers: 3",2026-01-18T19:33:59
2022_cluster_0,Sao_Domingos_das_Dores,2023-12-31T00:00:00,1.296078431372549,0.9942467,23.29,teste,V44,LSTM,"/media/marcos/Marcos/Codigos/Predicao_Cafe_Arabica/Teste_2_reuniao_16_dez_ajuste_seed_16_01_2026/temp_models/trial_91
Modelo LSTM. Treino: 2012 a 2021. Validação: 2022. Teste: 2023.
Dataset: V44. Log Transform: Não.
Obs: ajuste de seed

Hyperparams:
input_size: 9, h: 1, lr: 9.111128578776764e-05, batch: 32, encoder n layers: 3, decoder layers: 3",2026-01-18T19:33:59
2022_cluster_0,Sao_Francisco_de_Paula,2023-12-31T00:00:00,1.56,0.99600947,36.15,teste,V44,LSTM,"/media/marcos/Marcos/Codigos/Predicao_Cafe_Arabica/Teste_2_reuniao_16_dez_ajuste_seed_16_01_2026/temp_models/trial_91
Modelo LSTM. Treino: 2012 a 2021. Validação: 2022. Teste: 2023.
Dataset: V44. Log Transform: Não.
Obs: ajuste de seed

Hyperparams:
input_size: 9, h: 1, lr: 9.111128578776764e-05, batch: 32, encoder n layers: 3, decoder layers: 3",2026-01-18T19:33:59
2022_cluster_0,Sao_Francisco_do_Gloria,2023-12-31T00:00:00,1.08,0.56710863,47.49,teste,V44,LSTM,"/media/marcos/Marcos/Codigos/Predicao_Cafe_Arabica/Teste_2_reuniao_16_dez_ajuste_seed_16_01_2026/temp_models/trial_91
Modelo LSTM. Treino: 2012 a 2021. Validação: 2022. Teste: 2023.
Dataset: V44. Log Transform: Não.
Obs: ajuste de seed

Hyperparams:
input_size: 9, h: 1, lr: 9.111128578776764e-05, batch: 32, encoder n layers: 3, decoder layers: 3",2026-01-18T19:33:59
2022_cluster_0,Sao_Joao_do_Manhuacu,2023-12-31T00:00:00,1.2,1.0521388,12.32,teste,V44,LSTM,"/media/marcos/Marcos/Codigos/Predicao_Cafe_Arabica/Teste_2_reuniao_16_dez_ajuste_seed_16_01_2026/temp_models/trial_91
Modelo LSTM. Treino: 2012 a 2021. Validação: 2022. Teste: 2023.
Dataset: V44. Log Transform: Não.
Obs: ajuste de seed

Hyperparams:
input_size: 9, h: 1, lr: 9.111128578776764e-05, batch: 32, encoder n layers: 3, decoder layers: 3",2026-01-18T19:33:59
2022_cluster_0,Sao_Jose_do_Mantimento,2023-12-31T00:00:00,1.5,1.1760863,21.59,teste,V44,LSTM,"/media/marcos/Marcos/Codigos/Predicao_Cafe_Arabica/Teste_2_reuniao_16_dez_ajuste_seed_16_01_2026/temp_models/trial_91
Modelo LSTM. Treino: 2012 a 2021. Validação: 2022. Teste: 2023.
Dataset: V44. Log Transform: Não.
Obs: ajuste de seed

Hyperparams:
input_size: 9, h: 1, lr: 9.111128578776764e-05, batch: 32, encoder n layers: 3, decoder layers: 3",2026-01-18T19:33:59
2022_cluster_0,Sao_Roque_de_Minas,2023-12-31T00:00:00,1.8,1.035078,42.5,teste,V44,LSTM,"/media/marcos/Marcos/Codigos/Predicao_Cafe_Arabica/Teste_2_reuniao_16_dez_ajuste_seed_16_01_2026/temp_models/trial_91
Modelo LSTM. Treino: 2012 a 2021. Validação: 2022. Teste: 2023.
Dataset: V44. Log Transform: Não.
Obs: ajuste de seed

Hyperparams:
input_size: 9, h: 1, lr: 9.111128578776764e-05, batch: 32, encoder n layers: 3, decoder layers: 3",2026-01-18T19:33:59
2022_cluster_0,Sao_Tiago,2023-12-31T00:00:00,1.560526315789474,1.0782403,30.91,teste,V44,LSTM,"/media/marcos/Marcos/Codigos/Predicao_Cafe_Arabica/Teste_2_reuniao_16_dez_ajuste_seed_16_01_2026/temp_models/trial_91
Modelo LSTM. Treino: 2012 a 2021. Validação: 2022. Teste: 2023.
Dataset: V44. Log Transform: Não.
Obs: ajuste de seed

Hyperparams:
input_size: 9, h: 1, lr: 9.111128578776764e-05, batch: 32, encoder n layers: 3, decoder layers: 3",2026-01-18T19:33:59
2022_cluster_0,Sao_Tomas_de_Aquino,2023-12-31T00:00:00,1.319968346082828,0.7084477,46.33,teste,V44,LSTM,"/media/marcos/Marcos/Codigos/Predicao_Cafe_Arabica/Teste_2_reuniao_16_dez_ajuste_seed_16_01_2026/temp_models/trial_91
Modelo LSTM. Treino: 2012 a 2021. Validação: 2022. Teste: 2023.
Dataset: V44. Log Transform: Não.
Obs: ajuste de seed

Hyperparams:
input_size: 9, h: 1, lr: 9.111128578776764e-05, batch: 32, encoder n layers: 3, decoder layers: 3",2026-01-18T19:33:59
2022_cluster_0,Senador_Firmino,2023-12-31T00:00:00,1.436170212765957,1.0678959,25.64,teste,V44,LSTM,"/media/marcos/Marcos/Codigos/Predicao_Cafe_Arabica/Teste_2_reuniao_16_dez_ajuste_seed_16_01_2026/temp_models/trial_91
Modelo LSTM. Treino: 2012 a 2021. Validação: 2022. Teste: 2023.
Dataset: V44. Log Transform: Não.
Obs: ajuste de seed

Hyperparams:
input_size: 9, h: 1, lr: 9.111128578776764e-05, batch: 32, encoder n layers: 3, decoder layers: 3",2026-01-18T19:33:59
2022_cluster_0,Senhora_de_Oliveira,2023-12-31T00:00:00,1.2,1.4220755,18.51,teste,V44,LSTM,"/media/marcos/Marcos/Codigos/Predicao_Cafe_Arabica/Teste_2_reuniao_16_dez_ajuste_seed_16_01_2026/temp_models/trial_91
Modelo LSTM. Treino: 2012 a 2021. Validação: 2022. Teste: 2023.
Dataset: V44. Log Transform: Não.
Obs: ajuste de seed

Hyperparams:
input_size: 9, h: 1, lr: 9.111128578776764e-05, batch: 32, encoder n layers: 3, decoder layers: 3",2026-01-18T19:33:59
2022_cluster_0,Sericita,2023-12-31T00:00:00,1.26,0.6793571,46.08,teste,V44,LSTM,"/media/marcos/Marcos/Codigos/Predicao_Cafe_Arabica/Teste_2_reuniao_16_dez_ajuste_seed_16_01_2026/temp_models/trial_91
Modelo LSTM. Treino: 2012 a 2021. Validação: 2022. Teste: 2023.
Dataset: V44. Log Transform: Não.
Obs: ajuste de seed

Hyperparams:
input_size: 9, h: 1, lr: 9.111128578776764e-05, batch: 32, encoder n layers: 3, decoder layers: 3",2026-01-18T19:33:59
2022_cluster_0,Simonesia,2023-12-31T00:00:00,1.5,1.0832777,27.78,teste,V44,LSTM,"/media/marcos/Marcos/Codigos/Predicao_Cafe_Arabica/Teste_2_reuniao_16_dez_ajuste_seed_16_01_2026/temp_models/trial_91
Modelo LSTM. Treino: 2012 a 2021. Validação: 2022. Teste: 2023.
Dataset: V44. Log Transform: Não.
Obs: ajuste de seed

Hyperparams:
input_size: 9, h: 1, lr: 9.111128578776764e-05, batch: 32, encoder n layers: 3, decoder layers: 3",2026-01-18T19:33:59
2022_cluster_0,Tapirai,2023-12-31T00:00:00,1.55796652200868,1.2637761,18.88,teste,V44,LSTM,"/media/marcos/Marcos/Codigos/Predicao_Cafe_Arabica/Teste_2_reuniao_16_dez_ajuste_seed_16_01_2026/temp_models/trial_91
Modelo LSTM. Treino: 2012 a 2021. Validação: 2022. Teste: 2023.
Dataset: V44. Log Transform: Não.
Obs: ajuste de seed

Hyperparams:
input_size: 9, h: 1, lr: 9.111128578776764e-05, batch: 32, encoder n layers: 3, decoder layers: 3",2026-01-18T19:33:59
2022_cluster_0,Tombos,2023-12-31T00:00:00,1.32,0.66015995,49.99,teste,V44,LSTM,"/media/marcos/Marcos/Codigos/Predicao_Cafe_Arabica/Teste_2_reuniao_16_dez_ajuste_seed_16_01_2026/temp_models/trial_91
Modelo LSTM. Treino: 2012 a 2021. Validação: 2022. Teste: 2023.
Dataset: V44. Log Transform: Não.
Obs: ajuste de seed

Hyperparams:
input_size: 9, h: 1, lr: 9.111128578776764e-05, batch: 32, encoder n layers: 3, decoder layers: 3",2026-01-18T19:33:59
2022_cluster_0,Tres_Pontas,2023-12-31T00:00:00,1.59,0.63714355,59.93,teste,V44,LSTM,"/media/marcos/Marcos/Codigos/Predicao_Cafe_Arabica/Teste_2_reuniao_16_dez_ajuste_seed_16_01_2026/temp_models/trial_91
Modelo LSTM. Treino: 2012 a 2021. Validação: 2022. Teste: 2023.
Dataset: V44. Log Transform: Não.
Obs: ajuste de seed

Hyperparams:
input_size: 9, h: 1, lr: 9.111128578776764e-05, batch: 32, encoder n layers: 3, decoder layers: 3",2026-01-18T19:33:59
2022_cluster_0,Ubaporanga,2023-12-31T00:00:00,1.5,0.92917126,38.06,teste,V44,LSTM,"/media/marcos/Marcos/Codigos/Predicao_Cafe_Arabica/Teste_2_reuniao_16_dez_ajuste_seed_16_01_2026/temp_models/trial_91
Modelo LSTM. Treino: 2012 a 2021. Validação: 2022. Teste: 2023.
Dataset: V44. Log Transform: Não.
Obs: ajuste de seed

Hyperparams:
input_size: 9, h: 1, lr: 9.111128578776764e-05, batch: 32, encoder n layers: 3, decoder layers: 3",2026-01-18T19:33:59
2022_cluster_0,Vargem_Bonita,2023-12-31T00:00:00,1.487234042553192,0.87808275,40.96,teste,V44,LSTM,"/media/marcos/Marcos/Codigos/Predicao_Cafe_Arabica/Teste_2_reuniao_16_dez_ajuste_seed_16_01_2026/temp_models/trial_91
Modelo LSTM. Treino: 2012 a 2021. Validação: 2022. Teste: 2023.
Dataset: V44. Log Transform: Não.
Obs: ajuste de seed

Hyperparams:
input_size: 9, h: 1, lr: 9.111128578776764e-05, batch: 32, encoder n layers: 3, decoder layers: 3",2026-01-18T19:33:59
2022_cluster_0,Vermelho_Novo,2023-12-31T00:00:00,1.5,0.88038445,41.31,teste,V44,LSTM,"/media/marcos/Marcos/Codigos/Predicao_Cafe_Arabica/Teste_2_reuniao_16_dez_ajuste_seed_16_01_2026/temp_models/trial_91
Modelo LSTM. Treino: 2012 a 2021. Validação: 2022. Teste: 2023.
Dataset: V44. Log Transform: Não.
Obs: ajuste de seed

Hyperparams:
input_size: 9, h: 1, lr: 9.111128578776764e-05, batch: 32, encoder n layers: 3, decoder layers: 3",2026-01-18T19:33:59
2022_cluster_0,Vicosa,2023-12-31T00:00:00,1.5004329004329,0.72151613,51.91,teste,V44,LSTM,"/media/marcos/Marcos/Codigos/Predicao_Cafe_Arabica/Teste_2_reuniao_16_dez_ajuste_seed_16_01_2026/temp_models/trial_91
Modelo LSTM. Treino: 2012 a 2021. Validação: 2022. Teste: 2023.
Dataset: V44. Log Transform: Não.
Obs: ajuste de seed

Hyperparams:
input_size: 9, h: 1, lr: 9.111128578776764e-05, batch: 32, encoder n layers: 3, decoder layers: 3",2026-01-18T19:33:59
2022_cluster_0,Vieiras,2023-12-31T00:00:00,1.5,0.68897694,54.07,teste,V44,LSTM,"/media/marcos/Marcos/Codigos/Predicao_Cafe_Arabica/Teste_2_reuniao_16_dez_ajuste_seed_16_01_2026/temp_models/trial_91
Modelo LSTM. Treino: 2012 a 2021. Validação: 2022. Teste: 2023.
Dataset: V44. Log Transform: Não.
Obs: ajuste de seed

Hyperparams:
input_size: 9, h: 1, lr: 9.111128578776764e-05, batch: 32, encoder n layers: 3, decoder layers: 3",2026-01-18T19:33:59
