treino_id,unique_id,ds,y,y_pred,diferença_%,flag,dataset,modelo,comentario,data_treino
2020_cluster_1,Almenara,2020-12-31T00:00:00,0.78,0.8515834,9.18,validacao,V44,LSTM,"/media/marcos/Marcos/Codigos/Predicao_Cafe_Arabica/Teste_2_reuniao_16_dez_ajuste_seed/temp_models/trial_267
Modelo LSTM. Treino: 2012 a 2019. Validação: 2020. Teste: 2021.
Dataset: V44.
Obs: ajuste de seed

Hyperparams:
input_size: 7h: 1lr: 0.00011930778807217939batch: 32encoder n layers: 3decoder layers: 3",2026-01-07T19:02:32
2020_cluster_1,Alpinopolis,2020-12-31T00:00:00,2.765998457979954,2.235785,19.17,validacao,V44,LSTM,"/media/marcos/Marcos/Codigos/Predicao_Cafe_Arabica/Teste_2_reuniao_16_dez_ajuste_seed/temp_models/trial_267
Modelo LSTM. Treino: 2012 a 2019. Validação: 2020. Teste: 2021.
Dataset: V44.
Obs: ajuste de seed

Hyperparams:
input_size: 7h: 1lr: 0.00011930778807217939batch: 32encoder n layers: 3decoder layers: 3",2026-01-07T19:02:32
2020_cluster_1,Alterosa,2020-12-31T00:00:00,1.9800235017626318,1.7553985,11.34,validacao,V44,LSTM,"/media/marcos/Marcos/Codigos/Predicao_Cafe_Arabica/Teste_2_reuniao_16_dez_ajuste_seed/temp_models/trial_267
Modelo LSTM. Treino: 2012 a 2019. Validação: 2020. Teste: 2021.
Dataset: V44.
Obs: ajuste de seed

Hyperparams:
input_size: 7h: 1lr: 0.00011930778807217939batch: 32encoder n layers: 3decoder layers: 3",2026-01-07T19:02:32
2020_cluster_1,Andradas,2020-12-31T00:00:00,2.568,1.6673067,35.07,validacao,V44,LSTM,"/media/marcos/Marcos/Codigos/Predicao_Cafe_Arabica/Teste_2_reuniao_16_dez_ajuste_seed/temp_models/trial_267
Modelo LSTM. Treino: 2012 a 2019. Validação: 2020. Teste: 2021.
Dataset: V44.
Obs: ajuste de seed

Hyperparams:
input_size: 7h: 1lr: 0.00011930778807217939batch: 32encoder n layers: 3decoder layers: 3",2026-01-07T19:02:32
2020_cluster_1,Araguari,2020-12-31T00:00:00,1.9799646954986758,2.4114802,21.79,validacao,V44,LSTM,"/media/marcos/Marcos/Codigos/Predicao_Cafe_Arabica/Teste_2_reuniao_16_dez_ajuste_seed/temp_models/trial_267
Modelo LSTM. Treino: 2012 a 2019. Validação: 2020. Teste: 2021.
Dataset: V44.
Obs: ajuste de seed

Hyperparams:
input_size: 7h: 1lr: 0.00011930778807217939batch: 32encoder n layers: 3decoder layers: 3",2026-01-07T19:02:32
2020_cluster_1,Arapua,2020-12-31T00:00:00,1.5,1.2582259,16.12,validacao,V44,LSTM,"/media/marcos/Marcos/Codigos/Predicao_Cafe_Arabica/Teste_2_reuniao_16_dez_ajuste_seed/temp_models/trial_267
Modelo LSTM. Treino: 2012 a 2019. Validação: 2020. Teste: 2021.
Dataset: V44.
Obs: ajuste de seed

Hyperparams:
input_size: 7h: 1lr: 0.00011930778807217939batch: 32encoder n layers: 3decoder layers: 3",2026-01-07T19:02:32
2020_cluster_1,Araxa,2020-12-31T00:00:00,1.786008230452675,1.7127116,4.1,validacao,V44,LSTM,"/media/marcos/Marcos/Codigos/Predicao_Cafe_Arabica/Teste_2_reuniao_16_dez_ajuste_seed/temp_models/trial_267
Modelo LSTM. Treino: 2012 a 2019. Validação: 2020. Teste: 2021.
Dataset: V44.
Obs: ajuste de seed

Hyperparams:
input_size: 7h: 1lr: 0.00011930778807217939batch: 32encoder n layers: 3decoder layers: 3",2026-01-07T19:02:32
2020_cluster_1,Arceburgo,2020-12-31T00:00:00,1.8387096774193545,1.609132,12.49,validacao,V44,LSTM,"/media/marcos/Marcos/Codigos/Predicao_Cafe_Arabica/Teste_2_reuniao_16_dez_ajuste_seed/temp_models/trial_267
Modelo LSTM. Treino: 2012 a 2019. Validação: 2020. Teste: 2021.
Dataset: V44.
Obs: ajuste de seed

Hyperparams:
input_size: 7h: 1lr: 0.00011930778807217939batch: 32encoder n layers: 3decoder layers: 3",2026-01-07T19:02:32
2020_cluster_1,Areado,2020-12-31T00:00:00,2.078746484531941,1.8092754,12.96,validacao,V44,LSTM,"/media/marcos/Marcos/Codigos/Predicao_Cafe_Arabica/Teste_2_reuniao_16_dez_ajuste_seed/temp_models/trial_267
Modelo LSTM. Treino: 2012 a 2019. Validação: 2020. Teste: 2021.
Dataset: V44.
Obs: ajuste de seed

Hyperparams:
input_size: 7h: 1lr: 0.00011930778807217939batch: 32encoder n layers: 3decoder layers: 3",2026-01-07T19:02:32
2020_cluster_1,Bom_Jesus_da_Penha,2020-12-31T00:00:00,1.9860879243183078,2.1611772,8.82,validacao,V44,LSTM,"/media/marcos/Marcos/Codigos/Predicao_Cafe_Arabica/Teste_2_reuniao_16_dez_ajuste_seed/temp_models/trial_267
Modelo LSTM. Treino: 2012 a 2019. Validação: 2020. Teste: 2021.
Dataset: V44.
Obs: ajuste de seed

Hyperparams:
input_size: 7h: 1lr: 0.00011930778807217939batch: 32encoder n layers: 3decoder layers: 3",2026-01-07T19:02:32
2020_cluster_1,Botelhos,2020-12-31T00:00:00,1.716062736614386,1.7622905,2.69,validacao,V44,LSTM,"/media/marcos/Marcos/Codigos/Predicao_Cafe_Arabica/Teste_2_reuniao_16_dez_ajuste_seed/temp_models/trial_267
Modelo LSTM. Treino: 2012 a 2019. Validação: 2020. Teste: 2021.
Dataset: V44.
Obs: ajuste de seed

Hyperparams:
input_size: 7h: 1lr: 0.00011930778807217939batch: 32encoder n layers: 3decoder layers: 3",2026-01-07T19:02:32
2020_cluster_1,Botumirim,2020-12-31T00:00:00,0.9200000000000002,0.598523,34.94,validacao,V44,LSTM,"/media/marcos/Marcos/Codigos/Predicao_Cafe_Arabica/Teste_2_reuniao_16_dez_ajuste_seed/temp_models/trial_267
Modelo LSTM. Treino: 2012 a 2019. Validação: 2020. Teste: 2021.
Dataset: V44.
Obs: ajuste de seed

Hyperparams:
input_size: 7h: 1lr: 0.00011930778807217939batch: 32encoder n layers: 3decoder layers: 3",2026-01-07T19:02:32
2020_cluster_1,Cabo_Verde,2020-12-31T00:00:00,2.249052581714827,1.8801397,16.4,validacao,V44,LSTM,"/media/marcos/Marcos/Codigos/Predicao_Cafe_Arabica/Teste_2_reuniao_16_dez_ajuste_seed/temp_models/trial_267
Modelo LSTM. Treino: 2012 a 2019. Validação: 2020. Teste: 2021.
Dataset: V44.
Obs: ajuste de seed

Hyperparams:
input_size: 7h: 1lr: 0.00011930778807217939batch: 32encoder n layers: 3decoder layers: 3",2026-01-07T19:02:32
2020_cluster_1,Campestre,2020-12-31T00:00:00,2.138000770416025,1.6804647,21.4,validacao,V44,LSTM,"/media/marcos/Marcos/Codigos/Predicao_Cafe_Arabica/Teste_2_reuniao_16_dez_ajuste_seed/temp_models/trial_267
Modelo LSTM. Treino: 2012 a 2019. Validação: 2020. Teste: 2021.
Dataset: V44.
Obs: ajuste de seed

Hyperparams:
input_size: 7h: 1lr: 0.00011930778807217939batch: 32encoder n layers: 3decoder layers: 3",2026-01-07T19:02:32
2020_cluster_1,Capetinga,2020-12-31T00:00:00,2.213808463251671,2.0885549,5.66,validacao,V44,LSTM,"/media/marcos/Marcos/Codigos/Predicao_Cafe_Arabica/Teste_2_reuniao_16_dez_ajuste_seed/temp_models/trial_267
Modelo LSTM. Treino: 2012 a 2019. Validação: 2020. Teste: 2021.
Dataset: V44.
Obs: ajuste de seed

Hyperparams:
input_size: 7h: 1lr: 0.00011930778807217939batch: 32encoder n layers: 3decoder layers: 3",2026-01-07T19:02:32
2020_cluster_1,Carmo_do_Paranaiba,2020-12-31T00:00:00,1.9474807856532879,1.7928176,7.94,validacao,V44,LSTM,"/media/marcos/Marcos/Codigos/Predicao_Cafe_Arabica/Teste_2_reuniao_16_dez_ajuste_seed/temp_models/trial_267
Modelo LSTM. Treino: 2012 a 2019. Validação: 2020. Teste: 2021.
Dataset: V44.
Obs: ajuste de seed

Hyperparams:
input_size: 7h: 1lr: 0.00011930778807217939batch: 32encoder n layers: 3decoder layers: 3",2026-01-07T19:02:32
2020_cluster_1,Cascalho_Rico,2020-12-31T00:00:00,2.478504672897196,2.0547054,17.1,validacao,V44,LSTM,"/media/marcos/Marcos/Codigos/Predicao_Cafe_Arabica/Teste_2_reuniao_16_dez_ajuste_seed/temp_models/trial_267
Modelo LSTM. Treino: 2012 a 2019. Validação: 2020. Teste: 2021.
Dataset: V44.
Obs: ajuste de seed

Hyperparams:
input_size: 7h: 1lr: 0.00011930778807217939batch: 32encoder n layers: 3decoder layers: 3",2026-01-07T19:02:32
2020_cluster_1,Claraval,2020-12-31T00:00:00,2.796008294453085,2.038407,27.1,validacao,V44,LSTM,"/media/marcos/Marcos/Codigos/Predicao_Cafe_Arabica/Teste_2_reuniao_16_dez_ajuste_seed/temp_models/trial_267
Modelo LSTM. Treino: 2012 a 2019. Validação: 2020. Teste: 2021.
Dataset: V44.
Obs: ajuste de seed

Hyperparams:
input_size: 7h: 1lr: 0.00011930778807217939batch: 32encoder n layers: 3decoder layers: 3",2026-01-07T19:02:32
2020_cluster_1,Conceicao_da_Aparecida,2020-12-31T00:00:00,2.243948871362524,2.1111338,5.92,validacao,V44,LSTM,"/media/marcos/Marcos/Codigos/Predicao_Cafe_Arabica/Teste_2_reuniao_16_dez_ajuste_seed/temp_models/trial_267
Modelo LSTM. Treino: 2012 a 2019. Validação: 2020. Teste: 2021.
Dataset: V44.
Obs: ajuste de seed

Hyperparams:
input_size: 7h: 1lr: 0.00011930778807217939batch: 32encoder n layers: 3decoder layers: 3",2026-01-07T19:02:32
2020_cluster_1,Coromandel,2020-12-31T00:00:00,1.8189342403628115,1.964651,8.01,validacao,V44,LSTM,"/media/marcos/Marcos/Codigos/Predicao_Cafe_Arabica/Teste_2_reuniao_16_dez_ajuste_seed/temp_models/trial_267
Modelo LSTM. Treino: 2012 a 2019. Validação: 2020. Teste: 2021.
Dataset: V44.
Obs: ajuste de seed

Hyperparams:
input_size: 7h: 1lr: 0.00011930778807217939batch: 32encoder n layers: 3decoder layers: 3",2026-01-07T19:02:32
2020_cluster_1,Corrego_Fundo,2020-12-31T00:00:00,1.5,1.7313869,15.43,validacao,V44,LSTM,"/media/marcos/Marcos/Codigos/Predicao_Cafe_Arabica/Teste_2_reuniao_16_dez_ajuste_seed/temp_models/trial_267
Modelo LSTM. Treino: 2012 a 2019. Validação: 2020. Teste: 2021.
Dataset: V44.
Obs: ajuste de seed

Hyperparams:
input_size: 7h: 1lr: 0.00011930778807217939batch: 32encoder n layers: 3decoder layers: 3",2026-01-07T19:02:32
2020_cluster_1,Cruzeiro_da_Fortaleza,2020-12-31T00:00:00,2.1,1.7988704,14.34,validacao,V44,LSTM,"/media/marcos/Marcos/Codigos/Predicao_Cafe_Arabica/Teste_2_reuniao_16_dez_ajuste_seed/temp_models/trial_267
Modelo LSTM. Treino: 2012 a 2019. Validação: 2020. Teste: 2021.
Dataset: V44.
Obs: ajuste de seed

Hyperparams:
input_size: 7h: 1lr: 0.00011930778807217939batch: 32encoder n layers: 3decoder layers: 3",2026-01-07T19:02:32
2020_cluster_1,Delfinopolis,2020-12-31T00:00:00,1.8000000000000003,1.55759,13.47,validacao,V44,LSTM,"/media/marcos/Marcos/Codigos/Predicao_Cafe_Arabica/Teste_2_reuniao_16_dez_ajuste_seed/temp_models/trial_267
Modelo LSTM. Treino: 2012 a 2019. Validação: 2020. Teste: 2021.
Dataset: V44.
Obs: ajuste de seed

Hyperparams:
input_size: 7h: 1lr: 0.00011930778807217939batch: 32encoder n layers: 3decoder layers: 3",2026-01-07T19:02:32
2020_cluster_1,Divisa_Nova,2020-12-31T00:00:00,1.8000000000000003,1.7322658,3.76,validacao,V44,LSTM,"/media/marcos/Marcos/Codigos/Predicao_Cafe_Arabica/Teste_2_reuniao_16_dez_ajuste_seed/temp_models/trial_267
Modelo LSTM. Treino: 2012 a 2019. Validação: 2020. Teste: 2021.
Dataset: V44.
Obs: ajuste de seed

Hyperparams:
input_size: 7h: 1lr: 0.00011930778807217939batch: 32encoder n layers: 3decoder layers: 3",2026-01-07T19:02:32
2020_cluster_1,Dom_Cavati,2020-12-31T00:00:00,0.7894736842105263,0.55745316,29.39,validacao,V44,LSTM,"/media/marcos/Marcos/Codigos/Predicao_Cafe_Arabica/Teste_2_reuniao_16_dez_ajuste_seed/temp_models/trial_267
Modelo LSTM. Treino: 2012 a 2019. Validação: 2020. Teste: 2021.
Dataset: V44.
Obs: ajuste de seed

Hyperparams:
input_size: 7h: 1lr: 0.00011930778807217939batch: 32encoder n layers: 3decoder layers: 3",2026-01-07T19:02:32
2020_cluster_1,Dores_do_Turvo,2020-12-31T00:00:00,1.625,1.167761,28.14,validacao,V44,LSTM,"/media/marcos/Marcos/Codigos/Predicao_Cafe_Arabica/Teste_2_reuniao_16_dez_ajuste_seed/temp_models/trial_267
Modelo LSTM. Treino: 2012 a 2019. Validação: 2020. Teste: 2021.
Dataset: V44.
Obs: ajuste de seed

Hyperparams:
input_size: 7h: 1lr: 0.00011930778807217939batch: 32encoder n layers: 3decoder layers: 3",2026-01-07T19:02:32
2020_cluster_1,Estrela_do_Indaia,2020-12-31T00:00:00,1.8000000000000003,1.7102313,4.99,validacao,V44,LSTM,"/media/marcos/Marcos/Codigos/Predicao_Cafe_Arabica/Teste_2_reuniao_16_dez_ajuste_seed/temp_models/trial_267
Modelo LSTM. Treino: 2012 a 2019. Validação: 2020. Teste: 2021.
Dataset: V44.
Obs: ajuste de seed

Hyperparams:
input_size: 7h: 1lr: 0.00011930778807217939batch: 32encoder n layers: 3decoder layers: 3",2026-01-07T19:02:32
2020_cluster_1,Estrela_do_Sul,2020-12-31T00:00:00,2.0627027027027025,1.4912951,27.7,validacao,V44,LSTM,"/media/marcos/Marcos/Codigos/Predicao_Cafe_Arabica/Teste_2_reuniao_16_dez_ajuste_seed/temp_models/trial_267
Modelo LSTM. Treino: 2012 a 2019. Validação: 2020. Teste: 2021.
Dataset: V44.
Obs: ajuste de seed

Hyperparams:
input_size: 7h: 1lr: 0.00011930778807217939batch: 32encoder n layers: 3decoder layers: 3",2026-01-07T19:02:32
2020_cluster_1,Guaranesia,2020-12-31T00:00:00,1.564686285397002,1.912685,22.24,validacao,V44,LSTM,"/media/marcos/Marcos/Codigos/Predicao_Cafe_Arabica/Teste_2_reuniao_16_dez_ajuste_seed/temp_models/trial_267
Modelo LSTM. Treino: 2012 a 2019. Validação: 2020. Teste: 2021.
Dataset: V44.
Obs: ajuste de seed

Hyperparams:
input_size: 7h: 1lr: 0.00011930778807217939batch: 32encoder n layers: 3decoder layers: 3",2026-01-07T19:02:32
2020_cluster_1,Guarani,2020-12-31T00:00:00,1.127272727272727,1.9611155,73.97,validacao,V44,LSTM,"/media/marcos/Marcos/Codigos/Predicao_Cafe_Arabica/Teste_2_reuniao_16_dez_ajuste_seed/temp_models/trial_267
Modelo LSTM. Treino: 2012 a 2019. Validação: 2020. Teste: 2021.
Dataset: V44.
Obs: ajuste de seed

Hyperparams:
input_size: 7h: 1lr: 0.00011930778807217939batch: 32encoder n layers: 3decoder layers: 3",2026-01-07T19:02:32
2020_cluster_1,Guarda-Mor,2020-12-31T00:00:00,1.7994350282485878,2.005973,11.48,validacao,V44,LSTM,"/media/marcos/Marcos/Codigos/Predicao_Cafe_Arabica/Teste_2_reuniao_16_dez_ajuste_seed/temp_models/trial_267
Modelo LSTM. Treino: 2012 a 2019. Validação: 2020. Teste: 2021.
Dataset: V44.
Obs: ajuste de seed

Hyperparams:
input_size: 7h: 1lr: 0.00011930778807217939batch: 32encoder n layers: 3decoder layers: 3",2026-01-07T19:02:32
2020_cluster_1,Guaxupe,2020-12-31T00:00:00,1.7400000000000002,1.6098669,7.48,validacao,V44,LSTM,"/media/marcos/Marcos/Codigos/Predicao_Cafe_Arabica/Teste_2_reuniao_16_dez_ajuste_seed/temp_models/trial_267
Modelo LSTM. Treino: 2012 a 2019. Validação: 2020. Teste: 2021.
Dataset: V44.
Obs: ajuste de seed

Hyperparams:
input_size: 7h: 1lr: 0.00011930778807217939batch: 32encoder n layers: 3decoder layers: 3",2026-01-07T19:02:32
2020_cluster_1,Guimarania,2020-12-31T00:00:00,2.149930843706777,1.7072337,20.59,validacao,V44,LSTM,"/media/marcos/Marcos/Codigos/Predicao_Cafe_Arabica/Teste_2_reuniao_16_dez_ajuste_seed/temp_models/trial_267
Modelo LSTM. Treino: 2012 a 2019. Validação: 2020. Teste: 2021.
Dataset: V44.
Obs: ajuste de seed

Hyperparams:
input_size: 7h: 1lr: 0.00011930778807217939batch: 32encoder n layers: 3decoder layers: 3",2026-01-07T19:02:32
2020_cluster_1,Ibia,2020-12-31T00:00:00,1.746,1.4745328,15.55,validacao,V44,LSTM,"/media/marcos/Marcos/Codigos/Predicao_Cafe_Arabica/Teste_2_reuniao_16_dez_ajuste_seed/temp_models/trial_267
Modelo LSTM. Treino: 2012 a 2019. Validação: 2020. Teste: 2021.
Dataset: V44.
Obs: ajuste de seed

Hyperparams:
input_size: 7h: 1lr: 0.00011930778807217939batch: 32encoder n layers: 3decoder layers: 3",2026-01-07T19:02:32
2020_cluster_1,Ibiraci,2020-12-31T00:00:00,2.6315194346289745,2.0591106,21.75,validacao,V44,LSTM,"/media/marcos/Marcos/Codigos/Predicao_Cafe_Arabica/Teste_2_reuniao_16_dez_ajuste_seed/temp_models/trial_267
Modelo LSTM. Treino: 2012 a 2019. Validação: 2020. Teste: 2021.
Dataset: V44.
Obs: ajuste de seed

Hyperparams:
input_size: 7h: 1lr: 0.00011930778807217939batch: 32encoder n layers: 3decoder layers: 3",2026-01-07T19:02:32
2020_cluster_1,Indianopolis,2020-12-31T00:00:00,1.8000000000000003,2.0338843,12.99,validacao,V44,LSTM,"/media/marcos/Marcos/Codigos/Predicao_Cafe_Arabica/Teste_2_reuniao_16_dez_ajuste_seed/temp_models/trial_267
Modelo LSTM. Treino: 2012 a 2019. Validação: 2020. Teste: 2021.
Dataset: V44.
Obs: ajuste de seed

Hyperparams:
input_size: 7h: 1lr: 0.00011930778807217939batch: 32encoder n layers: 3decoder layers: 3",2026-01-07T19:02:32
2020_cluster_1,Itamogi,2020-12-31T00:00:00,2.400049176297025,1.8400227,23.33,validacao,V44,LSTM,"/media/marcos/Marcos/Codigos/Predicao_Cafe_Arabica/Teste_2_reuniao_16_dez_ajuste_seed/temp_models/trial_267
Modelo LSTM. Treino: 2012 a 2019. Validação: 2020. Teste: 2021.
Dataset: V44.
Obs: ajuste de seed

Hyperparams:
input_size: 7h: 1lr: 0.00011930778807217939batch: 32encoder n layers: 3decoder layers: 3",2026-01-07T19:02:32
2020_cluster_1,Itanhomi,2020-12-31T00:00:00,1.26,0.77415514,38.56,validacao,V44,LSTM,"/media/marcos/Marcos/Codigos/Predicao_Cafe_Arabica/Teste_2_reuniao_16_dez_ajuste_seed/temp_models/trial_267
Modelo LSTM. Treino: 2012 a 2019. Validação: 2020. Teste: 2021.
Dataset: V44.
Obs: ajuste de seed

Hyperparams:
input_size: 7h: 1lr: 0.00011930778807217939batch: 32encoder n layers: 3decoder layers: 3",2026-01-07T19:02:32
2020_cluster_1,Jacui,2020-12-31T00:00:00,1.68,1.6814437,0.09,validacao,V44,LSTM,"/media/marcos/Marcos/Codigos/Predicao_Cafe_Arabica/Teste_2_reuniao_16_dez_ajuste_seed/temp_models/trial_267
Modelo LSTM. Treino: 2012 a 2019. Validação: 2020. Teste: 2021.
Dataset: V44.
Obs: ajuste de seed

Hyperparams:
input_size: 7h: 1lr: 0.00011930778807217939batch: 32encoder n layers: 3decoder layers: 3",2026-01-07T19:02:32
2020_cluster_1,Jacutinga,2020-12-31T00:00:00,1.8000000000000003,1.5285122,15.08,validacao,V44,LSTM,"/media/marcos/Marcos/Codigos/Predicao_Cafe_Arabica/Teste_2_reuniao_16_dez_ajuste_seed/temp_models/trial_267
Modelo LSTM. Treino: 2012 a 2019. Validação: 2020. Teste: 2021.
Dataset: V44.
Obs: ajuste de seed

Hyperparams:
input_size: 7h: 1lr: 0.00011930778807217939batch: 32encoder n layers: 3decoder layers: 3",2026-01-07T19:02:32
2020_cluster_1,Juruaia,2020-12-31T00:00:00,1.92,1.72229,10.3,validacao,V44,LSTM,"/media/marcos/Marcos/Codigos/Predicao_Cafe_Arabica/Teste_2_reuniao_16_dez_ajuste_seed/temp_models/trial_267
Modelo LSTM. Treino: 2012 a 2019. Validação: 2020. Teste: 2021.
Dataset: V44.
Obs: ajuste de seed

Hyperparams:
input_size: 7h: 1lr: 0.00011930778807217939batch: 32encoder n layers: 3decoder layers: 3",2026-01-07T19:02:32
2020_cluster_1,Lagoa_Dourada,2020-12-31T00:00:00,2.1,2.126611,1.27,validacao,V44,LSTM,"/media/marcos/Marcos/Codigos/Predicao_Cafe_Arabica/Teste_2_reuniao_16_dez_ajuste_seed/temp_models/trial_267
Modelo LSTM. Treino: 2012 a 2019. Validação: 2020. Teste: 2021.
Dataset: V44.
Obs: ajuste de seed

Hyperparams:
input_size: 7h: 1lr: 0.00011930778807217939batch: 32encoder n layers: 3decoder layers: 3",2026-01-07T19:02:32
2020_cluster_1,Lagoa_Formosa,2020-12-31T00:00:00,2.5494505494505484,2.1037776,17.48,validacao,V44,LSTM,"/media/marcos/Marcos/Codigos/Predicao_Cafe_Arabica/Teste_2_reuniao_16_dez_ajuste_seed/temp_models/trial_267
Modelo LSTM. Treino: 2012 a 2019. Validação: 2020. Teste: 2021.
Dataset: V44.
Obs: ajuste de seed

Hyperparams:
input_size: 7h: 1lr: 0.00011930778807217939batch: 32encoder n layers: 3decoder layers: 3",2026-01-07T19:02:32
2020_cluster_1,Lagoa_Grande,2020-12-31T00:00:00,2.4,1.7136595,28.6,validacao,V44,LSTM,"/media/marcos/Marcos/Codigos/Predicao_Cafe_Arabica/Teste_2_reuniao_16_dez_ajuste_seed/temp_models/trial_267
Modelo LSTM. Treino: 2012 a 2019. Validação: 2020. Teste: 2021.
Dataset: V44.
Obs: ajuste de seed

Hyperparams:
input_size: 7h: 1lr: 0.00011930778807217939batch: 32encoder n layers: 3decoder layers: 3",2026-01-07T19:02:32
2020_cluster_1,Matutina,2020-12-31T00:00:00,1.8299595141700402,1.6511526,9.77,validacao,V44,LSTM,"/media/marcos/Marcos/Codigos/Predicao_Cafe_Arabica/Teste_2_reuniao_16_dez_ajuste_seed/temp_models/trial_267
Modelo LSTM. Treino: 2012 a 2019. Validação: 2020. Teste: 2021.
Dataset: V44.
Obs: ajuste de seed

Hyperparams:
input_size: 7h: 1lr: 0.00011930778807217939batch: 32encoder n layers: 3decoder layers: 3",2026-01-07T19:02:32
2020_cluster_1,Monte_Belo,2020-12-31T00:00:00,1.8000000000000003,1.7348018,3.62,validacao,V44,LSTM,"/media/marcos/Marcos/Codigos/Predicao_Cafe_Arabica/Teste_2_reuniao_16_dez_ajuste_seed/temp_models/trial_267
Modelo LSTM. Treino: 2012 a 2019. Validação: 2020. Teste: 2021.
Dataset: V44.
Obs: ajuste de seed

Hyperparams:
input_size: 7h: 1lr: 0.00011930778807217939batch: 32encoder n layers: 3decoder layers: 3",2026-01-07T19:02:32
2020_cluster_1,Monte_Carmelo,2020-12-31T00:00:00,1.9799999999999998,2.1347108,7.81,validacao,V44,LSTM,"/media/marcos/Marcos/Codigos/Predicao_Cafe_Arabica/Teste_2_reuniao_16_dez_ajuste_seed/temp_models/trial_267
Modelo LSTM. Treino: 2012 a 2019. Validação: 2020. Teste: 2021.
Dataset: V44.
Obs: ajuste de seed

Hyperparams:
input_size: 7h: 1lr: 0.00011930778807217939batch: 32encoder n layers: 3decoder layers: 3",2026-01-07T19:02:32
2020_cluster_1,Monte_Santo_de_Minas,2020-12-31T00:00:00,2.123987903619159,1.778481,16.27,validacao,V44,LSTM,"/media/marcos/Marcos/Codigos/Predicao_Cafe_Arabica/Teste_2_reuniao_16_dez_ajuste_seed/temp_models/trial_267
Modelo LSTM. Treino: 2012 a 2019. Validação: 2020. Teste: 2021.
Dataset: V44.
Obs: ajuste de seed

Hyperparams:
input_size: 7h: 1lr: 0.00011930778807217939batch: 32encoder n layers: 3decoder layers: 3",2026-01-07T19:02:32
2020_cluster_1,Muzambinho,2020-12-31T00:00:00,1.764006791171477,1.702982,3.46,validacao,V44,LSTM,"/media/marcos/Marcos/Codigos/Predicao_Cafe_Arabica/Teste_2_reuniao_16_dez_ajuste_seed/temp_models/trial_267
Modelo LSTM. Treino: 2012 a 2019. Validação: 2020. Teste: 2021.
Dataset: V44.
Obs: ajuste de seed

Hyperparams:
input_size: 7h: 1lr: 0.00011930778807217939batch: 32encoder n layers: 3decoder layers: 3",2026-01-07T19:02:32
2020_cluster_1,Nova_Resende,2020-12-31T00:00:00,2.353040067245727,2.0487845,12.93,validacao,V44,LSTM,"/media/marcos/Marcos/Codigos/Predicao_Cafe_Arabica/Teste_2_reuniao_16_dez_ajuste_seed/temp_models/trial_267
Modelo LSTM. Treino: 2012 a 2019. Validação: 2020. Teste: 2021.
Dataset: V44.
Obs: ajuste de seed

Hyperparams:
input_size: 7h: 1lr: 0.00011930778807217939batch: 32encoder n layers: 3decoder layers: 3",2026-01-07T19:02:32
2020_cluster_1,Passos,2020-12-31T00:00:00,1.62,1.5837545,2.24,validacao,V44,LSTM,"/media/marcos/Marcos/Codigos/Predicao_Cafe_Arabica/Teste_2_reuniao_16_dez_ajuste_seed/temp_models/trial_267
Modelo LSTM. Treino: 2012 a 2019. Validação: 2020. Teste: 2021.
Dataset: V44.
Obs: ajuste de seed

Hyperparams:
input_size: 7h: 1lr: 0.00011930778807217939batch: 32encoder n layers: 3decoder layers: 3",2026-01-07T19:02:32
2020_cluster_1,Patis,2020-12-31T00:00:00,3.6000000000000005,1.2090862,66.41,validacao,V44,LSTM,"/media/marcos/Marcos/Codigos/Predicao_Cafe_Arabica/Teste_2_reuniao_16_dez_ajuste_seed/temp_models/trial_267
Modelo LSTM. Treino: 2012 a 2019. Validação: 2020. Teste: 2021.
Dataset: V44.
Obs: ajuste de seed

Hyperparams:
input_size: 7h: 1lr: 0.00011930778807217939batch: 32encoder n layers: 3decoder layers: 3",2026-01-07T19:02:32
2020_cluster_1,Patos_de_Minas,2020-12-31T00:00:00,1.941759465478842,1.9115082,1.56,validacao,V44,LSTM,"/media/marcos/Marcos/Codigos/Predicao_Cafe_Arabica/Teste_2_reuniao_16_dez_ajuste_seed/temp_models/trial_267
Modelo LSTM. Treino: 2012 a 2019. Validação: 2020. Teste: 2021.
Dataset: V44.
Obs: ajuste de seed

Hyperparams:
input_size: 7h: 1lr: 0.00011930778807217939batch: 32encoder n layers: 3decoder layers: 3",2026-01-07T19:02:32
2020_cluster_1,Patrocinio,2020-12-31T00:00:00,1.7479986236953782,1.7759506,1.6,validacao,V44,LSTM,"/media/marcos/Marcos/Codigos/Predicao_Cafe_Arabica/Teste_2_reuniao_16_dez_ajuste_seed/temp_models/trial_267
Modelo LSTM. Treino: 2012 a 2019. Validação: 2020. Teste: 2021.
Dataset: V44.
Obs: ajuste de seed

Hyperparams:
input_size: 7h: 1lr: 0.00011930778807217939batch: 32encoder n layers: 3decoder layers: 3",2026-01-07T19:02:32
2020_cluster_1,Pedrinopolis,2020-12-31T00:00:00,2.158490566037736,1.5531051,28.05,validacao,V44,LSTM,"/media/marcos/Marcos/Codigos/Predicao_Cafe_Arabica/Teste_2_reuniao_16_dez_ajuste_seed/temp_models/trial_267
Modelo LSTM. Treino: 2012 a 2019. Validação: 2020. Teste: 2021.
Dataset: V44.
Obs: ajuste de seed

Hyperparams:
input_size: 7h: 1lr: 0.00011930778807217939batch: 32encoder n layers: 3decoder layers: 3",2026-01-07T19:02:32
2020_cluster_1,Perdizes,2020-12-31T00:00:00,2.050845253576073,1.7878177,12.83,validacao,V44,LSTM,"/media/marcos/Marcos/Codigos/Predicao_Cafe_Arabica/Teste_2_reuniao_16_dez_ajuste_seed/temp_models/trial_267
Modelo LSTM. Treino: 2012 a 2019. Validação: 2020. Teste: 2021.
Dataset: V44.
Obs: ajuste de seed

Hyperparams:
input_size: 7h: 1lr: 0.00011930778807217939batch: 32encoder n layers: 3decoder layers: 3",2026-01-07T19:02:32
2020_cluster_1,Piracema,2020-12-31T00:00:00,1.333333333333333,1.3582512,1.87,validacao,V44,LSTM,"/media/marcos/Marcos/Codigos/Predicao_Cafe_Arabica/Teste_2_reuniao_16_dez_ajuste_seed/temp_models/trial_267
Modelo LSTM. Treino: 2012 a 2019. Validação: 2020. Teste: 2021.
Dataset: V44.
Obs: ajuste de seed

Hyperparams:
input_size: 7h: 1lr: 0.00011930778807217939batch: 32encoder n layers: 3decoder layers: 3",2026-01-07T19:02:32
2020_cluster_1,Ponto_dos_Volantes,2020-12-31T00:00:00,0.631578947368421,0.520227,17.63,validacao,V44,LSTM,"/media/marcos/Marcos/Codigos/Predicao_Cafe_Arabica/Teste_2_reuniao_16_dez_ajuste_seed/temp_models/trial_267
Modelo LSTM. Treino: 2012 a 2019. Validação: 2020. Teste: 2021.
Dataset: V44.
Obs: ajuste de seed

Hyperparams:
input_size: 7h: 1lr: 0.00011930778807217939batch: 32encoder n layers: 3decoder layers: 3",2026-01-07T19:02:32
2020_cluster_1,Pratapolis,2020-12-31T00:00:00,2.4022988505747116,2.0303063,15.48,validacao,V44,LSTM,"/media/marcos/Marcos/Codigos/Predicao_Cafe_Arabica/Teste_2_reuniao_16_dez_ajuste_seed/temp_models/trial_267
Modelo LSTM. Treino: 2012 a 2019. Validação: 2020. Teste: 2021.
Dataset: V44.
Obs: ajuste de seed

Hyperparams:
input_size: 7h: 1lr: 0.00011930778807217939batch: 32encoder n layers: 3decoder layers: 3",2026-01-07T19:02:32
2020_cluster_1,Pratinha,2020-12-31T00:00:00,2.1,1.6952059,19.28,validacao,V44,LSTM,"/media/marcos/Marcos/Codigos/Predicao_Cafe_Arabica/Teste_2_reuniao_16_dez_ajuste_seed/temp_models/trial_267
Modelo LSTM. Treino: 2012 a 2019. Validação: 2020. Teste: 2021.
Dataset: V44.
Obs: ajuste de seed

Hyperparams:
input_size: 7h: 1lr: 0.00011930778807217939batch: 32encoder n layers: 3decoder layers: 3",2026-01-07T19:02:32
2020_cluster_1,Presidente_Kubitschek,2020-12-31T00:00:00,1.789473684210526,1.3133663,26.61,validacao,V44,LSTM,"/media/marcos/Marcos/Codigos/Predicao_Cafe_Arabica/Teste_2_reuniao_16_dez_ajuste_seed/temp_models/trial_267
Modelo LSTM. Treino: 2012 a 2019. Validação: 2020. Teste: 2021.
Dataset: V44.
Obs: ajuste de seed

Hyperparams:
input_size: 7h: 1lr: 0.00011930778807217939batch: 32encoder n layers: 3decoder layers: 3",2026-01-07T19:02:32
2020_cluster_1,Presidente_Olegario,2020-12-31T00:00:00,1.9814229249011865,2.1226392,7.13,validacao,V44,LSTM,"/media/marcos/Marcos/Codigos/Predicao_Cafe_Arabica/Teste_2_reuniao_16_dez_ajuste_seed/temp_models/trial_267
Modelo LSTM. Treino: 2012 a 2019. Validação: 2020. Teste: 2021.
Dataset: V44.
Obs: ajuste de seed

Hyperparams:
input_size: 7h: 1lr: 0.00011930778807217939batch: 32encoder n layers: 3decoder layers: 3",2026-01-07T19:02:32
2020_cluster_1,Quartel_Geral,2020-12-31T00:00:00,3.6000000000000005,2.6171484,27.3,validacao,V44,LSTM,"/media/marcos/Marcos/Codigos/Predicao_Cafe_Arabica/Teste_2_reuniao_16_dez_ajuste_seed/temp_models/trial_267
Modelo LSTM. Treino: 2012 a 2019. Validação: 2020. Teste: 2021.
Dataset: V44.
Obs: ajuste de seed

Hyperparams:
input_size: 7h: 1lr: 0.00011930778807217939batch: 32encoder n layers: 3decoder layers: 3",2026-01-07T19:02:32
2020_cluster_1,Rio_Paranaiba,2020-12-31T00:00:00,1.818897637795276,1.4824256,18.5,validacao,V44,LSTM,"/media/marcos/Marcos/Codigos/Predicao_Cafe_Arabica/Teste_2_reuniao_16_dez_ajuste_seed/temp_models/trial_267
Modelo LSTM. Treino: 2012 a 2019. Validação: 2020. Teste: 2021.
Dataset: V44.
Obs: ajuste de seed

Hyperparams:
input_size: 7h: 1lr: 0.00011930778807217939batch: 32encoder n layers: 3decoder layers: 3",2026-01-07T19:02:32
2020_cluster_1,Rio_Vermelho,2020-12-31T00:00:00,0.9333333333333331,1.0827575,16.01,validacao,V44,LSTM,"/media/marcos/Marcos/Codigos/Predicao_Cafe_Arabica/Teste_2_reuniao_16_dez_ajuste_seed/temp_models/trial_267
Modelo LSTM. Treino: 2012 a 2019. Validação: 2020. Teste: 2021.
Dataset: V44.
Obs: ajuste de seed

Hyperparams:
input_size: 7h: 1lr: 0.00011930778807217939batch: 32encoder n layers: 3decoder layers: 3",2026-01-07T19:02:32
2020_cluster_1,Romaria,2020-12-31T00:00:00,2.330769230769231,2.2061892,5.35,validacao,V44,LSTM,"/media/marcos/Marcos/Codigos/Predicao_Cafe_Arabica/Teste_2_reuniao_16_dez_ajuste_seed/temp_models/trial_267
Modelo LSTM. Treino: 2012 a 2019. Validação: 2020. Teste: 2021.
Dataset: V44.
Obs: ajuste de seed

Hyperparams:
input_size: 7h: 1lr: 0.00011930778807217939batch: 32encoder n layers: 3decoder layers: 3",2026-01-07T19:02:32
2020_cluster_1,Sacramento,2020-12-31T00:00:00,1.8321428571428573,1.6755077,8.55,validacao,V44,LSTM,"/media/marcos/Marcos/Codigos/Predicao_Cafe_Arabica/Teste_2_reuniao_16_dez_ajuste_seed/temp_models/trial_267
Modelo LSTM. Treino: 2012 a 2019. Validação: 2020. Teste: 2021.
Dataset: V44.
Obs: ajuste de seed

Hyperparams:
input_size: 7h: 1lr: 0.00011930778807217939batch: 32encoder n layers: 3decoder layers: 3",2026-01-07T19:02:32
2020_cluster_1,Santa_Rosa_da_Serra,2020-12-31T00:00:00,2.1,1.8497239,11.92,validacao,V44,LSTM,"/media/marcos/Marcos/Codigos/Predicao_Cafe_Arabica/Teste_2_reuniao_16_dez_ajuste_seed/temp_models/trial_267
Modelo LSTM. Treino: 2012 a 2019. Validação: 2020. Teste: 2021.
Dataset: V44.
Obs: ajuste de seed

Hyperparams:
input_size: 7h: 1lr: 0.00011930778807217939batch: 32encoder n layers: 3decoder layers: 3",2026-01-07T19:02:32
2020_cluster_1,Santo_Antonio_do_Amparo,2020-12-31T00:00:00,2.1,1.6275487,22.5,validacao,V44,LSTM,"/media/marcos/Marcos/Codigos/Predicao_Cafe_Arabica/Teste_2_reuniao_16_dez_ajuste_seed/temp_models/trial_267
Modelo LSTM. Treino: 2012 a 2019. Validação: 2020. Teste: 2021.
Dataset: V44.
Obs: ajuste de seed

Hyperparams:
input_size: 7h: 1lr: 0.00011930778807217939batch: 32encoder n layers: 3decoder layers: 3",2026-01-07T19:02:32
2020_cluster_1,Sao_Goncalo_do_Abaete,2020-12-31T00:00:00,2.44,2.0795908,14.77,validacao,V44,LSTM,"/media/marcos/Marcos/Codigos/Predicao_Cafe_Arabica/Teste_2_reuniao_16_dez_ajuste_seed/temp_models/trial_267
Modelo LSTM. Treino: 2012 a 2019. Validação: 2020. Teste: 2021.
Dataset: V44.
Obs: ajuste de seed

Hyperparams:
input_size: 7h: 1lr: 0.00011930778807217939batch: 32encoder n layers: 3decoder layers: 3",2026-01-07T19:02:32
2020_cluster_1,Sao_Gotardo,2020-12-31T00:00:00,1.38027397260274,1.6375833,18.64,validacao,V44,LSTM,"/media/marcos/Marcos/Codigos/Predicao_Cafe_Arabica/Teste_2_reuniao_16_dez_ajuste_seed/temp_models/trial_267
Modelo LSTM. Treino: 2012 a 2019. Validação: 2020. Teste: 2021.
Dataset: V44.
Obs: ajuste de seed

Hyperparams:
input_size: 7h: 1lr: 0.00011930778807217939batch: 32encoder n layers: 3decoder layers: 3",2026-01-07T19:02:32
2020_cluster_1,Sao_Joao_Batista_do_Gloria,2020-12-31T00:00:00,1.5,1.6149131,7.66,validacao,V44,LSTM,"/media/marcos/Marcos/Codigos/Predicao_Cafe_Arabica/Teste_2_reuniao_16_dez_ajuste_seed/temp_models/trial_267
Modelo LSTM. Treino: 2012 a 2019. Validação: 2020. Teste: 2021.
Dataset: V44.
Obs: ajuste de seed

Hyperparams:
input_size: 7h: 1lr: 0.00011930778807217939batch: 32encoder n layers: 3decoder layers: 3",2026-01-07T19:02:32
2020_cluster_1,Sao_Pedro_da_Uniao,2020-12-31T00:00:00,2.1,1.7460232,16.86,validacao,V44,LSTM,"/media/marcos/Marcos/Codigos/Predicao_Cafe_Arabica/Teste_2_reuniao_16_dez_ajuste_seed/temp_models/trial_267
Modelo LSTM. Treino: 2012 a 2019. Validação: 2020. Teste: 2021.
Dataset: V44.
Obs: ajuste de seed

Hyperparams:
input_size: 7h: 1lr: 0.00011930778807217939batch: 32encoder n layers: 3decoder layers: 3",2026-01-07T19:02:32
2020_cluster_1,Sao_Sebastiao_do_Paraiso,2020-12-31T00:00:00,1.929071661237785,1.6996636,11.89,validacao,V44,LSTM,"/media/marcos/Marcos/Codigos/Predicao_Cafe_Arabica/Teste_2_reuniao_16_dez_ajuste_seed/temp_models/trial_267
Modelo LSTM. Treino: 2012 a 2019. Validação: 2020. Teste: 2021.
Dataset: V44.
Obs: ajuste de seed

Hyperparams:
input_size: 7h: 1lr: 0.00011930778807217939batch: 32encoder n layers: 3decoder layers: 3",2026-01-07T19:02:32
2020_cluster_1,Serra_do_Salitre,2020-12-31T00:00:00,1.8000000000000003,1.7727389,1.51,validacao,V44,LSTM,"/media/marcos/Marcos/Codigos/Predicao_Cafe_Arabica/Teste_2_reuniao_16_dez_ajuste_seed/temp_models/trial_267
Modelo LSTM. Treino: 2012 a 2019. Validação: 2020. Teste: 2021.
Dataset: V44.
Obs: ajuste de seed

Hyperparams:
input_size: 7h: 1lr: 0.00011930778807217939batch: 32encoder n layers: 3decoder layers: 3",2026-01-07T19:02:32
2020_cluster_1,Tapira,2020-12-31T00:00:00,2.1013698630136997,1.938763,7.74,validacao,V44,LSTM,"/media/marcos/Marcos/Codigos/Predicao_Cafe_Arabica/Teste_2_reuniao_16_dez_ajuste_seed/temp_models/trial_267
Modelo LSTM. Treino: 2012 a 2019. Validação: 2020. Teste: 2021.
Dataset: V44.
Obs: ajuste de seed

Hyperparams:
input_size: 7h: 1lr: 0.00011930778807217939batch: 32encoder n layers: 3decoder layers: 3",2026-01-07T19:02:32
2020_cluster_1,Tiros,2020-12-31T00:00:00,1.7402352941176473,1.434806,17.55,validacao,V44,LSTM,"/media/marcos/Marcos/Codigos/Predicao_Cafe_Arabica/Teste_2_reuniao_16_dez_ajuste_seed/temp_models/trial_267
Modelo LSTM. Treino: 2012 a 2019. Validação: 2020. Teste: 2021.
Dataset: V44.
Obs: ajuste de seed

Hyperparams:
input_size: 7h: 1lr: 0.00011930778807217939batch: 32encoder n layers: 3decoder layers: 3",2026-01-07T19:02:32
2020_cluster_1,Tupaciguara,2020-12-31T00:00:00,2.1,2.2544622,7.36,validacao,V44,LSTM,"/media/marcos/Marcos/Codigos/Predicao_Cafe_Arabica/Teste_2_reuniao_16_dez_ajuste_seed/temp_models/trial_267
Modelo LSTM. Treino: 2012 a 2019. Validação: 2020. Teste: 2021.
Dataset: V44.
Obs: ajuste de seed

Hyperparams:
input_size: 7h: 1lr: 0.00011930778807217939batch: 32encoder n layers: 3decoder layers: 3",2026-01-07T19:02:32
2020_cluster_1,Uberaba,2020-12-31T00:00:00,2.5325581395348844,2.0611444,18.61,validacao,V44,LSTM,"/media/marcos/Marcos/Codigos/Predicao_Cafe_Arabica/Teste_2_reuniao_16_dez_ajuste_seed/temp_models/trial_267
Modelo LSTM. Treino: 2012 a 2019. Validação: 2020. Teste: 2021.
Dataset: V44.
Obs: ajuste de seed

Hyperparams:
input_size: 7h: 1lr: 0.00011930778807217939batch: 32encoder n layers: 3decoder layers: 3",2026-01-07T19:02:32
2020_cluster_1,Uberlandia,2020-12-31T00:00:00,1.9207547169811319,1.8995765,1.1,validacao,V44,LSTM,"/media/marcos/Marcos/Codigos/Predicao_Cafe_Arabica/Teste_2_reuniao_16_dez_ajuste_seed/temp_models/trial_267
Modelo LSTM. Treino: 2012 a 2019. Validação: 2020. Teste: 2021.
Dataset: V44.
Obs: ajuste de seed

Hyperparams:
input_size: 7h: 1lr: 0.00011930778807217939batch: 32encoder n layers: 3decoder layers: 3",2026-01-07T19:02:32
2020_cluster_1,Unai,2020-12-31T00:00:00,2.3398907103825146,2.8093696,20.06,validacao,V44,LSTM,"/media/marcos/Marcos/Codigos/Predicao_Cafe_Arabica/Teste_2_reuniao_16_dez_ajuste_seed/temp_models/trial_267
Modelo LSTM. Treino: 2012 a 2019. Validação: 2020. Teste: 2021.
Dataset: V44.
Obs: ajuste de seed

Hyperparams:
input_size: 7h: 1lr: 0.00011930778807217939batch: 32encoder n layers: 3decoder layers: 3",2026-01-07T19:02:32
2020_cluster_1,Varginha,2020-12-31T00:00:00,1.8999779687155756,1.8270696,3.84,validacao,V44,LSTM,"/media/marcos/Marcos/Codigos/Predicao_Cafe_Arabica/Teste_2_reuniao_16_dez_ajuste_seed/temp_models/trial_267
Modelo LSTM. Treino: 2012 a 2019. Validação: 2020. Teste: 2021.
Dataset: V44.
Obs: ajuste de seed

Hyperparams:
input_size: 7h: 1lr: 0.00011930778807217939batch: 32encoder n layers: 3decoder layers: 3",2026-01-07T19:02:32
2020_cluster_1,Varjao_de_Minas,2020-12-31T00:00:00,2.519786096256685,2.4800453,1.58,validacao,V44,LSTM,"/media/marcos/Marcos/Codigos/Predicao_Cafe_Arabica/Teste_2_reuniao_16_dez_ajuste_seed/temp_models/trial_267
Modelo LSTM. Treino: 2012 a 2019. Validação: 2020. Teste: 2021.
Dataset: V44.
Obs: ajuste de seed

Hyperparams:
input_size: 7h: 1lr: 0.00011930778807217939batch: 32encoder n layers: 3decoder layers: 3",2026-01-07T19:02:32
2020_cluster_1,Virginopolis,2020-12-31T00:00:00,1.626666666666667,1.3116343,19.37,validacao,V44,LSTM,"/media/marcos/Marcos/Codigos/Predicao_Cafe_Arabica/Teste_2_reuniao_16_dez_ajuste_seed/temp_models/trial_267
Modelo LSTM. Treino: 2012 a 2019. Validação: 2020. Teste: 2021.
Dataset: V44.
Obs: ajuste de seed

Hyperparams:
input_size: 7h: 1lr: 0.00011930778807217939batch: 32encoder n layers: 3decoder layers: 3",2026-01-07T19:02:32
2020_cluster_1,Almenara,2021-12-31T00:00:00,0.78,0.51945436,33.4,teste,V44,LSTM,"/media/marcos/Marcos/Codigos/Predicao_Cafe_Arabica/Teste_2_reuniao_16_dez_ajuste_seed/temp_models/trial_267
Modelo LSTM. Treino: 2012 a 2019. Validação: 2020. Teste: 2021.
Dataset: V44.
Obs: ajuste de seed

Hyperparams:
input_size: 7h: 1lr: 0.00011930778807217939batch: 32encoder n layers: 3decoder layers: 3",2026-01-07T19:02:32
2020_cluster_1,Alpinopolis,2021-12-31T00:00:00,1.6799314546839301,2.1621253,28.7,teste,V44,LSTM,"/media/marcos/Marcos/Codigos/Predicao_Cafe_Arabica/Teste_2_reuniao_16_dez_ajuste_seed/temp_models/trial_267
Modelo LSTM. Treino: 2012 a 2019. Validação: 2020. Teste: 2021.
Dataset: V44.
Obs: ajuste de seed

Hyperparams:
input_size: 7h: 1lr: 0.00011930778807217939batch: 32encoder n layers: 3decoder layers: 3",2026-01-07T19:02:32
2020_cluster_1,Alterosa,2021-12-31T00:00:00,1.08,1.728296,60.03,teste,V44,LSTM,"/media/marcos/Marcos/Codigos/Predicao_Cafe_Arabica/Teste_2_reuniao_16_dez_ajuste_seed/temp_models/trial_267
Modelo LSTM. Treino: 2012 a 2019. Validação: 2020. Teste: 2021.
Dataset: V44.
Obs: ajuste de seed

Hyperparams:
input_size: 7h: 1lr: 0.00011930778807217939batch: 32encoder n layers: 3decoder layers: 3",2026-01-07T19:02:32
2020_cluster_1,Andradas,2021-12-31T00:00:00,1.26,1.581553,25.52,teste,V44,LSTM,"/media/marcos/Marcos/Codigos/Predicao_Cafe_Arabica/Teste_2_reuniao_16_dez_ajuste_seed/temp_models/trial_267
Modelo LSTM. Treino: 2012 a 2019. Validação: 2020. Teste: 2021.
Dataset: V44.
Obs: ajuste de seed

Hyperparams:
input_size: 7h: 1lr: 0.00011930778807217939batch: 32encoder n layers: 3decoder layers: 3",2026-01-07T19:02:32
2020_cluster_1,Araguari,2021-12-31T00:00:00,1.8600340136054423,1.0025935,46.1,teste,V44,LSTM,"/media/marcos/Marcos/Codigos/Predicao_Cafe_Arabica/Teste_2_reuniao_16_dez_ajuste_seed/temp_models/trial_267
Modelo LSTM. Treino: 2012 a 2019. Validação: 2020. Teste: 2021.
Dataset: V44.
Obs: ajuste de seed

Hyperparams:
input_size: 7h: 1lr: 0.00011930778807217939batch: 32encoder n layers: 3decoder layers: 3",2026-01-07T19:02:32
2020_cluster_1,Arapua,2021-12-31T00:00:00,1.32,0.7209568,45.38,teste,V44,LSTM,"/media/marcos/Marcos/Codigos/Predicao_Cafe_Arabica/Teste_2_reuniao_16_dez_ajuste_seed/temp_models/trial_267
Modelo LSTM. Treino: 2012 a 2019. Validação: 2020. Teste: 2021.
Dataset: V44.
Obs: ajuste de seed

Hyperparams:
input_size: 7h: 1lr: 0.00011930778807217939batch: 32encoder n layers: 3decoder layers: 3",2026-01-07T19:02:32
2020_cluster_1,Araxa,2021-12-31T00:00:00,1.250440917107584,1.1579516,7.4,teste,V44,LSTM,"/media/marcos/Marcos/Codigos/Predicao_Cafe_Arabica/Teste_2_reuniao_16_dez_ajuste_seed/temp_models/trial_267
Modelo LSTM. Treino: 2012 a 2019. Validação: 2020. Teste: 2021.
Dataset: V44.
Obs: ajuste de seed

Hyperparams:
input_size: 7h: 1lr: 0.00011930778807217939batch: 32encoder n layers: 3decoder layers: 3",2026-01-07T19:02:32
2020_cluster_1,Arceburgo,2021-12-31T00:00:00,1.354903268845897,1.6602485,22.54,teste,V44,LSTM,"/media/marcos/Marcos/Codigos/Predicao_Cafe_Arabica/Teste_2_reuniao_16_dez_ajuste_seed/temp_models/trial_267
Modelo LSTM. Treino: 2012 a 2019. Validação: 2020. Teste: 2021.
Dataset: V44.
Obs: ajuste de seed

Hyperparams:
input_size: 7h: 1lr: 0.00011930778807217939batch: 32encoder n layers: 3decoder layers: 3",2026-01-07T19:02:32
2020_cluster_1,Areado,2021-12-31T00:00:00,1.5228426395939092,1.8164676,19.28,teste,V44,LSTM,"/media/marcos/Marcos/Codigos/Predicao_Cafe_Arabica/Teste_2_reuniao_16_dez_ajuste_seed/temp_models/trial_267
Modelo LSTM. Treino: 2012 a 2019. Validação: 2020. Teste: 2021.
Dataset: V44.
Obs: ajuste de seed

Hyperparams:
input_size: 7h: 1lr: 0.00011930778807217939batch: 32encoder n layers: 3decoder layers: 3",2026-01-07T19:02:32
2020_cluster_1,Bom_Jesus_da_Penha,2021-12-31T00:00:00,1.519900497512438,2.0092525,32.2,teste,V44,LSTM,"/media/marcos/Marcos/Codigos/Predicao_Cafe_Arabica/Teste_2_reuniao_16_dez_ajuste_seed/temp_models/trial_267
Modelo LSTM. Treino: 2012 a 2019. Validação: 2020. Teste: 2021.
Dataset: V44.
Obs: ajuste de seed

Hyperparams:
input_size: 7h: 1lr: 0.00011930778807217939batch: 32encoder n layers: 3decoder layers: 3",2026-01-07T19:02:32
2020_cluster_1,Botelhos,2021-12-31T00:00:00,1.26,1.9091071,51.52,teste,V44,LSTM,"/media/marcos/Marcos/Codigos/Predicao_Cafe_Arabica/Teste_2_reuniao_16_dez_ajuste_seed/temp_models/trial_267
Modelo LSTM. Treino: 2012 a 2019. Validação: 2020. Teste: 2021.
Dataset: V44.
Obs: ajuste de seed

Hyperparams:
input_size: 7h: 1lr: 0.00011930778807217939batch: 32encoder n layers: 3decoder layers: 3",2026-01-07T19:02:32
2020_cluster_1,Botumirim,2021-12-31T00:00:00,0.7241379310344828,0.39508635,45.44,teste,V44,LSTM,"/media/marcos/Marcos/Codigos/Predicao_Cafe_Arabica/Teste_2_reuniao_16_dez_ajuste_seed/temp_models/trial_267
Modelo LSTM. Treino: 2012 a 2019. Validação: 2020. Teste: 2021.
Dataset: V44.
Obs: ajuste de seed

Hyperparams:
input_size: 7h: 1lr: 0.00011930778807217939batch: 32encoder n layers: 3decoder layers: 3",2026-01-07T19:02:32
2020_cluster_1,Cabo_Verde,2021-12-31T00:00:00,1.32,2.0446448,54.9,teste,V44,LSTM,"/media/marcos/Marcos/Codigos/Predicao_Cafe_Arabica/Teste_2_reuniao_16_dez_ajuste_seed/temp_models/trial_267
Modelo LSTM. Treino: 2012 a 2019. Validação: 2020. Teste: 2021.
Dataset: V44.
Obs: ajuste de seed

Hyperparams:
input_size: 7h: 1lr: 0.00011930778807217939batch: 32encoder n layers: 3decoder layers: 3",2026-01-07T19:02:32
2020_cluster_1,Campestre,2021-12-31T00:00:00,1.2899602385685882,2.0138154,56.11,teste,V44,LSTM,"/media/marcos/Marcos/Codigos/Predicao_Cafe_Arabica/Teste_2_reuniao_16_dez_ajuste_seed/temp_models/trial_267
Modelo LSTM. Treino: 2012 a 2019. Validação: 2020. Teste: 2021.
Dataset: V44.
Obs: ajuste de seed

Hyperparams:
input_size: 7h: 1lr: 0.00011930778807217939batch: 32encoder n layers: 3decoder layers: 3",2026-01-07T19:02:32
2020_cluster_1,Capetinga,2021-12-31T00:00:00,1.6399999999999997,1.9255228,17.41,teste,V44,LSTM,"/media/marcos/Marcos/Codigos/Predicao_Cafe_Arabica/Teste_2_reuniao_16_dez_ajuste_seed/temp_models/trial_267
Modelo LSTM. Treino: 2012 a 2019. Validação: 2020. Teste: 2021.
Dataset: V44.
Obs: ajuste de seed

Hyperparams:
input_size: 7h: 1lr: 0.00011930778807217939batch: 32encoder n layers: 3decoder layers: 3",2026-01-07T19:02:32
2020_cluster_1,Carmo_do_Paranaiba,2021-12-31T00:00:00,1.541078066914498,1.1673044,24.25,teste,V44,LSTM,"/media/marcos/Marcos/Codigos/Predicao_Cafe_Arabica/Teste_2_reuniao_16_dez_ajuste_seed/temp_models/trial_267
Modelo LSTM. Treino: 2012 a 2019. Validação: 2020. Teste: 2021.
Dataset: V44.
Obs: ajuste de seed

Hyperparams:
input_size: 7h: 1lr: 0.00011930778807217939batch: 32encoder n layers: 3decoder layers: 3",2026-01-07T19:02:32
2020_cluster_1,Cascalho_Rico,2021-12-31T00:00:00,1.9411764705882348,1.3255894,31.71,teste,V44,LSTM,"/media/marcos/Marcos/Codigos/Predicao_Cafe_Arabica/Teste_2_reuniao_16_dez_ajuste_seed/temp_models/trial_267
Modelo LSTM. Treino: 2012 a 2019. Validação: 2020. Teste: 2021.
Dataset: V44.
Obs: ajuste de seed

Hyperparams:
input_size: 7h: 1lr: 0.00011930778807217939batch: 32encoder n layers: 3decoder layers: 3",2026-01-07T19:02:32
2020_cluster_1,Claraval,2021-12-31T00:00:00,1.050113378684807,2.0423667,94.49,teste,V44,LSTM,"/media/marcos/Marcos/Codigos/Predicao_Cafe_Arabica/Teste_2_reuniao_16_dez_ajuste_seed/temp_models/trial_267
Modelo LSTM. Treino: 2012 a 2019. Validação: 2020. Teste: 2021.
Dataset: V44.
Obs: ajuste de seed

Hyperparams:
input_size: 7h: 1lr: 0.00011930778807217939batch: 32encoder n layers: 3decoder layers: 3",2026-01-07T19:02:32
2020_cluster_1,Conceicao_da_Aparecida,2021-12-31T00:00:00,1.62,2.175369,34.28,teste,V44,LSTM,"/media/marcos/Marcos/Codigos/Predicao_Cafe_Arabica/Teste_2_reuniao_16_dez_ajuste_seed/temp_models/trial_267
Modelo LSTM. Treino: 2012 a 2019. Validação: 2020. Teste: 2021.
Dataset: V44.
Obs: ajuste de seed

Hyperparams:
input_size: 7h: 1lr: 0.00011930778807217939batch: 32encoder n layers: 3decoder layers: 3",2026-01-07T19:02:32
2020_cluster_1,Coromandel,2021-12-31T00:00:00,1.249939246658566,1.1809473,5.52,teste,V44,LSTM,"/media/marcos/Marcos/Codigos/Predicao_Cafe_Arabica/Teste_2_reuniao_16_dez_ajuste_seed/temp_models/trial_267
Modelo LSTM. Treino: 2012 a 2019. Validação: 2020. Teste: 2021.
Dataset: V44.
Obs: ajuste de seed

Hyperparams:
input_size: 7h: 1lr: 0.00011930778807217939batch: 32encoder n layers: 3decoder layers: 3",2026-01-07T19:02:32
2020_cluster_1,Corrego_Fundo,2021-12-31T00:00:00,1.1984126984126982,1.7366424,44.91,teste,V44,LSTM,"/media/marcos/Marcos/Codigos/Predicao_Cafe_Arabica/Teste_2_reuniao_16_dez_ajuste_seed/temp_models/trial_267
Modelo LSTM. Treino: 2012 a 2019. Validação: 2020. Teste: 2021.
Dataset: V44.
Obs: ajuste de seed

Hyperparams:
input_size: 7h: 1lr: 0.00011930778807217939batch: 32encoder n layers: 3decoder layers: 3",2026-01-07T19:02:32
2020_cluster_1,Cruzeiro_da_Fortaleza,2021-12-31T00:00:00,1.8001841620626147,1.0071454,44.05,teste,V44,LSTM,"/media/marcos/Marcos/Codigos/Predicao_Cafe_Arabica/Teste_2_reuniao_16_dez_ajuste_seed/temp_models/trial_267
Modelo LSTM. Treino: 2012 a 2019. Validação: 2020. Teste: 2021.
Dataset: V44.
Obs: ajuste de seed

Hyperparams:
input_size: 7h: 1lr: 0.00011930778807217939batch: 32encoder n layers: 3decoder layers: 3",2026-01-07T19:02:32
2020_cluster_1,Delfinopolis,2021-12-31T00:00:00,0.9,1.5234735,69.27,teste,V44,LSTM,"/media/marcos/Marcos/Codigos/Predicao_Cafe_Arabica/Teste_2_reuniao_16_dez_ajuste_seed/temp_models/trial_267
Modelo LSTM. Treino: 2012 a 2019. Validação: 2020. Teste: 2021.
Dataset: V44.
Obs: ajuste de seed

Hyperparams:
input_size: 7h: 1lr: 0.00011930778807217939batch: 32encoder n layers: 3decoder layers: 3",2026-01-07T19:02:32
2020_cluster_1,Divisa_Nova,2021-12-31T00:00:00,1.2601319509896318,1.6967964,34.65,teste,V44,LSTM,"/media/marcos/Marcos/Codigos/Predicao_Cafe_Arabica/Teste_2_reuniao_16_dez_ajuste_seed/temp_models/trial_267
Modelo LSTM. Treino: 2012 a 2019. Validação: 2020. Teste: 2021.
Dataset: V44.
Obs: ajuste de seed

Hyperparams:
input_size: 7h: 1lr: 0.00011930778807217939batch: 32encoder n layers: 3decoder layers: 3",2026-01-07T19:02:32
2020_cluster_1,Dom_Cavati,2021-12-31T00:00:00,0.6000000000000001,0.19967952,66.72,teste,V44,LSTM,"/media/marcos/Marcos/Codigos/Predicao_Cafe_Arabica/Teste_2_reuniao_16_dez_ajuste_seed/temp_models/trial_267
Modelo LSTM. Treino: 2012 a 2019. Validação: 2020. Teste: 2021.
Dataset: V44.
Obs: ajuste de seed

Hyperparams:
input_size: 7h: 1lr: 0.00011930778807217939batch: 32encoder n layers: 3decoder layers: 3",2026-01-07T19:02:32
2020_cluster_1,Dores_do_Turvo,2021-12-31T00:00:00,1.5,1.2680973,15.46,teste,V44,LSTM,"/media/marcos/Marcos/Codigos/Predicao_Cafe_Arabica/Teste_2_reuniao_16_dez_ajuste_seed/temp_models/trial_267
Modelo LSTM. Treino: 2012 a 2019. Validação: 2020. Teste: 2021.
Dataset: V44.
Obs: ajuste de seed

Hyperparams:
input_size: 7h: 1lr: 0.00011930778807217939batch: 32encoder n layers: 3decoder layers: 3",2026-01-07T19:02:32
2020_cluster_1,Estrela_do_Indaia,2021-12-31T00:00:00,1.8000000000000003,1.0525401,41.53,teste,V44,LSTM,"/media/marcos/Marcos/Codigos/Predicao_Cafe_Arabica/Teste_2_reuniao_16_dez_ajuste_seed/temp_models/trial_267
Modelo LSTM. Treino: 2012 a 2019. Validação: 2020. Teste: 2021.
Dataset: V44.
Obs: ajuste de seed

Hyperparams:
input_size: 7h: 1lr: 0.00011930778807217939batch: 32encoder n layers: 3decoder layers: 3",2026-01-07T19:02:32
2020_cluster_1,Estrela_do_Sul,2021-12-31T00:00:00,1.8000000000000003,0.7016127,61.02,teste,V44,LSTM,"/media/marcos/Marcos/Codigos/Predicao_Cafe_Arabica/Teste_2_reuniao_16_dez_ajuste_seed/temp_models/trial_267
Modelo LSTM. Treino: 2012 a 2019. Validação: 2020. Teste: 2021.
Dataset: V44.
Obs: ajuste de seed

Hyperparams:
input_size: 7h: 1lr: 0.00011930778807217939batch: 32encoder n layers: 3decoder layers: 3",2026-01-07T19:02:32
2020_cluster_1,Guaranesia,2021-12-31T00:00:00,1.031014249790444,1.8511423,79.55,teste,V44,LSTM,"/media/marcos/Marcos/Codigos/Predicao_Cafe_Arabica/Teste_2_reuniao_16_dez_ajuste_seed/temp_models/trial_267
Modelo LSTM. Treino: 2012 a 2019. Validação: 2020. Teste: 2021.
Dataset: V44.
Obs: ajuste de seed

Hyperparams:
input_size: 7h: 1lr: 0.00011930778807217939batch: 32encoder n layers: 3decoder layers: 3",2026-01-07T19:02:32
2020_cluster_1,Guarani,2021-12-31T00:00:00,0.9538461538461541,2.0758944,117.63,teste,V44,LSTM,"/media/marcos/Marcos/Codigos/Predicao_Cafe_Arabica/Teste_2_reuniao_16_dez_ajuste_seed/temp_models/trial_267
Modelo LSTM. Treino: 2012 a 2019. Validação: 2020. Teste: 2021.
Dataset: V44.
Obs: ajuste de seed

Hyperparams:
input_size: 7h: 1lr: 0.00011930778807217939batch: 32encoder n layers: 3decoder layers: 3",2026-01-07T19:02:32
2020_cluster_1,Guarda-Mor,2021-12-31T00:00:00,1.7994350282485878,1.227933,31.76,teste,V44,LSTM,"/media/marcos/Marcos/Codigos/Predicao_Cafe_Arabica/Teste_2_reuniao_16_dez_ajuste_seed/temp_models/trial_267
Modelo LSTM. Treino: 2012 a 2019. Validação: 2020. Teste: 2021.
Dataset: V44.
Obs: ajuste de seed

Hyperparams:
input_size: 7h: 1lr: 0.00011930778807217939batch: 32encoder n layers: 3decoder layers: 3",2026-01-07T19:02:32
2020_cluster_1,Guaxupe,2021-12-31T00:00:00,1.02,1.6847245,65.17,teste,V44,LSTM,"/media/marcos/Marcos/Codigos/Predicao_Cafe_Arabica/Teste_2_reuniao_16_dez_ajuste_seed/temp_models/trial_267
Modelo LSTM. Treino: 2012 a 2019. Validação: 2020. Teste: 2021.
Dataset: V44.
Obs: ajuste de seed

Hyperparams:
input_size: 7h: 1lr: 0.00011930778807217939batch: 32encoder n layers: 3decoder layers: 3",2026-01-07T19:02:32
2020_cluster_1,Guimarania,2021-12-31T00:00:00,1.541380188439012,0.8943306,41.98,teste,V44,LSTM,"/media/marcos/Marcos/Codigos/Predicao_Cafe_Arabica/Teste_2_reuniao_16_dez_ajuste_seed/temp_models/trial_267
Modelo LSTM. Treino: 2012 a 2019. Validação: 2020. Teste: 2021.
Dataset: V44.
Obs: ajuste de seed

Hyperparams:
input_size: 7h: 1lr: 0.00011930778807217939batch: 32encoder n layers: 3decoder layers: 3",2026-01-07T19:02:32
2020_cluster_1,Ibia,2021-12-31T00:00:00,1.2,0.9371219,21.91,teste,V44,LSTM,"/media/marcos/Marcos/Codigos/Predicao_Cafe_Arabica/Teste_2_reuniao_16_dez_ajuste_seed/temp_models/trial_267
Modelo LSTM. Treino: 2012 a 2019. Validação: 2020. Teste: 2021.
Dataset: V44.
Obs: ajuste de seed

Hyperparams:
input_size: 7h: 1lr: 0.00011930778807217939batch: 32encoder n layers: 3decoder layers: 3",2026-01-07T19:02:32
2020_cluster_1,Ibiraci,2021-12-31T00:00:00,1.327034071867436,2.107596,58.82,teste,V44,LSTM,"/media/marcos/Marcos/Codigos/Predicao_Cafe_Arabica/Teste_2_reuniao_16_dez_ajuste_seed/temp_models/trial_267
Modelo LSTM. Treino: 2012 a 2019. Validação: 2020. Teste: 2021.
Dataset: V44.
Obs: ajuste de seed

Hyperparams:
input_size: 7h: 1lr: 0.00011930778807217939batch: 32encoder n layers: 3decoder layers: 3",2026-01-07T19:02:32
2020_cluster_1,Indianopolis,2021-12-31T00:00:00,1.9199563794983638,0.72199523,62.4,teste,V44,LSTM,"/media/marcos/Marcos/Codigos/Predicao_Cafe_Arabica/Teste_2_reuniao_16_dez_ajuste_seed/temp_models/trial_267
Modelo LSTM. Treino: 2012 a 2019. Validação: 2020. Teste: 2021.
Dataset: V44.
Obs: ajuste de seed

Hyperparams:
input_size: 7h: 1lr: 0.00011930778807217939batch: 32encoder n layers: 3decoder layers: 3",2026-01-07T19:02:32
2020_cluster_1,Itamogi,2021-12-31T00:00:00,1.260064724919094,1.9154394,52.01,teste,V44,LSTM,"/media/marcos/Marcos/Codigos/Predicao_Cafe_Arabica/Teste_2_reuniao_16_dez_ajuste_seed/temp_models/trial_267
Modelo LSTM. Treino: 2012 a 2019. Validação: 2020. Teste: 2021.
Dataset: V44.
Obs: ajuste de seed

Hyperparams:
input_size: 7h: 1lr: 0.00011930778807217939batch: 32encoder n layers: 3decoder layers: 3",2026-01-07T19:02:32
2020_cluster_1,Itanhomi,2021-12-31T00:00:00,0.9606060606060605,0.49766484,48.19,teste,V44,LSTM,"/media/marcos/Marcos/Codigos/Predicao_Cafe_Arabica/Teste_2_reuniao_16_dez_ajuste_seed/temp_models/trial_267
Modelo LSTM. Treino: 2012 a 2019. Validação: 2020. Teste: 2021.
Dataset: V44.
Obs: ajuste de seed

Hyperparams:
input_size: 7h: 1lr: 0.00011930778807217939batch: 32encoder n layers: 3decoder layers: 3",2026-01-07T19:02:32
2020_cluster_1,Jacui,2021-12-31T00:00:00,0.9599999999999999,1.6534035,72.23,teste,V44,LSTM,"/media/marcos/Marcos/Codigos/Predicao_Cafe_Arabica/Teste_2_reuniao_16_dez_ajuste_seed/temp_models/trial_267
Modelo LSTM. Treino: 2012 a 2019. Validação: 2020. Teste: 2021.
Dataset: V44.
Obs: ajuste de seed

Hyperparams:
input_size: 7h: 1lr: 0.00011930778807217939batch: 32encoder n layers: 3decoder layers: 3",2026-01-07T19:02:32
2020_cluster_1,Jacutinga,2021-12-31T00:00:00,1.32014652014652,1.4785516,12.0,teste,V44,LSTM,"/media/marcos/Marcos/Codigos/Predicao_Cafe_Arabica/Teste_2_reuniao_16_dez_ajuste_seed/temp_models/trial_267
Modelo LSTM. Treino: 2012 a 2019. Validação: 2020. Teste: 2021.
Dataset: V44.
Obs: ajuste de seed

Hyperparams:
input_size: 7h: 1lr: 0.00011930778807217939batch: 32encoder n layers: 3decoder layers: 3",2026-01-07T19:02:32
2020_cluster_1,Juruaia,2021-12-31T00:00:00,1.5,1.7633152,17.55,teste,V44,LSTM,"/media/marcos/Marcos/Codigos/Predicao_Cafe_Arabica/Teste_2_reuniao_16_dez_ajuste_seed/temp_models/trial_267
Modelo LSTM. Treino: 2012 a 2019. Validação: 2020. Teste: 2021.
Dataset: V44.
Obs: ajuste de seed

Hyperparams:
input_size: 7h: 1lr: 0.00011930778807217939batch: 32encoder n layers: 3decoder layers: 3",2026-01-07T19:02:32
2020_cluster_1,Lagoa_Dourada,2021-12-31T00:00:00,1.2,2.224636,85.39,teste,V44,LSTM,"/media/marcos/Marcos/Codigos/Predicao_Cafe_Arabica/Teste_2_reuniao_16_dez_ajuste_seed/temp_models/trial_267
Modelo LSTM. Treino: 2012 a 2019. Validação: 2020. Teste: 2021.
Dataset: V44.
Obs: ajuste de seed

Hyperparams:
input_size: 7h: 1lr: 0.00011930778807217939batch: 32encoder n layers: 3decoder layers: 3",2026-01-07T19:02:32
2020_cluster_1,Lagoa_Formosa,2021-12-31T00:00:00,1.4830188679245278,1.5584613,5.09,teste,V44,LSTM,"/media/marcos/Marcos/Codigos/Predicao_Cafe_Arabica/Teste_2_reuniao_16_dez_ajuste_seed/temp_models/trial_267
Modelo LSTM. Treino: 2012 a 2019. Validação: 2020. Teste: 2021.
Dataset: V44.
Obs: ajuste de seed

Hyperparams:
input_size: 7h: 1lr: 0.00011930778807217939batch: 32encoder n layers: 3decoder layers: 3",2026-01-07T19:02:32
2020_cluster_1,Lagoa_Grande,2021-12-31T00:00:00,0.6000000000000001,1.1401181,90.02,teste,V44,LSTM,"/media/marcos/Marcos/Codigos/Predicao_Cafe_Arabica/Teste_2_reuniao_16_dez_ajuste_seed/temp_models/trial_267
Modelo LSTM. Treino: 2012 a 2019. Validação: 2020. Teste: 2021.
Dataset: V44.
Obs: ajuste de seed

Hyperparams:
input_size: 7h: 1lr: 0.00011930778807217939batch: 32encoder n layers: 3decoder layers: 3",2026-01-07T19:02:32
2020_cluster_1,Matutina,2021-12-31T00:00:00,1.502024291497976,0.9957097,33.71,teste,V44,LSTM,"/media/marcos/Marcos/Codigos/Predicao_Cafe_Arabica/Teste_2_reuniao_16_dez_ajuste_seed/temp_models/trial_267
Modelo LSTM. Treino: 2012 a 2019. Validação: 2020. Teste: 2021.
Dataset: V44.
Obs: ajuste de seed

Hyperparams:
input_size: 7h: 1lr: 0.00011930778807217939batch: 32encoder n layers: 3decoder layers: 3",2026-01-07T19:02:32
2020_cluster_1,Monte_Belo,2021-12-31T00:00:00,1.56,1.8317472,17.42,teste,V44,LSTM,"/media/marcos/Marcos/Codigos/Predicao_Cafe_Arabica/Teste_2_reuniao_16_dez_ajuste_seed/temp_models/trial_267
Modelo LSTM. Treino: 2012 a 2019. Validação: 2020. Teste: 2021.
Dataset: V44.
Obs: ajuste de seed

Hyperparams:
input_size: 7h: 1lr: 0.00011930778807217939batch: 32encoder n layers: 3decoder layers: 3",2026-01-07T19:02:32
2020_cluster_1,Monte_Carmelo,2021-12-31T00:00:00,1.8000000000000003,0.7379179,59.0,teste,V44,LSTM,"/media/marcos/Marcos/Codigos/Predicao_Cafe_Arabica/Teste_2_reuniao_16_dez_ajuste_seed/temp_models/trial_267
Modelo LSTM. Treino: 2012 a 2019. Validação: 2020. Teste: 2021.
Dataset: V44.
Obs: ajuste de seed

Hyperparams:
input_size: 7h: 1lr: 0.00011930778807217939batch: 32encoder n layers: 3decoder layers: 3",2026-01-07T19:02:32
2020_cluster_1,Monte_Santo_de_Minas,2021-12-31T00:00:00,1.200018932222643,1.8056114,50.47,teste,V44,LSTM,"/media/marcos/Marcos/Codigos/Predicao_Cafe_Arabica/Teste_2_reuniao_16_dez_ajuste_seed/temp_models/trial_267
Modelo LSTM. Treino: 2012 a 2019. Validação: 2020. Teste: 2021.
Dataset: V44.
Obs: ajuste de seed

Hyperparams:
input_size: 7h: 1lr: 0.00011930778807217939batch: 32encoder n layers: 3decoder layers: 3",2026-01-07T19:02:32
2020_cluster_1,Muzambinho,2021-12-31T00:00:00,1.199937762564182,1.7892423,49.11,teste,V44,LSTM,"/media/marcos/Marcos/Codigos/Predicao_Cafe_Arabica/Teste_2_reuniao_16_dez_ajuste_seed/temp_models/trial_267
Modelo LSTM. Treino: 2012 a 2019. Validação: 2020. Teste: 2021.
Dataset: V44.
Obs: ajuste de seed

Hyperparams:
input_size: 7h: 1lr: 0.00011930778807217939batch: 32encoder n layers: 3decoder layers: 3",2026-01-07T19:02:32
2020_cluster_1,Nova_Resende,2021-12-31T00:00:00,1.3800031392246113,2.14938,55.75,teste,V44,LSTM,"/media/marcos/Marcos/Codigos/Predicao_Cafe_Arabica/Teste_2_reuniao_16_dez_ajuste_seed/temp_models/trial_267
Modelo LSTM. Treino: 2012 a 2019. Validação: 2020. Teste: 2021.
Dataset: V44.
Obs: ajuste de seed

Hyperparams:
input_size: 7h: 1lr: 0.00011930778807217939batch: 32encoder n layers: 3decoder layers: 3",2026-01-07T19:02:32
2020_cluster_1,Passos,2021-12-31T00:00:00,0.99,1.5665007,58.23,teste,V44,LSTM,"/media/marcos/Marcos/Codigos/Predicao_Cafe_Arabica/Teste_2_reuniao_16_dez_ajuste_seed/temp_models/trial_267
Modelo LSTM. Treino: 2012 a 2019. Validação: 2020. Teste: 2021.
Dataset: V44.
Obs: ajuste de seed

Hyperparams:
input_size: 7h: 1lr: 0.00011930778807217939batch: 32encoder n layers: 3decoder layers: 3",2026-01-07T19:02:32
2020_cluster_1,Patis,2021-12-31T00:00:00,2.1111111111111116,0.06404787,96.97,teste,V44,LSTM,"/media/marcos/Marcos/Codigos/Predicao_Cafe_Arabica/Teste_2_reuniao_16_dez_ajuste_seed/temp_models/trial_267
Modelo LSTM. Treino: 2012 a 2019. Validação: 2020. Teste: 2021.
Dataset: V44.
Obs: ajuste de seed

Hyperparams:
input_size: 7h: 1lr: 0.00011930778807217939batch: 32encoder n layers: 3decoder layers: 3",2026-01-07T19:02:32
2020_cluster_1,Patos_de_Minas,2021-12-31T00:00:00,1.7224109589041097,1.5881673,7.79,teste,V44,LSTM,"/media/marcos/Marcos/Codigos/Predicao_Cafe_Arabica/Teste_2_reuniao_16_dez_ajuste_seed/temp_models/trial_267
Modelo LSTM. Treino: 2012 a 2019. Validação: 2020. Teste: 2021.
Dataset: V44.
Obs: ajuste de seed

Hyperparams:
input_size: 7h: 1lr: 0.00011930778807217939batch: 32encoder n layers: 3decoder layers: 3",2026-01-07T19:02:32
2020_cluster_1,Patrocinio,2021-12-31T00:00:00,1.4369951534733443,0.49222994,65.75,teste,V44,LSTM,"/media/marcos/Marcos/Codigos/Predicao_Cafe_Arabica/Teste_2_reuniao_16_dez_ajuste_seed/temp_models/trial_267
Modelo LSTM. Treino: 2012 a 2019. Validação: 2020. Teste: 2021.
Dataset: V44.
Obs: ajuste de seed

Hyperparams:
input_size: 7h: 1lr: 0.00011930778807217939batch: 32encoder n layers: 3decoder layers: 3",2026-01-07T19:02:32
2020_cluster_1,Pedrinopolis,2021-12-31T00:00:00,1.514285714285714,-0.053283643,103.52,teste,V44,LSTM,"/media/marcos/Marcos/Codigos/Predicao_Cafe_Arabica/Teste_2_reuniao_16_dez_ajuste_seed/temp_models/trial_267
Modelo LSTM. Treino: 2012 a 2019. Validação: 2020. Teste: 2021.
Dataset: V44.
Obs: ajuste de seed

Hyperparams:
input_size: 7h: 1lr: 0.00011930778807217939batch: 32encoder n layers: 3decoder layers: 3",2026-01-07T19:02:32
2020_cluster_1,Perdizes,2021-12-31T00:00:00,1.261308677098151,0.74028003,41.31,teste,V44,LSTM,"/media/marcos/Marcos/Codigos/Predicao_Cafe_Arabica/Teste_2_reuniao_16_dez_ajuste_seed/temp_models/trial_267
Modelo LSTM. Treino: 2012 a 2019. Validação: 2020. Teste: 2021.
Dataset: V44.
Obs: ajuste de seed

Hyperparams:
input_size: 7h: 1lr: 0.00011930778807217939batch: 32encoder n layers: 3decoder layers: 3",2026-01-07T19:02:32
2020_cluster_1,Piracema,2021-12-31T00:00:00,1.2,1.2861344,7.18,teste,V44,LSTM,"/media/marcos/Marcos/Codigos/Predicao_Cafe_Arabica/Teste_2_reuniao_16_dez_ajuste_seed/temp_models/trial_267
Modelo LSTM. Treino: 2012 a 2019. Validação: 2020. Teste: 2021.
Dataset: V44.
Obs: ajuste de seed

Hyperparams:
input_size: 7h: 1lr: 0.00011930778807217939batch: 32encoder n layers: 3decoder layers: 3",2026-01-07T19:02:32
2020_cluster_1,Ponto_dos_Volantes,2021-12-31T00:00:00,0.5375,0.37937012,29.42,teste,V44,LSTM,"/media/marcos/Marcos/Codigos/Predicao_Cafe_Arabica/Teste_2_reuniao_16_dez_ajuste_seed/temp_models/trial_267
Modelo LSTM. Treino: 2012 a 2019. Validação: 2020. Teste: 2021.
Dataset: V44.
Obs: ajuste de seed

Hyperparams:
input_size: 7h: 1lr: 0.00011930778807217939batch: 32encoder n layers: 3decoder layers: 3",2026-01-07T19:02:32
2020_cluster_1,Pratapolis,2021-12-31T00:00:00,0.9602272727272728,2.0305657,111.47,teste,V44,LSTM,"/media/marcos/Marcos/Codigos/Predicao_Cafe_Arabica/Teste_2_reuniao_16_dez_ajuste_seed/temp_models/trial_267
Modelo LSTM. Treino: 2012 a 2019. Validação: 2020. Teste: 2021.
Dataset: V44.
Obs: ajuste de seed

Hyperparams:
input_size: 7h: 1lr: 0.00011930778807217939batch: 32encoder n layers: 3decoder layers: 3",2026-01-07T19:02:32
2020_cluster_1,Pratinha,2021-12-31T00:00:00,1.35,1.5829611,17.26,teste,V44,LSTM,"/media/marcos/Marcos/Codigos/Predicao_Cafe_Arabica/Teste_2_reuniao_16_dez_ajuste_seed/temp_models/trial_267
Modelo LSTM. Treino: 2012 a 2019. Validação: 2020. Teste: 2021.
Dataset: V44.
Obs: ajuste de seed

Hyperparams:
input_size: 7h: 1lr: 0.00011930778807217939batch: 32encoder n layers: 3decoder layers: 3",2026-01-07T19:02:32
2020_cluster_1,Presidente_Kubitschek,2021-12-31T00:00:00,0.7368421052631579,1.4582124,97.9,teste,V44,LSTM,"/media/marcos/Marcos/Codigos/Predicao_Cafe_Arabica/Teste_2_reuniao_16_dez_ajuste_seed/temp_models/trial_267
Modelo LSTM. Treino: 2012 a 2019. Validação: 2020. Teste: 2021.
Dataset: V44.
Obs: ajuste de seed

Hyperparams:
input_size: 7h: 1lr: 0.00011930778807217939batch: 32encoder n layers: 3decoder layers: 3",2026-01-07T19:02:32
2020_cluster_1,Presidente_Olegario,2021-12-31T00:00:00,1.637164750957854,1.4283711,12.75,teste,V44,LSTM,"/media/marcos/Marcos/Codigos/Predicao_Cafe_Arabica/Teste_2_reuniao_16_dez_ajuste_seed/temp_models/trial_267
Modelo LSTM. Treino: 2012 a 2019. Validação: 2020. Teste: 2021.
Dataset: V44.
Obs: ajuste de seed

Hyperparams:
input_size: 7h: 1lr: 0.00011930778807217939batch: 32encoder n layers: 3decoder layers: 3",2026-01-07T19:02:32
2020_cluster_1,Quartel_Geral,2021-12-31T00:00:00,2.4571428571428573,0.59088695,75.95,teste,V44,LSTM,"/media/marcos/Marcos/Codigos/Predicao_Cafe_Arabica/Teste_2_reuniao_16_dez_ajuste_seed/temp_models/trial_267
Modelo LSTM. Treino: 2012 a 2019. Validação: 2020. Teste: 2021.
Dataset: V44.
Obs: ajuste de seed

Hyperparams:
input_size: 7h: 1lr: 0.00011930778807217939batch: 32encoder n layers: 3decoder layers: 3",2026-01-07T19:02:32
2020_cluster_1,Rio_Paranaiba,2021-12-31T00:00:00,1.080031384856807,0.48440903,55.15,teste,V44,LSTM,"/media/marcos/Marcos/Codigos/Predicao_Cafe_Arabica/Teste_2_reuniao_16_dez_ajuste_seed/temp_models/trial_267
Modelo LSTM. Treino: 2012 a 2019. Validação: 2020. Teste: 2021.
Dataset: V44.
Obs: ajuste de seed

Hyperparams:
input_size: 7h: 1lr: 0.00011930778807217939batch: 32encoder n layers: 3decoder layers: 3",2026-01-07T19:02:32
2020_cluster_1,Rio_Vermelho,2021-12-31T00:00:00,0.7777777777777777,0.9219724,18.54,teste,V44,LSTM,"/media/marcos/Marcos/Codigos/Predicao_Cafe_Arabica/Teste_2_reuniao_16_dez_ajuste_seed/temp_models/trial_267
Modelo LSTM. Treino: 2012 a 2019. Validação: 2020. Teste: 2021.
Dataset: V44.
Obs: ajuste de seed

Hyperparams:
input_size: 7h: 1lr: 0.00011930778807217939batch: 32encoder n layers: 3decoder layers: 3",2026-01-07T19:02:32
2020_cluster_1,Romaria,2021-12-31T00:00:00,2.052631578947369,0.6185963,69.86,teste,V44,LSTM,"/media/marcos/Marcos/Codigos/Predicao_Cafe_Arabica/Teste_2_reuniao_16_dez_ajuste_seed/temp_models/trial_267
Modelo LSTM. Treino: 2012 a 2019. Validação: 2020. Teste: 2021.
Dataset: V44.
Obs: ajuste de seed

Hyperparams:
input_size: 7h: 1lr: 0.00011930778807217939batch: 32encoder n layers: 3decoder layers: 3",2026-01-07T19:02:32
2020_cluster_1,Sacramento,2021-12-31T00:00:00,1.25645342312009,1.4805081,17.83,teste,V44,LSTM,"/media/marcos/Marcos/Codigos/Predicao_Cafe_Arabica/Teste_2_reuniao_16_dez_ajuste_seed/temp_models/trial_267
Modelo LSTM. Treino: 2012 a 2019. Validação: 2020. Teste: 2021.
Dataset: V44.
Obs: ajuste de seed

Hyperparams:
input_size: 7h: 1lr: 0.00011930778807217939batch: 32encoder n layers: 3decoder layers: 3",2026-01-07T19:02:32
2020_cluster_1,Santa_Rosa_da_Serra,2021-12-31T00:00:00,1.5,1.1461189,23.59,teste,V44,LSTM,"/media/marcos/Marcos/Codigos/Predicao_Cafe_Arabica/Teste_2_reuniao_16_dez_ajuste_seed/temp_models/trial_267
Modelo LSTM. Treino: 2012 a 2019. Validação: 2020. Teste: 2021.
Dataset: V44.
Obs: ajuste de seed

Hyperparams:
input_size: 7h: 1lr: 0.00011930778807217939batch: 32encoder n layers: 3decoder layers: 3",2026-01-07T19:02:32
2020_cluster_1,Santo_Antonio_do_Amparo,2021-12-31T00:00:00,1.3799999999999997,1.5598669,13.03,teste,V44,LSTM,"/media/marcos/Marcos/Codigos/Predicao_Cafe_Arabica/Teste_2_reuniao_16_dez_ajuste_seed/temp_models/trial_267
Modelo LSTM. Treino: 2012 a 2019. Validação: 2020. Teste: 2021.
Dataset: V44.
Obs: ajuste de seed

Hyperparams:
input_size: 7h: 1lr: 0.00011930778807217939batch: 32encoder n layers: 3decoder layers: 3",2026-01-07T19:02:32
2020_cluster_1,Sao_Goncalo_do_Abaete,2021-12-31T00:00:00,1.67887323943662,1.159329,30.95,teste,V44,LSTM,"/media/marcos/Marcos/Codigos/Predicao_Cafe_Arabica/Teste_2_reuniao_16_dez_ajuste_seed/temp_models/trial_267
Modelo LSTM. Treino: 2012 a 2019. Validação: 2020. Teste: 2021.
Dataset: V44.
Obs: ajuste de seed

Hyperparams:
input_size: 7h: 1lr: 0.00011930778807217939batch: 32encoder n layers: 3decoder layers: 3",2026-01-07T19:02:32
2020_cluster_1,Sao_Gotardo,2021-12-31T00:00:00,1.26027397260274,0.846171,32.86,teste,V44,LSTM,"/media/marcos/Marcos/Codigos/Predicao_Cafe_Arabica/Teste_2_reuniao_16_dez_ajuste_seed/temp_models/trial_267
Modelo LSTM. Treino: 2012 a 2019. Validação: 2020. Teste: 2021.
Dataset: V44.
Obs: ajuste de seed

Hyperparams:
input_size: 7h: 1lr: 0.00011930778807217939batch: 32encoder n layers: 3decoder layers: 3",2026-01-07T19:02:32
2020_cluster_1,Sao_Joao_Batista_do_Gloria,2021-12-31T00:00:00,1.110749185667752,1.5110736,36.04,teste,V44,LSTM,"/media/marcos/Marcos/Codigos/Predicao_Cafe_Arabica/Teste_2_reuniao_16_dez_ajuste_seed/temp_models/trial_267
Modelo LSTM. Treino: 2012 a 2019. Validação: 2020. Teste: 2021.
Dataset: V44.
Obs: ajuste de seed

Hyperparams:
input_size: 7h: 1lr: 0.00011930778807217939batch: 32encoder n layers: 3decoder layers: 3",2026-01-07T19:02:32
2020_cluster_1,Sao_Pedro_da_Uniao,2021-12-31T00:00:00,1.479945054945055,1.8080516,22.17,teste,V44,LSTM,"/media/marcos/Marcos/Codigos/Predicao_Cafe_Arabica/Teste_2_reuniao_16_dez_ajuste_seed/temp_models/trial_267
Modelo LSTM. Treino: 2012 a 2019. Validação: 2020. Teste: 2021.
Dataset: V44.
Obs: ajuste de seed

Hyperparams:
input_size: 7h: 1lr: 0.00011930778807217939batch: 32encoder n layers: 3decoder layers: 3",2026-01-07T19:02:32
2020_cluster_1,Sao_Sebastiao_do_Paraiso,2021-12-31T00:00:00,1.14450771643146,1.6160207,41.2,teste,V44,LSTM,"/media/marcos/Marcos/Codigos/Predicao_Cafe_Arabica/Teste_2_reuniao_16_dez_ajuste_seed/temp_models/trial_267
Modelo LSTM. Treino: 2012 a 2019. Validação: 2020. Teste: 2021.
Dataset: V44.
Obs: ajuste de seed

Hyperparams:
input_size: 7h: 1lr: 0.00011930778807217939batch: 32encoder n layers: 3decoder layers: 3",2026-01-07T19:02:32
2020_cluster_1,Serra_do_Salitre,2021-12-31T00:00:00,1.4676384839650147,0.16785261,88.56,teste,V44,LSTM,"/media/marcos/Marcos/Codigos/Predicao_Cafe_Arabica/Teste_2_reuniao_16_dez_ajuste_seed/temp_models/trial_267
Modelo LSTM. Treino: 2012 a 2019. Validação: 2020. Teste: 2021.
Dataset: V44.
Obs: ajuste de seed

Hyperparams:
input_size: 7h: 1lr: 0.00011930778807217939batch: 32encoder n layers: 3decoder layers: 3",2026-01-07T19:02:32
2020_cluster_1,Tapira,2021-12-31T00:00:00,0.6000000000000001,1.8570586,209.51,teste,V44,LSTM,"/media/marcos/Marcos/Codigos/Predicao_Cafe_Arabica/Teste_2_reuniao_16_dez_ajuste_seed/temp_models/trial_267
Modelo LSTM. Treino: 2012 a 2019. Validação: 2020. Teste: 2021.
Dataset: V44.
Obs: ajuste de seed

Hyperparams:
input_size: 7h: 1lr: 0.00011930778807217939batch: 32encoder n layers: 3decoder layers: 3",2026-01-07T19:02:32
2020_cluster_1,Tiros,2021-12-31T00:00:00,1.2,0.5467372,54.44,teste,V44,LSTM,"/media/marcos/Marcos/Codigos/Predicao_Cafe_Arabica/Teste_2_reuniao_16_dez_ajuste_seed/temp_models/trial_267
Modelo LSTM. Treino: 2012 a 2019. Validação: 2020. Teste: 2021.
Dataset: V44.
Obs: ajuste de seed

Hyperparams:
input_size: 7h: 1lr: 0.00011930778807217939batch: 32encoder n layers: 3decoder layers: 3",2026-01-07T19:02:32
2020_cluster_1,Tupaciguara,2021-12-31T00:00:00,1.887700534759358,1.7932317,5.0,teste,V44,LSTM,"/media/marcos/Marcos/Codigos/Predicao_Cafe_Arabica/Teste_2_reuniao_16_dez_ajuste_seed/temp_models/trial_267
Modelo LSTM. Treino: 2012 a 2019. Validação: 2020. Teste: 2021.
Dataset: V44.
Obs: ajuste de seed

Hyperparams:
input_size: 7h: 1lr: 0.00011930778807217939batch: 32encoder n layers: 3decoder layers: 3",2026-01-07T19:02:32
2020_cluster_1,Uberaba,2021-12-31T00:00:00,2.0302325581395344,1.702194,16.16,teste,V44,LSTM,"/media/marcos/Marcos/Codigos/Predicao_Cafe_Arabica/Teste_2_reuniao_16_dez_ajuste_seed/temp_models/trial_267
Modelo LSTM. Treino: 2012 a 2019. Validação: 2020. Teste: 2021.
Dataset: V44.
Obs: ajuste de seed

Hyperparams:
input_size: 7h: 1lr: 0.00011930778807217939batch: 32encoder n layers: 3decoder layers: 3",2026-01-07T19:02:32
2020_cluster_1,Uberlandia,2021-12-31T00:00:00,1.77962962962963,0.23643507,86.71,teste,V44,LSTM,"/media/marcos/Marcos/Codigos/Predicao_Cafe_Arabica/Teste_2_reuniao_16_dez_ajuste_seed/temp_models/trial_267
Modelo LSTM. Treino: 2012 a 2019. Validação: 2020. Teste: 2021.
Dataset: V44.
Obs: ajuste de seed

Hyperparams:
input_size: 7h: 1lr: 0.00011930778807217939batch: 32encoder n layers: 3decoder layers: 3",2026-01-07T19:02:32
2020_cluster_1,Unai,2021-12-31T00:00:00,2.639892904953146,2.0950222,20.64,teste,V44,LSTM,"/media/marcos/Marcos/Codigos/Predicao_Cafe_Arabica/Teste_2_reuniao_16_dez_ajuste_seed/temp_models/trial_267
Modelo LSTM. Treino: 2012 a 2019. Validação: 2020. Teste: 2021.
Dataset: V44.
Obs: ajuste de seed

Hyperparams:
input_size: 7h: 1lr: 0.00011930778807217939batch: 32encoder n layers: 3decoder layers: 3",2026-01-07T19:02:32
2020_cluster_1,Varginha,2021-12-31T00:00:00,1.2,1.35304,12.75,teste,V44,LSTM,"/media/marcos/Marcos/Codigos/Predicao_Cafe_Arabica/Teste_2_reuniao_16_dez_ajuste_seed/temp_models/trial_267
Modelo LSTM. Treino: 2012 a 2019. Validação: 2020. Teste: 2021.
Dataset: V44.
Obs: ajuste de seed

Hyperparams:
input_size: 7h: 1lr: 0.00011930778807217939batch: 32encoder n layers: 3decoder layers: 3",2026-01-07T19:02:32
2020_cluster_1,Varjao_de_Minas,2021-12-31T00:00:00,2.390254805543138,1.8137785,24.12,teste,V44,LSTM,"/media/marcos/Marcos/Codigos/Predicao_Cafe_Arabica/Teste_2_reuniao_16_dez_ajuste_seed/temp_models/trial_267
Modelo LSTM. Treino: 2012 a 2019. Validação: 2020. Teste: 2021.
Dataset: V44.
Obs: ajuste de seed

Hyperparams:
input_size: 7h: 1lr: 0.00011930778807217939batch: 32encoder n layers: 3decoder layers: 3",2026-01-07T19:02:32
2020_cluster_1,Virginopolis,2021-12-31T00:00:00,1.202380952380952,0.86411834,28.13,teste,V44,LSTM,"/media/marcos/Marcos/Codigos/Predicao_Cafe_Arabica/Teste_2_reuniao_16_dez_ajuste_seed/temp_models/trial_267
Modelo LSTM. Treino: 2012 a 2019. Validação: 2020. Teste: 2021.
Dataset: V44.
Obs: ajuste de seed

Hyperparams:
input_size: 7h: 1lr: 0.00011930778807217939batch: 32encoder n layers: 3decoder layers: 3",2026-01-07T19:02:32
