treino_id,unique_id,ds,y,y_pred,diferença_%,flag,dataset,modelo,comentario,data_treino
2024_cluster_3,Aiuruoca,2024-12-31T00:00:00,1.8000000000000003,1.2661281,29.66,validacao,V44,LSTM,"/media/marcos/Marcos/Codigos/Predicao_Cafe_Arabica/Teste_2_reuniao_16_dez_ajuste_seed/temp_models/trial_194
Modelo LSTM. Treino: 2012 a 2023. Validação: 2024. Teste: 2025.
Dataset: V44.
Obs: ajuste de seed

Hyperparams:
input_size: 11h: 1lr: 0.00028287550366995544batch: 32encoder n layers: 3decoder layers: 3",2026-01-07T14:13:31
2024_cluster_3,Albertina,2024-12-31T00:00:00,1.56,1.3251178,15.06,validacao,V44,LSTM,"/media/marcos/Marcos/Codigos/Predicao_Cafe_Arabica/Teste_2_reuniao_16_dez_ajuste_seed/temp_models/trial_194
Modelo LSTM. Treino: 2012 a 2023. Validação: 2024. Teste: 2025.
Dataset: V44.
Obs: ajuste de seed

Hyperparams:
input_size: 11h: 1lr: 0.00028287550366995544batch: 32encoder n layers: 3decoder layers: 3",2026-01-07T14:13:31
2024_cluster_3,Baependi,2024-12-31T00:00:00,1.439779005524862,1.2271843,14.77,validacao,V44,LSTM,"/media/marcos/Marcos/Codigos/Predicao_Cafe_Arabica/Teste_2_reuniao_16_dez_ajuste_seed/temp_models/trial_194
Modelo LSTM. Treino: 2012 a 2023. Validação: 2024. Teste: 2025.
Dataset: V44.
Obs: ajuste de seed

Hyperparams:
input_size: 11h: 1lr: 0.00028287550366995544batch: 32encoder n layers: 3decoder layers: 3",2026-01-07T14:13:31
2024_cluster_3,Bandeira_do_Sul,2024-12-31T00:00:00,1.5,1.4066973,6.22,validacao,V44,LSTM,"/media/marcos/Marcos/Codigos/Predicao_Cafe_Arabica/Teste_2_reuniao_16_dez_ajuste_seed/temp_models/trial_194
Modelo LSTM. Treino: 2012 a 2023. Validação: 2024. Teste: 2025.
Dataset: V44.
Obs: ajuste de seed

Hyperparams:
input_size: 11h: 1lr: 0.00028287550366995544batch: 32encoder n layers: 3decoder layers: 3",2026-01-07T14:13:31
2024_cluster_3,Borda_da_Mata,2024-12-31T00:00:00,1.5,1.3063881,12.91,validacao,V44,LSTM,"/media/marcos/Marcos/Codigos/Predicao_Cafe_Arabica/Teste_2_reuniao_16_dez_ajuste_seed/temp_models/trial_194
Modelo LSTM. Treino: 2012 a 2023. Validação: 2024. Teste: 2025.
Dataset: V44.
Obs: ajuste de seed

Hyperparams:
input_size: 11h: 1lr: 0.00028287550366995544batch: 32encoder n layers: 3decoder layers: 3",2026-01-07T14:13:31
2024_cluster_3,Brazopolis,2024-12-31T00:00:00,1.501216545012166,1.2646828,15.76,validacao,V44,LSTM,"/media/marcos/Marcos/Codigos/Predicao_Cafe_Arabica/Teste_2_reuniao_16_dez_ajuste_seed/temp_models/trial_194
Modelo LSTM. Treino: 2012 a 2023. Validação: 2024. Teste: 2025.
Dataset: V44.
Obs: ajuste de seed

Hyperparams:
input_size: 11h: 1lr: 0.00028287550366995544batch: 32encoder n layers: 3decoder layers: 3",2026-01-07T14:13:31
2024_cluster_3,Bueno_Brandao,2024-12-31T00:00:00,1.8000000000000003,1.2666519,29.63,validacao,V44,LSTM,"/media/marcos/Marcos/Codigos/Predicao_Cafe_Arabica/Teste_2_reuniao_16_dez_ajuste_seed/temp_models/trial_194
Modelo LSTM. Treino: 2012 a 2023. Validação: 2024. Teste: 2025.
Dataset: V44.
Obs: ajuste de seed

Hyperparams:
input_size: 11h: 1lr: 0.00028287550366995544batch: 32encoder n layers: 3decoder layers: 3",2026-01-07T14:13:31
2024_cluster_3,Cachoeira_de_Minas,2024-12-31T00:00:00,1.73984375,1.5498588,10.92,validacao,V44,LSTM,"/media/marcos/Marcos/Codigos/Predicao_Cafe_Arabica/Teste_2_reuniao_16_dez_ajuste_seed/temp_models/trial_194
Modelo LSTM. Treino: 2012 a 2023. Validação: 2024. Teste: 2025.
Dataset: V44.
Obs: ajuste de seed

Hyperparams:
input_size: 11h: 1lr: 0.00028287550366995544batch: 32encoder n layers: 3decoder layers: 3",2026-01-07T14:13:31
2024_cluster_3,Caldas,2024-12-31T00:00:00,1.68,1.3859563,17.5,validacao,V44,LSTM,"/media/marcos/Marcos/Codigos/Predicao_Cafe_Arabica/Teste_2_reuniao_16_dez_ajuste_seed/temp_models/trial_194
Modelo LSTM. Treino: 2012 a 2023. Validação: 2024. Teste: 2025.
Dataset: V44.
Obs: ajuste de seed

Hyperparams:
input_size: 11h: 1lr: 0.00028287550366995544batch: 32encoder n layers: 3decoder layers: 3",2026-01-07T14:13:31
2024_cluster_3,Cambuquira,2024-12-31T00:00:00,1.7400000000000002,1.3639883,21.61,validacao,V44,LSTM,"/media/marcos/Marcos/Codigos/Predicao_Cafe_Arabica/Teste_2_reuniao_16_dez_ajuste_seed/temp_models/trial_194
Modelo LSTM. Treino: 2012 a 2023. Validação: 2024. Teste: 2025.
Dataset: V44.
Obs: ajuste de seed

Hyperparams:
input_size: 11h: 1lr: 0.00028287550366995544batch: 32encoder n layers: 3decoder layers: 3",2026-01-07T14:13:31
2024_cluster_3,Campanha,2024-12-31T00:00:00,1.5689448441247,1.2986114,17.23,validacao,V44,LSTM,"/media/marcos/Marcos/Codigos/Predicao_Cafe_Arabica/Teste_2_reuniao_16_dez_ajuste_seed/temp_models/trial_194
Modelo LSTM. Treino: 2012 a 2023. Validação: 2024. Teste: 2025.
Dataset: V44.
Obs: ajuste de seed

Hyperparams:
input_size: 11h: 1lr: 0.00028287550366995544batch: 32encoder n layers: 3decoder layers: 3",2026-01-07T14:13:31
2024_cluster_3,Careacu,2024-12-31T00:00:00,1.560169491525424,1.3443584,13.83,validacao,V44,LSTM,"/media/marcos/Marcos/Codigos/Predicao_Cafe_Arabica/Teste_2_reuniao_16_dez_ajuste_seed/temp_models/trial_194
Modelo LSTM. Treino: 2012 a 2023. Validação: 2024. Teste: 2025.
Dataset: V44.
Obs: ajuste de seed

Hyperparams:
input_size: 11h: 1lr: 0.00028287550366995544batch: 32encoder n layers: 3decoder layers: 3",2026-01-07T14:13:31
2024_cluster_3,Carmo_da_Cachoeira,2024-12-31T00:00:00,1.44,1.3552333,5.89,validacao,V44,LSTM,"/media/marcos/Marcos/Codigos/Predicao_Cafe_Arabica/Teste_2_reuniao_16_dez_ajuste_seed/temp_models/trial_194
Modelo LSTM. Treino: 2012 a 2023. Validação: 2024. Teste: 2025.
Dataset: V44.
Obs: ajuste de seed

Hyperparams:
input_size: 11h: 1lr: 0.00028287550366995544batch: 32encoder n layers: 3decoder layers: 3",2026-01-07T14:13:31
2024_cluster_3,Carmo_de_Minas,2024-12-31T00:00:00,1.56,1.3459884,13.72,validacao,V44,LSTM,"/media/marcos/Marcos/Codigos/Predicao_Cafe_Arabica/Teste_2_reuniao_16_dez_ajuste_seed/temp_models/trial_194
Modelo LSTM. Treino: 2012 a 2023. Validação: 2024. Teste: 2025.
Dataset: V44.
Obs: ajuste de seed

Hyperparams:
input_size: 11h: 1lr: 0.00028287550366995544batch: 32encoder n layers: 3decoder layers: 3",2026-01-07T14:13:31
2024_cluster_3,Carrancas,2024-12-31T00:00:00,1.6428571428571432,1.1865398,27.78,validacao,V44,LSTM,"/media/marcos/Marcos/Codigos/Predicao_Cafe_Arabica/Teste_2_reuniao_16_dez_ajuste_seed/temp_models/trial_194
Modelo LSTM. Treino: 2012 a 2023. Validação: 2024. Teste: 2025.
Dataset: V44.
Obs: ajuste de seed

Hyperparams:
input_size: 11h: 1lr: 0.00028287550366995544batch: 32encoder n layers: 3decoder layers: 3",2026-01-07T14:13:31
2024_cluster_3,Carvalhopolis,2024-12-31T00:00:00,1.62,1.5187168,6.25,validacao,V44,LSTM,"/media/marcos/Marcos/Codigos/Predicao_Cafe_Arabica/Teste_2_reuniao_16_dez_ajuste_seed/temp_models/trial_194
Modelo LSTM. Treino: 2012 a 2023. Validação: 2024. Teste: 2025.
Dataset: V44.
Obs: ajuste de seed

Hyperparams:
input_size: 11h: 1lr: 0.00028287550366995544batch: 32encoder n layers: 3decoder layers: 3",2026-01-07T14:13:31
2024_cluster_3,Conceicao_das_Pedras,2024-12-31T00:00:00,1.5598885793871868,1.4873544,4.65,validacao,V44,LSTM,"/media/marcos/Marcos/Codigos/Predicao_Cafe_Arabica/Teste_2_reuniao_16_dez_ajuste_seed/temp_models/trial_194
Modelo LSTM. Treino: 2012 a 2023. Validação: 2024. Teste: 2025.
Dataset: V44.
Obs: ajuste de seed

Hyperparams:
input_size: 11h: 1lr: 0.00028287550366995544batch: 32encoder n layers: 3decoder layers: 3",2026-01-07T14:13:31
2024_cluster_3,Conceicao_do_Rio_Verde,2024-12-31T00:00:00,1.5,1.397562,6.83,validacao,V44,LSTM,"/media/marcos/Marcos/Codigos/Predicao_Cafe_Arabica/Teste_2_reuniao_16_dez_ajuste_seed/temp_models/trial_194
Modelo LSTM. Treino: 2012 a 2023. Validação: 2024. Teste: 2025.
Dataset: V44.
Obs: ajuste de seed

Hyperparams:
input_size: 11h: 1lr: 0.00028287550366995544batch: 32encoder n layers: 3decoder layers: 3",2026-01-07T14:13:31
2024_cluster_3,Conceicao_dos_Ouros,2024-12-31T00:00:00,1.8000000000000003,1.3519669,24.89,validacao,V44,LSTM,"/media/marcos/Marcos/Codigos/Predicao_Cafe_Arabica/Teste_2_reuniao_16_dez_ajuste_seed/temp_models/trial_194
Modelo LSTM. Treino: 2012 a 2023. Validação: 2024. Teste: 2025.
Dataset: V44.
Obs: ajuste de seed

Hyperparams:
input_size: 11h: 1lr: 0.00028287550366995544batch: 32encoder n layers: 3decoder layers: 3",2026-01-07T14:13:31
2024_cluster_3,Congonhal,2024-12-31T00:00:00,1.8000000000000003,1.2927049,28.18,validacao,V44,LSTM,"/media/marcos/Marcos/Codigos/Predicao_Cafe_Arabica/Teste_2_reuniao_16_dez_ajuste_seed/temp_models/trial_194
Modelo LSTM. Treino: 2012 a 2023. Validação: 2024. Teste: 2025.
Dataset: V44.
Obs: ajuste de seed

Hyperparams:
input_size: 11h: 1lr: 0.00028287550366995544batch: 32encoder n layers: 3decoder layers: 3",2026-01-07T14:13:31
2024_cluster_3,Cordislandia,2024-12-31T00:00:00,1.439887640449438,1.3897382,3.48,validacao,V44,LSTM,"/media/marcos/Marcos/Codigos/Predicao_Cafe_Arabica/Teste_2_reuniao_16_dez_ajuste_seed/temp_models/trial_194
Modelo LSTM. Treino: 2012 a 2023. Validação: 2024. Teste: 2025.
Dataset: V44.
Obs: ajuste de seed

Hyperparams:
input_size: 11h: 1lr: 0.00028287550366995544batch: 32encoder n layers: 3decoder layers: 3",2026-01-07T14:13:31
2024_cluster_3,Cristina,2024-12-31T00:00:00,1.619736842105263,1.0709226,33.88,validacao,V44,LSTM,"/media/marcos/Marcos/Codigos/Predicao_Cafe_Arabica/Teste_2_reuniao_16_dez_ajuste_seed/temp_models/trial_194
Modelo LSTM. Treino: 2012 a 2023. Validação: 2024. Teste: 2025.
Dataset: V44.
Obs: ajuste de seed

Hyperparams:
input_size: 11h: 1lr: 0.00028287550366995544batch: 32encoder n layers: 3decoder layers: 3",2026-01-07T14:13:31
2024_cluster_3,Datas,2024-12-31T00:00:00,1.0,0.7633736,23.66,validacao,V44,LSTM,"/media/marcos/Marcos/Codigos/Predicao_Cafe_Arabica/Teste_2_reuniao_16_dez_ajuste_seed/temp_models/trial_194
Modelo LSTM. Treino: 2012 a 2023. Validação: 2024. Teste: 2025.
Dataset: V44.
Obs: ajuste de seed

Hyperparams:
input_size: 11h: 1lr: 0.00028287550366995544batch: 32encoder n layers: 3decoder layers: 3",2026-01-07T14:13:31
2024_cluster_3,Dom_Vicoso,2024-12-31T00:00:00,1.2,1.2965583,8.05,validacao,V44,LSTM,"/media/marcos/Marcos/Codigos/Predicao_Cafe_Arabica/Teste_2_reuniao_16_dez_ajuste_seed/temp_models/trial_194
Modelo LSTM. Treino: 2012 a 2023. Validação: 2024. Teste: 2025.
Dataset: V44.
Obs: ajuste de seed

Hyperparams:
input_size: 11h: 1lr: 0.00028287550366995544batch: 32encoder n layers: 3decoder layers: 3",2026-01-07T14:13:31
2024_cluster_3,Fama,2024-12-31T00:00:00,1.679838709677419,1.3791212,17.9,validacao,V44,LSTM,"/media/marcos/Marcos/Codigos/Predicao_Cafe_Arabica/Teste_2_reuniao_16_dez_ajuste_seed/temp_models/trial_194
Modelo LSTM. Treino: 2012 a 2023. Validação: 2024. Teste: 2025.
Dataset: V44.
Obs: ajuste de seed

Hyperparams:
input_size: 11h: 1lr: 0.00028287550366995544batch: 32encoder n layers: 3decoder layers: 3",2026-01-07T14:13:31
2024_cluster_3,Fortaleza_de_Minas,2024-12-31T00:00:00,1.5598425196850392,1.2984701,16.76,validacao,V44,LSTM,"/media/marcos/Marcos/Codigos/Predicao_Cafe_Arabica/Teste_2_reuniao_16_dez_ajuste_seed/temp_models/trial_194
Modelo LSTM. Treino: 2012 a 2023. Validação: 2024. Teste: 2025.
Dataset: V44.
Obs: ajuste de seed

Hyperparams:
input_size: 11h: 1lr: 0.00028287550366995544batch: 32encoder n layers: 3decoder layers: 3",2026-01-07T14:13:31
2024_cluster_3,Heliodora,2024-12-31T00:00:00,1.5601255886970171,1.3782454,11.66,validacao,V44,LSTM,"/media/marcos/Marcos/Codigos/Predicao_Cafe_Arabica/Teste_2_reuniao_16_dez_ajuste_seed/temp_models/trial_194
Modelo LSTM. Treino: 2012 a 2023. Validação: 2024. Teste: 2025.
Dataset: V44.
Obs: ajuste de seed

Hyperparams:
input_size: 11h: 1lr: 0.00028287550366995544batch: 32encoder n layers: 3decoder layers: 3",2026-01-07T14:13:31
2024_cluster_3,Ibitiura_de_Minas,2024-12-31T00:00:00,1.360264900662252,1.0611334,21.99,validacao,V44,LSTM,"/media/marcos/Marcos/Codigos/Predicao_Cafe_Arabica/Teste_2_reuniao_16_dez_ajuste_seed/temp_models/trial_194
Modelo LSTM. Treino: 2012 a 2023. Validação: 2024. Teste: 2025.
Dataset: V44.
Obs: ajuste de seed

Hyperparams:
input_size: 11h: 1lr: 0.00028287550366995544batch: 32encoder n layers: 3decoder layers: 3",2026-01-07T14:13:31
2024_cluster_3,Inconfidentes,2024-12-31T00:00:00,1.8000000000000003,1.5304501,14.97,validacao,V44,LSTM,"/media/marcos/Marcos/Codigos/Predicao_Cafe_Arabica/Teste_2_reuniao_16_dez_ajuste_seed/temp_models/trial_194
Modelo LSTM. Treino: 2012 a 2023. Validação: 2024. Teste: 2025.
Dataset: V44.
Obs: ajuste de seed

Hyperparams:
input_size: 11h: 1lr: 0.00028287550366995544batch: 32encoder n layers: 3decoder layers: 3",2026-01-07T14:13:31
2024_cluster_3,Ingai,2024-12-31T00:00:00,1.621004566210046,1.5893307,1.95,validacao,V44,LSTM,"/media/marcos/Marcos/Codigos/Predicao_Cafe_Arabica/Teste_2_reuniao_16_dez_ajuste_seed/temp_models/trial_194
Modelo LSTM. Treino: 2012 a 2023. Validação: 2024. Teste: 2025.
Dataset: V44.
Obs: ajuste de seed

Hyperparams:
input_size: 11h: 1lr: 0.00028287550366995544batch: 32encoder n layers: 3decoder layers: 3",2026-01-07T14:13:31
2024_cluster_3,Itajuba,2024-12-31T00:00:00,1.068965517241379,1.4874889,39.15,validacao,V44,LSTM,"/media/marcos/Marcos/Codigos/Predicao_Cafe_Arabica/Teste_2_reuniao_16_dez_ajuste_seed/temp_models/trial_194
Modelo LSTM. Treino: 2012 a 2023. Validação: 2024. Teste: 2025.
Dataset: V44.
Obs: ajuste de seed

Hyperparams:
input_size: 11h: 1lr: 0.00028287550366995544batch: 32encoder n layers: 3decoder layers: 3",2026-01-07T14:13:31
2024_cluster_3,Itutinga,2024-12-31T00:00:00,1.8000000000000003,1.4746819,18.07,validacao,V44,LSTM,"/media/marcos/Marcos/Codigos/Predicao_Cafe_Arabica/Teste_2_reuniao_16_dez_ajuste_seed/temp_models/trial_194
Modelo LSTM. Treino: 2012 a 2023. Validação: 2024. Teste: 2025.
Dataset: V44.
Obs: ajuste de seed

Hyperparams:
input_size: 11h: 1lr: 0.00028287550366995544batch: 32encoder n layers: 3decoder layers: 3",2026-01-07T14:13:31
2024_cluster_3,Jesuania,2024-12-31T00:00:00,1.5,1.2119948,19.2,validacao,V44,LSTM,"/media/marcos/Marcos/Codigos/Predicao_Cafe_Arabica/Teste_2_reuniao_16_dez_ajuste_seed/temp_models/trial_194
Modelo LSTM. Treino: 2012 a 2023. Validação: 2024. Teste: 2025.
Dataset: V44.
Obs: ajuste de seed

Hyperparams:
input_size: 11h: 1lr: 0.00028287550366995544batch: 32encoder n layers: 3decoder layers: 3",2026-01-07T14:13:31
2024_cluster_3,Lambari,2024-12-31T00:00:00,1.56,1.3137984,15.78,validacao,V44,LSTM,"/media/marcos/Marcos/Codigos/Predicao_Cafe_Arabica/Teste_2_reuniao_16_dez_ajuste_seed/temp_models/trial_194
Modelo LSTM. Treino: 2012 a 2023. Validação: 2024. Teste: 2025.
Dataset: V44.
Obs: ajuste de seed

Hyperparams:
input_size: 11h: 1lr: 0.00028287550366995544batch: 32encoder n layers: 3decoder layers: 3",2026-01-07T14:13:31
2024_cluster_3,Luminarias,2024-12-31T00:00:00,1.380229885057471,1.2917026,6.41,validacao,V44,LSTM,"/media/marcos/Marcos/Codigos/Predicao_Cafe_Arabica/Teste_2_reuniao_16_dez_ajuste_seed/temp_models/trial_194
Modelo LSTM. Treino: 2012 a 2023. Validação: 2024. Teste: 2025.
Dataset: V44.
Obs: ajuste de seed

Hyperparams:
input_size: 11h: 1lr: 0.00028287550366995544batch: 32encoder n layers: 3decoder layers: 3",2026-01-07T14:13:31
2024_cluster_3,Maria_da_Fe,2024-12-31T00:00:00,1.477777777777778,1.354617,8.33,validacao,V44,LSTM,"/media/marcos/Marcos/Codigos/Predicao_Cafe_Arabica/Teste_2_reuniao_16_dez_ajuste_seed/temp_models/trial_194
Modelo LSTM. Treino: 2012 a 2023. Validação: 2024. Teste: 2025.
Dataset: V44.
Obs: ajuste de seed

Hyperparams:
input_size: 11h: 1lr: 0.00028287550366995544batch: 32encoder n layers: 3decoder layers: 3",2026-01-07T14:13:31
2024_cluster_3,Monsenhor_Paulo,2024-12-31T00:00:00,1.5899728997289972,1.3959597,12.2,validacao,V44,LSTM,"/media/marcos/Marcos/Codigos/Predicao_Cafe_Arabica/Teste_2_reuniao_16_dez_ajuste_seed/temp_models/trial_194
Modelo LSTM. Treino: 2012 a 2023. Validação: 2024. Teste: 2025.
Dataset: V44.
Obs: ajuste de seed

Hyperparams:
input_size: 11h: 1lr: 0.00028287550366995544batch: 32encoder n layers: 3decoder layers: 3",2026-01-07T14:13:31
2024_cluster_3,Monte_Siao,2024-12-31T00:00:00,1.5,1.247438,16.84,validacao,V44,LSTM,"/media/marcos/Marcos/Codigos/Predicao_Cafe_Arabica/Teste_2_reuniao_16_dez_ajuste_seed/temp_models/trial_194
Modelo LSTM. Treino: 2012 a 2023. Validação: 2024. Teste: 2025.
Dataset: V44.
Obs: ajuste de seed

Hyperparams:
input_size: 11h: 1lr: 0.00028287550366995544batch: 32encoder n layers: 3decoder layers: 3",2026-01-07T14:13:31
2024_cluster_3,Natercia,2024-12-31T00:00:00,1.8000000000000003,1.4258075,20.79,validacao,V44,LSTM,"/media/marcos/Marcos/Codigos/Predicao_Cafe_Arabica/Teste_2_reuniao_16_dez_ajuste_seed/temp_models/trial_194
Modelo LSTM. Treino: 2012 a 2023. Validação: 2024. Teste: 2025.
Dataset: V44.
Obs: ajuste de seed

Hyperparams:
input_size: 11h: 1lr: 0.00028287550366995544batch: 32encoder n layers: 3decoder layers: 3",2026-01-07T14:13:31
2024_cluster_3,Olimpio_Noronha,2024-12-31T00:00:00,1.5,1.1134815,25.77,validacao,V44,LSTM,"/media/marcos/Marcos/Codigos/Predicao_Cafe_Arabica/Teste_2_reuniao_16_dez_ajuste_seed/temp_models/trial_194
Modelo LSTM. Treino: 2012 a 2023. Validação: 2024. Teste: 2025.
Dataset: V44.
Obs: ajuste de seed

Hyperparams:
input_size: 11h: 1lr: 0.00028287550366995544batch: 32encoder n layers: 3decoder layers: 3",2026-01-07T14:13:31
2024_cluster_3,Ouro_Fino,2024-12-31T00:00:00,1.5,1.3783596,8.11,validacao,V44,LSTM,"/media/marcos/Marcos/Codigos/Predicao_Cafe_Arabica/Teste_2_reuniao_16_dez_ajuste_seed/temp_models/trial_194
Modelo LSTM. Treino: 2012 a 2023. Validação: 2024. Teste: 2025.
Dataset: V44.
Obs: ajuste de seed

Hyperparams:
input_size: 11h: 1lr: 0.00028287550366995544batch: 32encoder n layers: 3decoder layers: 3",2026-01-07T14:13:31
2024_cluster_3,Paraisopolis,2024-12-31T00:00:00,1.5066666666666668,1.3713237,8.98,validacao,V44,LSTM,"/media/marcos/Marcos/Codigos/Predicao_Cafe_Arabica/Teste_2_reuniao_16_dez_ajuste_seed/temp_models/trial_194
Modelo LSTM. Treino: 2012 a 2023. Validação: 2024. Teste: 2025.
Dataset: V44.
Obs: ajuste de seed

Hyperparams:
input_size: 11h: 1lr: 0.00028287550366995544batch: 32encoder n layers: 3decoder layers: 3",2026-01-07T14:13:31
2024_cluster_3,Pedralva,2024-12-31T00:00:00,1.5600790513833993,1.4970851,4.04,validacao,V44,LSTM,"/media/marcos/Marcos/Codigos/Predicao_Cafe_Arabica/Teste_2_reuniao_16_dez_ajuste_seed/temp_models/trial_194
Modelo LSTM. Treino: 2012 a 2023. Validação: 2024. Teste: 2025.
Dataset: V44.
Obs: ajuste de seed

Hyperparams:
input_size: 11h: 1lr: 0.00028287550366995544batch: 32encoder n layers: 3decoder layers: 3",2026-01-07T14:13:31
2024_cluster_3,Pirangucu,2024-12-31T00:00:00,1.333333333333333,1.2559783,5.8,validacao,V44,LSTM,"/media/marcos/Marcos/Codigos/Predicao_Cafe_Arabica/Teste_2_reuniao_16_dez_ajuste_seed/temp_models/trial_194
Modelo LSTM. Treino: 2012 a 2023. Validação: 2024. Teste: 2025.
Dataset: V44.
Obs: ajuste de seed

Hyperparams:
input_size: 11h: 1lr: 0.00028287550366995544batch: 32encoder n layers: 3decoder layers: 3",2026-01-07T14:13:31
2024_cluster_3,Piranguinho,2024-12-31T00:00:00,1.6807610993657498,1.3755188,18.16,validacao,V44,LSTM,"/media/marcos/Marcos/Codigos/Predicao_Cafe_Arabica/Teste_2_reuniao_16_dez_ajuste_seed/temp_models/trial_194
Modelo LSTM. Treino: 2012 a 2023. Validação: 2024. Teste: 2025.
Dataset: V44.
Obs: ajuste de seed

Hyperparams:
input_size: 11h: 1lr: 0.00028287550366995544batch: 32encoder n layers: 3decoder layers: 3",2026-01-07T14:13:31
2024_cluster_3,Poco_Fundo,2024-12-31T00:00:00,1.380192991366176,1.3374772,3.09,validacao,V44,LSTM,"/media/marcos/Marcos/Codigos/Predicao_Cafe_Arabica/Teste_2_reuniao_16_dez_ajuste_seed/temp_models/trial_194
Modelo LSTM. Treino: 2012 a 2023. Validação: 2024. Teste: 2025.
Dataset: V44.
Obs: ajuste de seed

Hyperparams:
input_size: 11h: 1lr: 0.00028287550366995544batch: 32encoder n layers: 3decoder layers: 3",2026-01-07T14:13:31
2024_cluster_3,Pocos_de_Caldas,2024-12-31T00:00:00,1.7400000000000002,1.0834997,37.73,validacao,V44,LSTM,"/media/marcos/Marcos/Codigos/Predicao_Cafe_Arabica/Teste_2_reuniao_16_dez_ajuste_seed/temp_models/trial_194
Modelo LSTM. Treino: 2012 a 2023. Validação: 2024. Teste: 2025.
Dataset: V44.
Obs: ajuste de seed

Hyperparams:
input_size: 11h: 1lr: 0.00028287550366995544batch: 32encoder n layers: 3decoder layers: 3",2026-01-07T14:13:31
2024_cluster_3,Pouso_Alegre,2024-12-31T00:00:00,1.7878787878787883,1.2611548,29.46,validacao,V44,LSTM,"/media/marcos/Marcos/Codigos/Predicao_Cafe_Arabica/Teste_2_reuniao_16_dez_ajuste_seed/temp_models/trial_194
Modelo LSTM. Treino: 2012 a 2023. Validação: 2024. Teste: 2025.
Dataset: V44.
Obs: ajuste de seed

Hyperparams:
input_size: 11h: 1lr: 0.00028287550366995544batch: 32encoder n layers: 3decoder layers: 3",2026-01-07T14:13:31
2024_cluster_3,Pouso_Alto,2024-12-31T00:00:00,1.53,1.4504485,5.2,validacao,V44,LSTM,"/media/marcos/Marcos/Codigos/Predicao_Cafe_Arabica/Teste_2_reuniao_16_dez_ajuste_seed/temp_models/trial_194
Modelo LSTM. Treino: 2012 a 2023. Validação: 2024. Teste: 2025.
Dataset: V44.
Obs: ajuste de seed

Hyperparams:
input_size: 11h: 1lr: 0.00028287550366995544batch: 32encoder n layers: 3decoder layers: 3",2026-01-07T14:13:31
2024_cluster_3,Santa_Rita_de_Caldas,2024-12-31T00:00:00,1.8000000000000003,1.6134946,10.36,validacao,V44,LSTM,"/media/marcos/Marcos/Codigos/Predicao_Cafe_Arabica/Teste_2_reuniao_16_dez_ajuste_seed/temp_models/trial_194
Modelo LSTM. Treino: 2012 a 2023. Validação: 2024. Teste: 2025.
Dataset: V44.
Obs: ajuste de seed

Hyperparams:
input_size: 11h: 1lr: 0.00028287550366995544batch: 32encoder n layers: 3decoder layers: 3",2026-01-07T14:13:31
2024_cluster_3,Santa_Rita_do_Sapucai,2024-12-31T00:00:00,1.5,1.4375831,4.16,validacao,V44,LSTM,"/media/marcos/Marcos/Codigos/Predicao_Cafe_Arabica/Teste_2_reuniao_16_dez_ajuste_seed/temp_models/trial_194
Modelo LSTM. Treino: 2012 a 2023. Validação: 2024. Teste: 2025.
Dataset: V44.
Obs: ajuste de seed

Hyperparams:
input_size: 11h: 1lr: 0.00028287550366995544batch: 32encoder n layers: 3decoder layers: 3",2026-01-07T14:13:31
2024_cluster_3,Sao_Bento_Abade,2024-12-31T00:00:00,1.5,1.2557936,16.28,validacao,V44,LSTM,"/media/marcos/Marcos/Codigos/Predicao_Cafe_Arabica/Teste_2_reuniao_16_dez_ajuste_seed/temp_models/trial_194
Modelo LSTM. Treino: 2012 a 2023. Validação: 2024. Teste: 2025.
Dataset: V44.
Obs: ajuste de seed

Hyperparams:
input_size: 11h: 1lr: 0.00028287550366995544batch: 32encoder n layers: 3decoder layers: 3",2026-01-07T14:13:31
2024_cluster_3,Sao_Goncalo_do_Sapucai,2024-12-31T00:00:00,1.5,1.450736,3.28,validacao,V44,LSTM,"/media/marcos/Marcos/Codigos/Predicao_Cafe_Arabica/Teste_2_reuniao_16_dez_ajuste_seed/temp_models/trial_194
Modelo LSTM. Treino: 2012 a 2023. Validação: 2024. Teste: 2025.
Dataset: V44.
Obs: ajuste de seed

Hyperparams:
input_size: 11h: 1lr: 0.00028287550366995544batch: 32encoder n layers: 3decoder layers: 3",2026-01-07T14:13:31
2024_cluster_3,Sao_Joao_da_Mata,2024-12-31T00:00:00,1.32,1.2236084,7.3,validacao,V44,LSTM,"/media/marcos/Marcos/Codigos/Predicao_Cafe_Arabica/Teste_2_reuniao_16_dez_ajuste_seed/temp_models/trial_194
Modelo LSTM. Treino: 2012 a 2023. Validação: 2024. Teste: 2025.
Dataset: V44.
Obs: ajuste de seed

Hyperparams:
input_size: 11h: 1lr: 0.00028287550366995544batch: 32encoder n layers: 3decoder layers: 3",2026-01-07T14:13:31
2024_cluster_3,Sao_Joao_del_Rei,2024-12-31T00:00:00,1.8016877637130797,1.5086114,16.27,validacao,V44,LSTM,"/media/marcos/Marcos/Codigos/Predicao_Cafe_Arabica/Teste_2_reuniao_16_dez_ajuste_seed/temp_models/trial_194
Modelo LSTM. Treino: 2012 a 2023. Validação: 2024. Teste: 2025.
Dataset: V44.
Obs: ajuste de seed

Hyperparams:
input_size: 11h: 1lr: 0.00028287550366995544batch: 32encoder n layers: 3decoder layers: 3",2026-01-07T14:13:31
2024_cluster_3,Sao_Lourenco,2024-12-31T00:00:00,1.3799999999999997,1.5279505,10.72,validacao,V44,LSTM,"/media/marcos/Marcos/Codigos/Predicao_Cafe_Arabica/Teste_2_reuniao_16_dez_ajuste_seed/temp_models/trial_194
Modelo LSTM. Treino: 2012 a 2023. Validação: 2024. Teste: 2025.
Dataset: V44.
Obs: ajuste de seed

Hyperparams:
input_size: 11h: 1lr: 0.00028287550366995544batch: 32encoder n layers: 3decoder layers: 3",2026-01-07T14:13:31
2024_cluster_3,Sao_Sebastiao_da_Bela_Vista,2024-12-31T00:00:00,1.44,1.3435891,6.7,validacao,V44,LSTM,"/media/marcos/Marcos/Codigos/Predicao_Cafe_Arabica/Teste_2_reuniao_16_dez_ajuste_seed/temp_models/trial_194
Modelo LSTM. Treino: 2012 a 2023. Validação: 2024. Teste: 2025.
Dataset: V44.
Obs: ajuste de seed

Hyperparams:
input_size: 11h: 1lr: 0.00028287550366995544batch: 32encoder n layers: 3decoder layers: 3",2026-01-07T14:13:31
2024_cluster_3,Sao_Tome_das_Letras,2024-12-31T00:00:00,2.1,1.1412551,45.65,validacao,V44,LSTM,"/media/marcos/Marcos/Codigos/Predicao_Cafe_Arabica/Teste_2_reuniao_16_dez_ajuste_seed/temp_models/trial_194
Modelo LSTM. Treino: 2012 a 2023. Validação: 2024. Teste: 2025.
Dataset: V44.
Obs: ajuste de seed

Hyperparams:
input_size: 11h: 1lr: 0.00028287550366995544batch: 32encoder n layers: 3decoder layers: 3",2026-01-07T14:13:31
2024_cluster_3,Senador_Jose_Bento,2024-12-31T00:00:00,0.9,1.1914496,32.38,validacao,V44,LSTM,"/media/marcos/Marcos/Codigos/Predicao_Cafe_Arabica/Teste_2_reuniao_16_dez_ajuste_seed/temp_models/trial_194
Modelo LSTM. Treino: 2012 a 2023. Validação: 2024. Teste: 2025.
Dataset: V44.
Obs: ajuste de seed

Hyperparams:
input_size: 11h: 1lr: 0.00028287550366995544batch: 32encoder n layers: 3decoder layers: 3",2026-01-07T14:13:31
2024_cluster_3,Serrania,2024-12-31T00:00:00,1.32,1.3328767,0.98,validacao,V44,LSTM,"/media/marcos/Marcos/Codigos/Predicao_Cafe_Arabica/Teste_2_reuniao_16_dez_ajuste_seed/temp_models/trial_194
Modelo LSTM. Treino: 2012 a 2023. Validação: 2024. Teste: 2025.
Dataset: V44.
Obs: ajuste de seed

Hyperparams:
input_size: 11h: 1lr: 0.00028287550366995544batch: 32encoder n layers: 3decoder layers: 3",2026-01-07T14:13:31
2024_cluster_3,Silvianopolis,2024-12-31T00:00:00,1.56025641025641,1.0995892,29.53,validacao,V44,LSTM,"/media/marcos/Marcos/Codigos/Predicao_Cafe_Arabica/Teste_2_reuniao_16_dez_ajuste_seed/temp_models/trial_194
Modelo LSTM. Treino: 2012 a 2023. Validação: 2024. Teste: 2025.
Dataset: V44.
Obs: ajuste de seed

Hyperparams:
input_size: 11h: 1lr: 0.00028287550366995544batch: 32encoder n layers: 3decoder layers: 3",2026-01-07T14:13:31
2024_cluster_3,Soledade_de_Minas,2024-12-31T00:00:00,1.5,1.5635575,4.24,validacao,V44,LSTM,"/media/marcos/Marcos/Codigos/Predicao_Cafe_Arabica/Teste_2_reuniao_16_dez_ajuste_seed/temp_models/trial_194
Modelo LSTM. Treino: 2012 a 2023. Validação: 2024. Teste: 2025.
Dataset: V44.
Obs: ajuste de seed

Hyperparams:
input_size: 11h: 1lr: 0.00028287550366995544batch: 32encoder n layers: 3decoder layers: 3",2026-01-07T14:13:31
2024_cluster_3,Tocos_do_Moji,2024-12-31T00:00:00,1.5,1.3295422,11.36,validacao,V44,LSTM,"/media/marcos/Marcos/Codigos/Predicao_Cafe_Arabica/Teste_2_reuniao_16_dez_ajuste_seed/temp_models/trial_194
Modelo LSTM. Treino: 2012 a 2023. Validação: 2024. Teste: 2025.
Dataset: V44.
Obs: ajuste de seed

Hyperparams:
input_size: 11h: 1lr: 0.00028287550366995544batch: 32encoder n layers: 3decoder layers: 3",2026-01-07T14:13:31
2024_cluster_3,Tres_Coracoes,2024-12-31T00:00:00,1.56,1.3056288,16.31,validacao,V44,LSTM,"/media/marcos/Marcos/Codigos/Predicao_Cafe_Arabica/Teste_2_reuniao_16_dez_ajuste_seed/temp_models/trial_194
Modelo LSTM. Treino: 2012 a 2023. Validação: 2024. Teste: 2025.
Dataset: V44.
Obs: ajuste de seed

Hyperparams:
input_size: 11h: 1lr: 0.00028287550366995544batch: 32encoder n layers: 3decoder layers: 3",2026-01-07T14:13:31
2024_cluster_3,Turvolandia,2024-12-31T00:00:00,1.44,1.4929184,3.67,validacao,V44,LSTM,"/media/marcos/Marcos/Codigos/Predicao_Cafe_Arabica/Teste_2_reuniao_16_dez_ajuste_seed/temp_models/trial_194
Modelo LSTM. Treino: 2012 a 2023. Validação: 2024. Teste: 2025.
Dataset: V44.
Obs: ajuste de seed

Hyperparams:
input_size: 11h: 1lr: 0.00028287550366995544batch: 32encoder n layers: 3decoder layers: 3",2026-01-07T14:13:31
2024_cluster_3,Virginia,2024-12-31T00:00:00,1.6599999999999997,1.4028165,15.49,validacao,V44,LSTM,"/media/marcos/Marcos/Codigos/Predicao_Cafe_Arabica/Teste_2_reuniao_16_dez_ajuste_seed/temp_models/trial_194
Modelo LSTM. Treino: 2012 a 2023. Validação: 2024. Teste: 2025.
Dataset: V44.
Obs: ajuste de seed

Hyperparams:
input_size: 11h: 1lr: 0.00028287550366995544batch: 32encoder n layers: 3decoder layers: 3",2026-01-07T14:13:31
2024_cluster_3,Aiuruoca,2025-12-31T00:00:00,0.0,1.4423913,,teste,V44,LSTM,"/media/marcos/Marcos/Codigos/Predicao_Cafe_Arabica/Teste_2_reuniao_16_dez_ajuste_seed/temp_models/trial_194
Modelo LSTM. Treino: 2012 a 2023. Validação: 2024. Teste: 2025.
Dataset: V44.
Obs: ajuste de seed

Hyperparams:
input_size: 11h: 1lr: 0.00028287550366995544batch: 32encoder n layers: 3decoder layers: 3",2026-01-07T14:13:31
2024_cluster_3,Albertina,2025-12-31T00:00:00,0.0,1.4692628,,teste,V44,LSTM,"/media/marcos/Marcos/Codigos/Predicao_Cafe_Arabica/Teste_2_reuniao_16_dez_ajuste_seed/temp_models/trial_194
Modelo LSTM. Treino: 2012 a 2023. Validação: 2024. Teste: 2025.
Dataset: V44.
Obs: ajuste de seed

Hyperparams:
input_size: 11h: 1lr: 0.00028287550366995544batch: 32encoder n layers: 3decoder layers: 3",2026-01-07T14:13:31
2024_cluster_3,Baependi,2025-12-31T00:00:00,0.0,1.3884369,,teste,V44,LSTM,"/media/marcos/Marcos/Codigos/Predicao_Cafe_Arabica/Teste_2_reuniao_16_dez_ajuste_seed/temp_models/trial_194
Modelo LSTM. Treino: 2012 a 2023. Validação: 2024. Teste: 2025.
Dataset: V44.
Obs: ajuste de seed

Hyperparams:
input_size: 11h: 1lr: 0.00028287550366995544batch: 32encoder n layers: 3decoder layers: 3",2026-01-07T14:13:31
2024_cluster_3,Bandeira_do_Sul,2025-12-31T00:00:00,0.0,1.5012534,,teste,V44,LSTM,"/media/marcos/Marcos/Codigos/Predicao_Cafe_Arabica/Teste_2_reuniao_16_dez_ajuste_seed/temp_models/trial_194
Modelo LSTM. Treino: 2012 a 2023. Validação: 2024. Teste: 2025.
Dataset: V44.
Obs: ajuste de seed

Hyperparams:
input_size: 11h: 1lr: 0.00028287550366995544batch: 32encoder n layers: 3decoder layers: 3",2026-01-07T14:13:31
2024_cluster_3,Borda_da_Mata,2025-12-31T00:00:00,0.0,1.3827999,,teste,V44,LSTM,"/media/marcos/Marcos/Codigos/Predicao_Cafe_Arabica/Teste_2_reuniao_16_dez_ajuste_seed/temp_models/trial_194
Modelo LSTM. Treino: 2012 a 2023. Validação: 2024. Teste: 2025.
Dataset: V44.
Obs: ajuste de seed

Hyperparams:
input_size: 11h: 1lr: 0.00028287550366995544batch: 32encoder n layers: 3decoder layers: 3",2026-01-07T14:13:31
2024_cluster_3,Brazopolis,2025-12-31T00:00:00,0.0,1.3271393,,teste,V44,LSTM,"/media/marcos/Marcos/Codigos/Predicao_Cafe_Arabica/Teste_2_reuniao_16_dez_ajuste_seed/temp_models/trial_194
Modelo LSTM. Treino: 2012 a 2023. Validação: 2024. Teste: 2025.
Dataset: V44.
Obs: ajuste de seed

Hyperparams:
input_size: 11h: 1lr: 0.00028287550366995544batch: 32encoder n layers: 3decoder layers: 3",2026-01-07T14:13:31
2024_cluster_3,Bueno_Brandao,2025-12-31T00:00:00,0.0,1.4917948,,teste,V44,LSTM,"/media/marcos/Marcos/Codigos/Predicao_Cafe_Arabica/Teste_2_reuniao_16_dez_ajuste_seed/temp_models/trial_194
Modelo LSTM. Treino: 2012 a 2023. Validação: 2024. Teste: 2025.
Dataset: V44.
Obs: ajuste de seed

Hyperparams:
input_size: 11h: 1lr: 0.00028287550366995544batch: 32encoder n layers: 3decoder layers: 3",2026-01-07T14:13:31
2024_cluster_3,Cachoeira_de_Minas,2025-12-31T00:00:00,0.0,1.6142578,,teste,V44,LSTM,"/media/marcos/Marcos/Codigos/Predicao_Cafe_Arabica/Teste_2_reuniao_16_dez_ajuste_seed/temp_models/trial_194
Modelo LSTM. Treino: 2012 a 2023. Validação: 2024. Teste: 2025.
Dataset: V44.
Obs: ajuste de seed

Hyperparams:
input_size: 11h: 1lr: 0.00028287550366995544batch: 32encoder n layers: 3decoder layers: 3",2026-01-07T14:13:31
2024_cluster_3,Caldas,2025-12-31T00:00:00,0.0,1.5678369,,teste,V44,LSTM,"/media/marcos/Marcos/Codigos/Predicao_Cafe_Arabica/Teste_2_reuniao_16_dez_ajuste_seed/temp_models/trial_194
Modelo LSTM. Treino: 2012 a 2023. Validação: 2024. Teste: 2025.
Dataset: V44.
Obs: ajuste de seed

Hyperparams:
input_size: 11h: 1lr: 0.00028287550366995544batch: 32encoder n layers: 3decoder layers: 3",2026-01-07T14:13:31
2024_cluster_3,Cambuquira,2025-12-31T00:00:00,0.0,1.551796,,teste,V44,LSTM,"/media/marcos/Marcos/Codigos/Predicao_Cafe_Arabica/Teste_2_reuniao_16_dez_ajuste_seed/temp_models/trial_194
Modelo LSTM. Treino: 2012 a 2023. Validação: 2024. Teste: 2025.
Dataset: V44.
Obs: ajuste de seed

Hyperparams:
input_size: 11h: 1lr: 0.00028287550366995544batch: 32encoder n layers: 3decoder layers: 3",2026-01-07T14:13:31
2024_cluster_3,Campanha,2025-12-31T00:00:00,0.0,1.4697492,,teste,V44,LSTM,"/media/marcos/Marcos/Codigos/Predicao_Cafe_Arabica/Teste_2_reuniao_16_dez_ajuste_seed/temp_models/trial_194
Modelo LSTM. Treino: 2012 a 2023. Validação: 2024. Teste: 2025.
Dataset: V44.
Obs: ajuste de seed

Hyperparams:
input_size: 11h: 1lr: 0.00028287550366995544batch: 32encoder n layers: 3decoder layers: 3",2026-01-07T14:13:31
2024_cluster_3,Careacu,2025-12-31T00:00:00,0.0,1.3715937,,teste,V44,LSTM,"/media/marcos/Marcos/Codigos/Predicao_Cafe_Arabica/Teste_2_reuniao_16_dez_ajuste_seed/temp_models/trial_194
Modelo LSTM. Treino: 2012 a 2023. Validação: 2024. Teste: 2025.
Dataset: V44.
Obs: ajuste de seed

Hyperparams:
input_size: 11h: 1lr: 0.00028287550366995544batch: 32encoder n layers: 3decoder layers: 3",2026-01-07T14:13:31
2024_cluster_3,Carmo_da_Cachoeira,2025-12-31T00:00:00,0.0,1.5153594,,teste,V44,LSTM,"/media/marcos/Marcos/Codigos/Predicao_Cafe_Arabica/Teste_2_reuniao_16_dez_ajuste_seed/temp_models/trial_194
Modelo LSTM. Treino: 2012 a 2023. Validação: 2024. Teste: 2025.
Dataset: V44.
Obs: ajuste de seed

Hyperparams:
input_size: 11h: 1lr: 0.00028287550366995544batch: 32encoder n layers: 3decoder layers: 3",2026-01-07T14:13:31
2024_cluster_3,Carmo_de_Minas,2025-12-31T00:00:00,0.0,1.4231629,,teste,V44,LSTM,"/media/marcos/Marcos/Codigos/Predicao_Cafe_Arabica/Teste_2_reuniao_16_dez_ajuste_seed/temp_models/trial_194
Modelo LSTM. Treino: 2012 a 2023. Validação: 2024. Teste: 2025.
Dataset: V44.
Obs: ajuste de seed

Hyperparams:
input_size: 11h: 1lr: 0.00028287550366995544batch: 32encoder n layers: 3decoder layers: 3",2026-01-07T14:13:31
2024_cluster_3,Carrancas,2025-12-31T00:00:00,0.0,1.4265332,,teste,V44,LSTM,"/media/marcos/Marcos/Codigos/Predicao_Cafe_Arabica/Teste_2_reuniao_16_dez_ajuste_seed/temp_models/trial_194
Modelo LSTM. Treino: 2012 a 2023. Validação: 2024. Teste: 2025.
Dataset: V44.
Obs: ajuste de seed

Hyperparams:
input_size: 11h: 1lr: 0.00028287550366995544batch: 32encoder n layers: 3decoder layers: 3",2026-01-07T14:13:31
2024_cluster_3,Carvalhopolis,2025-12-31T00:00:00,0.0,1.5409417,,teste,V44,LSTM,"/media/marcos/Marcos/Codigos/Predicao_Cafe_Arabica/Teste_2_reuniao_16_dez_ajuste_seed/temp_models/trial_194
Modelo LSTM. Treino: 2012 a 2023. Validação: 2024. Teste: 2025.
Dataset: V44.
Obs: ajuste de seed

Hyperparams:
input_size: 11h: 1lr: 0.00028287550366995544batch: 32encoder n layers: 3decoder layers: 3",2026-01-07T14:13:31
2024_cluster_3,Conceicao_das_Pedras,2025-12-31T00:00:00,0.0,1.5834355,,teste,V44,LSTM,"/media/marcos/Marcos/Codigos/Predicao_Cafe_Arabica/Teste_2_reuniao_16_dez_ajuste_seed/temp_models/trial_194
Modelo LSTM. Treino: 2012 a 2023. Validação: 2024. Teste: 2025.
Dataset: V44.
Obs: ajuste de seed

Hyperparams:
input_size: 11h: 1lr: 0.00028287550366995544batch: 32encoder n layers: 3decoder layers: 3",2026-01-07T14:13:31
2024_cluster_3,Conceicao_do_Rio_Verde,2025-12-31T00:00:00,0.0,1.6429167,,teste,V44,LSTM,"/media/marcos/Marcos/Codigos/Predicao_Cafe_Arabica/Teste_2_reuniao_16_dez_ajuste_seed/temp_models/trial_194
Modelo LSTM. Treino: 2012 a 2023. Validação: 2024. Teste: 2025.
Dataset: V44.
Obs: ajuste de seed

Hyperparams:
input_size: 11h: 1lr: 0.00028287550366995544batch: 32encoder n layers: 3decoder layers: 3",2026-01-07T14:13:31
2024_cluster_3,Conceicao_dos_Ouros,2025-12-31T00:00:00,0.0,1.4370036,,teste,V44,LSTM,"/media/marcos/Marcos/Codigos/Predicao_Cafe_Arabica/Teste_2_reuniao_16_dez_ajuste_seed/temp_models/trial_194
Modelo LSTM. Treino: 2012 a 2023. Validação: 2024. Teste: 2025.
Dataset: V44.
Obs: ajuste de seed

Hyperparams:
input_size: 11h: 1lr: 0.00028287550366995544batch: 32encoder n layers: 3decoder layers: 3",2026-01-07T14:13:31
2024_cluster_3,Congonhal,2025-12-31T00:00:00,0.0,1.5319138,,teste,V44,LSTM,"/media/marcos/Marcos/Codigos/Predicao_Cafe_Arabica/Teste_2_reuniao_16_dez_ajuste_seed/temp_models/trial_194
Modelo LSTM. Treino: 2012 a 2023. Validação: 2024. Teste: 2025.
Dataset: V44.
Obs: ajuste de seed

Hyperparams:
input_size: 11h: 1lr: 0.00028287550366995544batch: 32encoder n layers: 3decoder layers: 3",2026-01-07T14:13:31
2024_cluster_3,Cordislandia,2025-12-31T00:00:00,0.0,1.5040269,,teste,V44,LSTM,"/media/marcos/Marcos/Codigos/Predicao_Cafe_Arabica/Teste_2_reuniao_16_dez_ajuste_seed/temp_models/trial_194
Modelo LSTM. Treino: 2012 a 2023. Validação: 2024. Teste: 2025.
Dataset: V44.
Obs: ajuste de seed

Hyperparams:
input_size: 11h: 1lr: 0.00028287550366995544batch: 32encoder n layers: 3decoder layers: 3",2026-01-07T14:13:31
2024_cluster_3,Cristina,2025-12-31T00:00:00,0.0,1.5776535,,teste,V44,LSTM,"/media/marcos/Marcos/Codigos/Predicao_Cafe_Arabica/Teste_2_reuniao_16_dez_ajuste_seed/temp_models/trial_194
Modelo LSTM. Treino: 2012 a 2023. Validação: 2024. Teste: 2025.
Dataset: V44.
Obs: ajuste de seed

Hyperparams:
input_size: 11h: 1lr: 0.00028287550366995544batch: 32encoder n layers: 3decoder layers: 3",2026-01-07T14:13:31
2024_cluster_3,Datas,2025-12-31T00:00:00,0.0,1.401902,,teste,V44,LSTM,"/media/marcos/Marcos/Codigos/Predicao_Cafe_Arabica/Teste_2_reuniao_16_dez_ajuste_seed/temp_models/trial_194
Modelo LSTM. Treino: 2012 a 2023. Validação: 2024. Teste: 2025.
Dataset: V44.
Obs: ajuste de seed

Hyperparams:
input_size: 11h: 1lr: 0.00028287550366995544batch: 32encoder n layers: 3decoder layers: 3",2026-01-07T14:13:31
2024_cluster_3,Dom_Vicoso,2025-12-31T00:00:00,0.0,1.3464516,,teste,V44,LSTM,"/media/marcos/Marcos/Codigos/Predicao_Cafe_Arabica/Teste_2_reuniao_16_dez_ajuste_seed/temp_models/trial_194
Modelo LSTM. Treino: 2012 a 2023. Validação: 2024. Teste: 2025.
Dataset: V44.
Obs: ajuste de seed

Hyperparams:
input_size: 11h: 1lr: 0.00028287550366995544batch: 32encoder n layers: 3decoder layers: 3",2026-01-07T14:13:31
2024_cluster_3,Fama,2025-12-31T00:00:00,0.0,1.5094738,,teste,V44,LSTM,"/media/marcos/Marcos/Codigos/Predicao_Cafe_Arabica/Teste_2_reuniao_16_dez_ajuste_seed/temp_models/trial_194
Modelo LSTM. Treino: 2012 a 2023. Validação: 2024. Teste: 2025.
Dataset: V44.
Obs: ajuste de seed

Hyperparams:
input_size: 11h: 1lr: 0.00028287550366995544batch: 32encoder n layers: 3decoder layers: 3",2026-01-07T14:13:31
2024_cluster_3,Fortaleza_de_Minas,2025-12-31T00:00:00,0.0,1.473243,,teste,V44,LSTM,"/media/marcos/Marcos/Codigos/Predicao_Cafe_Arabica/Teste_2_reuniao_16_dez_ajuste_seed/temp_models/trial_194
Modelo LSTM. Treino: 2012 a 2023. Validação: 2024. Teste: 2025.
Dataset: V44.
Obs: ajuste de seed

Hyperparams:
input_size: 11h: 1lr: 0.00028287550366995544batch: 32encoder n layers: 3decoder layers: 3",2026-01-07T14:13:31
2024_cluster_3,Heliodora,2025-12-31T00:00:00,0.0,1.4295174,,teste,V44,LSTM,"/media/marcos/Marcos/Codigos/Predicao_Cafe_Arabica/Teste_2_reuniao_16_dez_ajuste_seed/temp_models/trial_194
Modelo LSTM. Treino: 2012 a 2023. Validação: 2024. Teste: 2025.
Dataset: V44.
Obs: ajuste de seed

Hyperparams:
input_size: 11h: 1lr: 0.00028287550366995544batch: 32encoder n layers: 3decoder layers: 3",2026-01-07T14:13:31
2024_cluster_3,Ibitiura_de_Minas,2025-12-31T00:00:00,0.0,1.8020647,,teste,V44,LSTM,"/media/marcos/Marcos/Codigos/Predicao_Cafe_Arabica/Teste_2_reuniao_16_dez_ajuste_seed/temp_models/trial_194
Modelo LSTM. Treino: 2012 a 2023. Validação: 2024. Teste: 2025.
Dataset: V44.
Obs: ajuste de seed

Hyperparams:
input_size: 11h: 1lr: 0.00028287550366995544batch: 32encoder n layers: 3decoder layers: 3",2026-01-07T14:13:31
2024_cluster_3,Inconfidentes,2025-12-31T00:00:00,0.0,1.6521182,,teste,V44,LSTM,"/media/marcos/Marcos/Codigos/Predicao_Cafe_Arabica/Teste_2_reuniao_16_dez_ajuste_seed/temp_models/trial_194
Modelo LSTM. Treino: 2012 a 2023. Validação: 2024. Teste: 2025.
Dataset: V44.
Obs: ajuste de seed

Hyperparams:
input_size: 11h: 1lr: 0.00028287550366995544batch: 32encoder n layers: 3decoder layers: 3",2026-01-07T14:13:31
2024_cluster_3,Ingai,2025-12-31T00:00:00,0.0,1.604147,,teste,V44,LSTM,"/media/marcos/Marcos/Codigos/Predicao_Cafe_Arabica/Teste_2_reuniao_16_dez_ajuste_seed/temp_models/trial_194
Modelo LSTM. Treino: 2012 a 2023. Validação: 2024. Teste: 2025.
Dataset: V44.
Obs: ajuste de seed

Hyperparams:
input_size: 11h: 1lr: 0.00028287550366995544batch: 32encoder n layers: 3decoder layers: 3",2026-01-07T14:13:31
2024_cluster_3,Itajuba,2025-12-31T00:00:00,0.0,1.5330479,,teste,V44,LSTM,"/media/marcos/Marcos/Codigos/Predicao_Cafe_Arabica/Teste_2_reuniao_16_dez_ajuste_seed/temp_models/trial_194
Modelo LSTM. Treino: 2012 a 2023. Validação: 2024. Teste: 2025.
Dataset: V44.
Obs: ajuste de seed

Hyperparams:
input_size: 11h: 1lr: 0.00028287550366995544batch: 32encoder n layers: 3decoder layers: 3",2026-01-07T14:13:31
2024_cluster_3,Itutinga,2025-12-31T00:00:00,0.0,1.5608478,,teste,V44,LSTM,"/media/marcos/Marcos/Codigos/Predicao_Cafe_Arabica/Teste_2_reuniao_16_dez_ajuste_seed/temp_models/trial_194
Modelo LSTM. Treino: 2012 a 2023. Validação: 2024. Teste: 2025.
Dataset: V44.
Obs: ajuste de seed

Hyperparams:
input_size: 11h: 1lr: 0.00028287550366995544batch: 32encoder n layers: 3decoder layers: 3",2026-01-07T14:13:31
2024_cluster_3,Jesuania,2025-12-31T00:00:00,0.0,1.374496,,teste,V44,LSTM,"/media/marcos/Marcos/Codigos/Predicao_Cafe_Arabica/Teste_2_reuniao_16_dez_ajuste_seed/temp_models/trial_194
Modelo LSTM. Treino: 2012 a 2023. Validação: 2024. Teste: 2025.
Dataset: V44.
Obs: ajuste de seed

Hyperparams:
input_size: 11h: 1lr: 0.00028287550366995544batch: 32encoder n layers: 3decoder layers: 3",2026-01-07T14:13:31
2024_cluster_3,Lambari,2025-12-31T00:00:00,0.0,1.417623,,teste,V44,LSTM,"/media/marcos/Marcos/Codigos/Predicao_Cafe_Arabica/Teste_2_reuniao_16_dez_ajuste_seed/temp_models/trial_194
Modelo LSTM. Treino: 2012 a 2023. Validação: 2024. Teste: 2025.
Dataset: V44.
Obs: ajuste de seed

Hyperparams:
input_size: 11h: 1lr: 0.00028287550366995544batch: 32encoder n layers: 3decoder layers: 3",2026-01-07T14:13:31
2024_cluster_3,Luminarias,2025-12-31T00:00:00,0.0,1.5938816,,teste,V44,LSTM,"/media/marcos/Marcos/Codigos/Predicao_Cafe_Arabica/Teste_2_reuniao_16_dez_ajuste_seed/temp_models/trial_194
Modelo LSTM. Treino: 2012 a 2023. Validação: 2024. Teste: 2025.
Dataset: V44.
Obs: ajuste de seed

Hyperparams:
input_size: 11h: 1lr: 0.00028287550366995544batch: 32encoder n layers: 3decoder layers: 3",2026-01-07T14:13:31
2024_cluster_3,Maria_da_Fe,2025-12-31T00:00:00,0.0,1.5829325,,teste,V44,LSTM,"/media/marcos/Marcos/Codigos/Predicao_Cafe_Arabica/Teste_2_reuniao_16_dez_ajuste_seed/temp_models/trial_194
Modelo LSTM. Treino: 2012 a 2023. Validação: 2024. Teste: 2025.
Dataset: V44.
Obs: ajuste de seed

Hyperparams:
input_size: 11h: 1lr: 0.00028287550366995544batch: 32encoder n layers: 3decoder layers: 3",2026-01-07T14:13:31
2024_cluster_3,Monsenhor_Paulo,2025-12-31T00:00:00,0.0,1.5439566,,teste,V44,LSTM,"/media/marcos/Marcos/Codigos/Predicao_Cafe_Arabica/Teste_2_reuniao_16_dez_ajuste_seed/temp_models/trial_194
Modelo LSTM. Treino: 2012 a 2023. Validação: 2024. Teste: 2025.
Dataset: V44.
Obs: ajuste de seed

Hyperparams:
input_size: 11h: 1lr: 0.00028287550366995544batch: 32encoder n layers: 3decoder layers: 3",2026-01-07T14:13:31
2024_cluster_3,Monte_Siao,2025-12-31T00:00:00,0.0,1.3476576,,teste,V44,LSTM,"/media/marcos/Marcos/Codigos/Predicao_Cafe_Arabica/Teste_2_reuniao_16_dez_ajuste_seed/temp_models/trial_194
Modelo LSTM. Treino: 2012 a 2023. Validação: 2024. Teste: 2025.
Dataset: V44.
Obs: ajuste de seed

Hyperparams:
input_size: 11h: 1lr: 0.00028287550366995544batch: 32encoder n layers: 3decoder layers: 3",2026-01-07T14:13:31
2024_cluster_3,Natercia,2025-12-31T00:00:00,0.0,1.5507027,,teste,V44,LSTM,"/media/marcos/Marcos/Codigos/Predicao_Cafe_Arabica/Teste_2_reuniao_16_dez_ajuste_seed/temp_models/trial_194
Modelo LSTM. Treino: 2012 a 2023. Validação: 2024. Teste: 2025.
Dataset: V44.
Obs: ajuste de seed

Hyperparams:
input_size: 11h: 1lr: 0.00028287550366995544batch: 32encoder n layers: 3decoder layers: 3",2026-01-07T14:13:31
2024_cluster_3,Olimpio_Noronha,2025-12-31T00:00:00,0.0,1.3153224,,teste,V44,LSTM,"/media/marcos/Marcos/Codigos/Predicao_Cafe_Arabica/Teste_2_reuniao_16_dez_ajuste_seed/temp_models/trial_194
Modelo LSTM. Treino: 2012 a 2023. Validação: 2024. Teste: 2025.
Dataset: V44.
Obs: ajuste de seed

Hyperparams:
input_size: 11h: 1lr: 0.00028287550366995544batch: 32encoder n layers: 3decoder layers: 3",2026-01-07T14:13:31
2024_cluster_3,Ouro_Fino,2025-12-31T00:00:00,0.0,1.4323659,,teste,V44,LSTM,"/media/marcos/Marcos/Codigos/Predicao_Cafe_Arabica/Teste_2_reuniao_16_dez_ajuste_seed/temp_models/trial_194
Modelo LSTM. Treino: 2012 a 2023. Validação: 2024. Teste: 2025.
Dataset: V44.
Obs: ajuste de seed

Hyperparams:
input_size: 11h: 1lr: 0.00028287550366995544batch: 32encoder n layers: 3decoder layers: 3",2026-01-07T14:13:31
2024_cluster_3,Paraisopolis,2025-12-31T00:00:00,0.0,1.5070815,,teste,V44,LSTM,"/media/marcos/Marcos/Codigos/Predicao_Cafe_Arabica/Teste_2_reuniao_16_dez_ajuste_seed/temp_models/trial_194
Modelo LSTM. Treino: 2012 a 2023. Validação: 2024. Teste: 2025.
Dataset: V44.
Obs: ajuste de seed

Hyperparams:
input_size: 11h: 1lr: 0.00028287550366995544batch: 32encoder n layers: 3decoder layers: 3",2026-01-07T14:13:31
2024_cluster_3,Pedralva,2025-12-31T00:00:00,0.0,1.7150795,,teste,V44,LSTM,"/media/marcos/Marcos/Codigos/Predicao_Cafe_Arabica/Teste_2_reuniao_16_dez_ajuste_seed/temp_models/trial_194
Modelo LSTM. Treino: 2012 a 2023. Validação: 2024. Teste: 2025.
Dataset: V44.
Obs: ajuste de seed

Hyperparams:
input_size: 11h: 1lr: 0.00028287550366995544batch: 32encoder n layers: 3decoder layers: 3",2026-01-07T14:13:31
2024_cluster_3,Pirangucu,2025-12-31T00:00:00,0.0,1.3036909,,teste,V44,LSTM,"/media/marcos/Marcos/Codigos/Predicao_Cafe_Arabica/Teste_2_reuniao_16_dez_ajuste_seed/temp_models/trial_194
Modelo LSTM. Treino: 2012 a 2023. Validação: 2024. Teste: 2025.
Dataset: V44.
Obs: ajuste de seed

Hyperparams:
input_size: 11h: 1lr: 0.00028287550366995544batch: 32encoder n layers: 3decoder layers: 3",2026-01-07T14:13:31
2024_cluster_3,Piranguinho,2025-12-31T00:00:00,0.0,1.4497662,,teste,V44,LSTM,"/media/marcos/Marcos/Codigos/Predicao_Cafe_Arabica/Teste_2_reuniao_16_dez_ajuste_seed/temp_models/trial_194
Modelo LSTM. Treino: 2012 a 2023. Validação: 2024. Teste: 2025.
Dataset: V44.
Obs: ajuste de seed

Hyperparams:
input_size: 11h: 1lr: 0.00028287550366995544batch: 32encoder n layers: 3decoder layers: 3",2026-01-07T14:13:31
2024_cluster_3,Poco_Fundo,2025-12-31T00:00:00,0.0,1.3331435,,teste,V44,LSTM,"/media/marcos/Marcos/Codigos/Predicao_Cafe_Arabica/Teste_2_reuniao_16_dez_ajuste_seed/temp_models/trial_194
Modelo LSTM. Treino: 2012 a 2023. Validação: 2024. Teste: 2025.
Dataset: V44.
Obs: ajuste de seed

Hyperparams:
input_size: 11h: 1lr: 0.00028287550366995544batch: 32encoder n layers: 3decoder layers: 3",2026-01-07T14:13:31
2024_cluster_3,Pocos_de_Caldas,2025-12-31T00:00:00,0.0,1.8050253,,teste,V44,LSTM,"/media/marcos/Marcos/Codigos/Predicao_Cafe_Arabica/Teste_2_reuniao_16_dez_ajuste_seed/temp_models/trial_194
Modelo LSTM. Treino: 2012 a 2023. Validação: 2024. Teste: 2025.
Dataset: V44.
Obs: ajuste de seed

Hyperparams:
input_size: 11h: 1lr: 0.00028287550366995544batch: 32encoder n layers: 3decoder layers: 3",2026-01-07T14:13:31
2024_cluster_3,Pouso_Alegre,2025-12-31T00:00:00,0.0,1.3384714,,teste,V44,LSTM,"/media/marcos/Marcos/Codigos/Predicao_Cafe_Arabica/Teste_2_reuniao_16_dez_ajuste_seed/temp_models/trial_194
Modelo LSTM. Treino: 2012 a 2023. Validação: 2024. Teste: 2025.
Dataset: V44.
Obs: ajuste de seed

Hyperparams:
input_size: 11h: 1lr: 0.00028287550366995544batch: 32encoder n layers: 3decoder layers: 3",2026-01-07T14:13:31
2024_cluster_3,Pouso_Alto,2025-12-31T00:00:00,0.0,1.5082731,,teste,V44,LSTM,"/media/marcos/Marcos/Codigos/Predicao_Cafe_Arabica/Teste_2_reuniao_16_dez_ajuste_seed/temp_models/trial_194
Modelo LSTM. Treino: 2012 a 2023. Validação: 2024. Teste: 2025.
Dataset: V44.
Obs: ajuste de seed

Hyperparams:
input_size: 11h: 1lr: 0.00028287550366995544batch: 32encoder n layers: 3decoder layers: 3",2026-01-07T14:13:31
2024_cluster_3,Santa_Rita_de_Caldas,2025-12-31T00:00:00,0.0,1.9386288,,teste,V44,LSTM,"/media/marcos/Marcos/Codigos/Predicao_Cafe_Arabica/Teste_2_reuniao_16_dez_ajuste_seed/temp_models/trial_194
Modelo LSTM. Treino: 2012 a 2023. Validação: 2024. Teste: 2025.
Dataset: V44.
Obs: ajuste de seed

Hyperparams:
input_size: 11h: 1lr: 0.00028287550366995544batch: 32encoder n layers: 3decoder layers: 3",2026-01-07T14:13:31
2024_cluster_3,Santa_Rita_do_Sapucai,2025-12-31T00:00:00,0.0,1.4770004,,teste,V44,LSTM,"/media/marcos/Marcos/Codigos/Predicao_Cafe_Arabica/Teste_2_reuniao_16_dez_ajuste_seed/temp_models/trial_194
Modelo LSTM. Treino: 2012 a 2023. Validação: 2024. Teste: 2025.
Dataset: V44.
Obs: ajuste de seed

Hyperparams:
input_size: 11h: 1lr: 0.00028287550366995544batch: 32encoder n layers: 3decoder layers: 3",2026-01-07T14:13:31
2024_cluster_3,Sao_Bento_Abade,2025-12-31T00:00:00,0.0,1.6405721,,teste,V44,LSTM,"/media/marcos/Marcos/Codigos/Predicao_Cafe_Arabica/Teste_2_reuniao_16_dez_ajuste_seed/temp_models/trial_194
Modelo LSTM. Treino: 2012 a 2023. Validação: 2024. Teste: 2025.
Dataset: V44.
Obs: ajuste de seed

Hyperparams:
input_size: 11h: 1lr: 0.00028287550366995544batch: 32encoder n layers: 3decoder layers: 3",2026-01-07T14:13:31
2024_cluster_3,Sao_Goncalo_do_Sapucai,2025-12-31T00:00:00,0.0,1.5929599,,teste,V44,LSTM,"/media/marcos/Marcos/Codigos/Predicao_Cafe_Arabica/Teste_2_reuniao_16_dez_ajuste_seed/temp_models/trial_194
Modelo LSTM. Treino: 2012 a 2023. Validação: 2024. Teste: 2025.
Dataset: V44.
Obs: ajuste de seed

Hyperparams:
input_size: 11h: 1lr: 0.00028287550366995544batch: 32encoder n layers: 3decoder layers: 3",2026-01-07T14:13:31
2024_cluster_3,Sao_Joao_da_Mata,2025-12-31T00:00:00,0.0,1.2824178,,teste,V44,LSTM,"/media/marcos/Marcos/Codigos/Predicao_Cafe_Arabica/Teste_2_reuniao_16_dez_ajuste_seed/temp_models/trial_194
Modelo LSTM. Treino: 2012 a 2023. Validação: 2024. Teste: 2025.
Dataset: V44.
Obs: ajuste de seed

Hyperparams:
input_size: 11h: 1lr: 0.00028287550366995544batch: 32encoder n layers: 3decoder layers: 3",2026-01-07T14:13:31
2024_cluster_3,Sao_Joao_del_Rei,2025-12-31T00:00:00,0.0,1.7221601,,teste,V44,LSTM,"/media/marcos/Marcos/Codigos/Predicao_Cafe_Arabica/Teste_2_reuniao_16_dez_ajuste_seed/temp_models/trial_194
Modelo LSTM. Treino: 2012 a 2023. Validação: 2024. Teste: 2025.
Dataset: V44.
Obs: ajuste de seed

Hyperparams:
input_size: 11h: 1lr: 0.00028287550366995544batch: 32encoder n layers: 3decoder layers: 3",2026-01-07T14:13:31
2024_cluster_3,Sao_Lourenco,2025-12-31T00:00:00,0.0,1.7377987,,teste,V44,LSTM,"/media/marcos/Marcos/Codigos/Predicao_Cafe_Arabica/Teste_2_reuniao_16_dez_ajuste_seed/temp_models/trial_194
Modelo LSTM. Treino: 2012 a 2023. Validação: 2024. Teste: 2025.
Dataset: V44.
Obs: ajuste de seed

Hyperparams:
input_size: 11h: 1lr: 0.00028287550366995544batch: 32encoder n layers: 3decoder layers: 3",2026-01-07T14:13:31
2024_cluster_3,Sao_Sebastiao_da_Bela_Vista,2025-12-31T00:00:00,0.0,1.3689628,,teste,V44,LSTM,"/media/marcos/Marcos/Codigos/Predicao_Cafe_Arabica/Teste_2_reuniao_16_dez_ajuste_seed/temp_models/trial_194
Modelo LSTM. Treino: 2012 a 2023. Validação: 2024. Teste: 2025.
Dataset: V44.
Obs: ajuste de seed

Hyperparams:
input_size: 11h: 1lr: 0.00028287550366995544batch: 32encoder n layers: 3decoder layers: 3",2026-01-07T14:13:31
2024_cluster_3,Sao_Tome_das_Letras,2025-12-31T00:00:00,0.0,1.4154266,,teste,V44,LSTM,"/media/marcos/Marcos/Codigos/Predicao_Cafe_Arabica/Teste_2_reuniao_16_dez_ajuste_seed/temp_models/trial_194
Modelo LSTM. Treino: 2012 a 2023. Validação: 2024. Teste: 2025.
Dataset: V44.
Obs: ajuste de seed

Hyperparams:
input_size: 11h: 1lr: 0.00028287550366995544batch: 32encoder n layers: 3decoder layers: 3",2026-01-07T14:13:31
2024_cluster_3,Senador_Jose_Bento,2025-12-31T00:00:00,0.0,1.290935,,teste,V44,LSTM,"/media/marcos/Marcos/Codigos/Predicao_Cafe_Arabica/Teste_2_reuniao_16_dez_ajuste_seed/temp_models/trial_194
Modelo LSTM. Treino: 2012 a 2023. Validação: 2024. Teste: 2025.
Dataset: V44.
Obs: ajuste de seed

Hyperparams:
input_size: 11h: 1lr: 0.00028287550366995544batch: 32encoder n layers: 3decoder layers: 3",2026-01-07T14:13:31
2024_cluster_3,Serrania,2025-12-31T00:00:00,0.0,1.393958,,teste,V44,LSTM,"/media/marcos/Marcos/Codigos/Predicao_Cafe_Arabica/Teste_2_reuniao_16_dez_ajuste_seed/temp_models/trial_194
Modelo LSTM. Treino: 2012 a 2023. Validação: 2024. Teste: 2025.
Dataset: V44.
Obs: ajuste de seed

Hyperparams:
input_size: 11h: 1lr: 0.00028287550366995544batch: 32encoder n layers: 3decoder layers: 3",2026-01-07T14:13:31
2024_cluster_3,Silvianopolis,2025-12-31T00:00:00,0.0,1.1670223,,teste,V44,LSTM,"/media/marcos/Marcos/Codigos/Predicao_Cafe_Arabica/Teste_2_reuniao_16_dez_ajuste_seed/temp_models/trial_194
Modelo LSTM. Treino: 2012 a 2023. Validação: 2024. Teste: 2025.
Dataset: V44.
Obs: ajuste de seed

Hyperparams:
input_size: 11h: 1lr: 0.00028287550366995544batch: 32encoder n layers: 3decoder layers: 3",2026-01-07T14:13:31
2024_cluster_3,Soledade_de_Minas,2025-12-31T00:00:00,0.0,1.7828884,,teste,V44,LSTM,"/media/marcos/Marcos/Codigos/Predicao_Cafe_Arabica/Teste_2_reuniao_16_dez_ajuste_seed/temp_models/trial_194
Modelo LSTM. Treino: 2012 a 2023. Validação: 2024. Teste: 2025.
Dataset: V44.
Obs: ajuste de seed

Hyperparams:
input_size: 11h: 1lr: 0.00028287550366995544batch: 32encoder n layers: 3decoder layers: 3",2026-01-07T14:13:31
2024_cluster_3,Tocos_do_Moji,2025-12-31T00:00:00,0.0,1.3599886,,teste,V44,LSTM,"/media/marcos/Marcos/Codigos/Predicao_Cafe_Arabica/Teste_2_reuniao_16_dez_ajuste_seed/temp_models/trial_194
Modelo LSTM. Treino: 2012 a 2023. Validação: 2024. Teste: 2025.
Dataset: V44.
Obs: ajuste de seed

Hyperparams:
input_size: 11h: 1lr: 0.00028287550366995544batch: 32encoder n layers: 3decoder layers: 3",2026-01-07T14:13:31
2024_cluster_3,Tres_Coracoes,2025-12-31T00:00:00,0.0,1.6341059,,teste,V44,LSTM,"/media/marcos/Marcos/Codigos/Predicao_Cafe_Arabica/Teste_2_reuniao_16_dez_ajuste_seed/temp_models/trial_194
Modelo LSTM. Treino: 2012 a 2023. Validação: 2024. Teste: 2025.
Dataset: V44.
Obs: ajuste de seed

Hyperparams:
input_size: 11h: 1lr: 0.00028287550366995544batch: 32encoder n layers: 3decoder layers: 3",2026-01-07T14:13:31
2024_cluster_3,Turvolandia,2025-12-31T00:00:00,0.0,1.5650747,,teste,V44,LSTM,"/media/marcos/Marcos/Codigos/Predicao_Cafe_Arabica/Teste_2_reuniao_16_dez_ajuste_seed/temp_models/trial_194
Modelo LSTM. Treino: 2012 a 2023. Validação: 2024. Teste: 2025.
Dataset: V44.
Obs: ajuste de seed

Hyperparams:
input_size: 11h: 1lr: 0.00028287550366995544batch: 32encoder n layers: 3decoder layers: 3",2026-01-07T14:13:31
2024_cluster_3,Virginia,2025-12-31T00:00:00,0.0,1.5810704,,teste,V44,LSTM,"/media/marcos/Marcos/Codigos/Predicao_Cafe_Arabica/Teste_2_reuniao_16_dez_ajuste_seed/temp_models/trial_194
Modelo LSTM. Treino: 2012 a 2023. Validação: 2024. Teste: 2025.
Dataset: V44.
Obs: ajuste de seed

Hyperparams:
input_size: 11h: 1lr: 0.00028287550366995544batch: 32encoder n layers: 3decoder layers: 3",2026-01-07T14:13:31
