treino_id,unique_id,ds,y,y_pred,diferença_%,flag,dataset,modelo,comentario,data_treino
2023_cluster_2,Abre_Campo,2023-12-31T00:00:00,1.8000000000000003,1.357403,24.59,validacao,V44,LSTM,"/media/marcos/Marcos/Codigos/Predicao_Cafe_Arabica/Teste_2_reuniao_16_dez_ajuste_seed/temp_models/trial_268
Modelo LSTM. Treino: 2012 a 2022. Validação: 2023. Teste: 2024.
Dataset: V44.
Obs: ajuste de seed

Hyperparams:
input_size: 10h: 1lr: 5.4396818825008224e-05batch: 32encoder n layers: 1decoder layers: 1",2026-01-07T19:08:20
2023_cluster_2,Aimores,2023-12-31T00:00:00,1.544827586206897,1.8278034,18.32,validacao,V44,LSTM,"/media/marcos/Marcos/Codigos/Predicao_Cafe_Arabica/Teste_2_reuniao_16_dez_ajuste_seed/temp_models/trial_268
Modelo LSTM. Treino: 2012 a 2022. Validação: 2023. Teste: 2024.
Dataset: V44.
Obs: ajuste de seed

Hyperparams:
input_size: 10h: 1lr: 5.4396818825008224e-05batch: 32encoder n layers: 1decoder layers: 1",2026-01-07T19:08:20
2023_cluster_2,Alvarenga,2023-12-31T00:00:00,1.75,0.87938046,49.75,validacao,V44,LSTM,"/media/marcos/Marcos/Codigos/Predicao_Cafe_Arabica/Teste_2_reuniao_16_dez_ajuste_seed/temp_models/trial_268
Modelo LSTM. Treino: 2012 a 2022. Validação: 2023. Teste: 2024.
Dataset: V44.
Obs: ajuste de seed

Hyperparams:
input_size: 10h: 1lr: 5.4396818825008224e-05batch: 32encoder n layers: 1decoder layers: 1",2026-01-07T19:08:20
2023_cluster_2,Andrelandia,2023-12-31T00:00:00,1.8000000000000003,1.6255538,9.69,validacao,V44,LSTM,"/media/marcos/Marcos/Codigos/Predicao_Cafe_Arabica/Teste_2_reuniao_16_dez_ajuste_seed/temp_models/trial_268
Modelo LSTM. Treino: 2012 a 2022. Validação: 2023. Teste: 2024.
Dataset: V44.
Obs: ajuste de seed

Hyperparams:
input_size: 10h: 1lr: 5.4396818825008224e-05batch: 32encoder n layers: 1decoder layers: 1",2026-01-07T19:08:20
2023_cluster_2,Antonio_Dias,2023-12-31T00:00:00,1.477272727272727,1.3870891,6.1,validacao,V44,LSTM,"/media/marcos/Marcos/Codigos/Predicao_Cafe_Arabica/Teste_2_reuniao_16_dez_ajuste_seed/temp_models/trial_268
Modelo LSTM. Treino: 2012 a 2022. Validação: 2023. Teste: 2024.
Dataset: V44.
Obs: ajuste de seed

Hyperparams:
input_size: 10h: 1lr: 5.4396818825008224e-05batch: 32encoder n layers: 1decoder layers: 1",2026-01-07T19:08:20
2023_cluster_2,Antonio_Prado_de_Minas,2023-12-31T00:00:00,1.4857142857142862,1.1033651,25.74,validacao,V44,LSTM,"/media/marcos/Marcos/Codigos/Predicao_Cafe_Arabica/Teste_2_reuniao_16_dez_ajuste_seed/temp_models/trial_268
Modelo LSTM. Treino: 2012 a 2022. Validação: 2023. Teste: 2024.
Dataset: V44.
Obs: ajuste de seed

Hyperparams:
input_size: 10h: 1lr: 5.4396818825008224e-05batch: 32encoder n layers: 1decoder layers: 1",2026-01-07T19:08:20
2023_cluster_2,Bocaiuva,2023-12-31T00:00:00,3.0,2.7511017,8.3,validacao,V44,LSTM,"/media/marcos/Marcos/Codigos/Predicao_Cafe_Arabica/Teste_2_reuniao_16_dez_ajuste_seed/temp_models/trial_268
Modelo LSTM. Treino: 2012 a 2022. Validação: 2023. Teste: 2024.
Dataset: V44.
Obs: ajuste de seed

Hyperparams:
input_size: 10h: 1lr: 5.4396818825008224e-05batch: 32encoder n layers: 1decoder layers: 1",2026-01-07T19:08:20
2023_cluster_2,Bom_Jesus_do_Amparo,2023-12-31T00:00:00,1.25,1.663671,33.09,validacao,V44,LSTM,"/media/marcos/Marcos/Codigos/Predicao_Cafe_Arabica/Teste_2_reuniao_16_dez_ajuste_seed/temp_models/trial_268
Modelo LSTM. Treino: 2012 a 2022. Validação: 2023. Teste: 2024.
Dataset: V44.
Obs: ajuste de seed

Hyperparams:
input_size: 10h: 1lr: 5.4396818825008224e-05batch: 32encoder n layers: 1decoder layers: 1",2026-01-07T19:08:20
2023_cluster_2,Campo_Belo,2023-12-31T00:00:00,1.5,1.4093237,6.05,validacao,V44,LSTM,"/media/marcos/Marcos/Codigos/Predicao_Cafe_Arabica/Teste_2_reuniao_16_dez_ajuste_seed/temp_models/trial_268
Modelo LSTM. Treino: 2012 a 2022. Validação: 2023. Teste: 2024.
Dataset: V44.
Obs: ajuste de seed

Hyperparams:
input_size: 10h: 1lr: 5.4396818825008224e-05batch: 32encoder n layers: 1decoder layers: 1",2026-01-07T19:08:20
2023_cluster_2,Capela_Nova,2023-12-31T00:00:00,1.8000000000000003,1.9949796,10.83,validacao,V44,LSTM,"/media/marcos/Marcos/Codigos/Predicao_Cafe_Arabica/Teste_2_reuniao_16_dez_ajuste_seed/temp_models/trial_268
Modelo LSTM. Treino: 2012 a 2022. Validação: 2023. Teste: 2024.
Dataset: V44.
Obs: ajuste de seed

Hyperparams:
input_size: 10h: 1lr: 5.4396818825008224e-05batch: 32encoder n layers: 1decoder layers: 1",2026-01-07T19:08:20
2023_cluster_2,Capitao_Eneas,2023-12-31T00:00:00,3.0,2.6211462,12.63,validacao,V44,LSTM,"/media/marcos/Marcos/Codigos/Predicao_Cafe_Arabica/Teste_2_reuniao_16_dez_ajuste_seed/temp_models/trial_268
Modelo LSTM. Treino: 2012 a 2022. Validação: 2023. Teste: 2024.
Dataset: V44.
Obs: ajuste de seed

Hyperparams:
input_size: 10h: 1lr: 5.4396818825008224e-05batch: 32encoder n layers: 1decoder layers: 1",2026-01-07T19:08:20
2023_cluster_2,Casa_Grande,2023-12-31T00:00:00,2.523076923076923,1.6213367,35.74,validacao,V44,LSTM,"/media/marcos/Marcos/Codigos/Predicao_Cafe_Arabica/Teste_2_reuniao_16_dez_ajuste_seed/temp_models/trial_268
Modelo LSTM. Treino: 2012 a 2022. Validação: 2023. Teste: 2024.
Dataset: V44.
Obs: ajuste de seed

Hyperparams:
input_size: 10h: 1lr: 5.4396818825008224e-05batch: 32encoder n layers: 1decoder layers: 1",2026-01-07T19:08:20
2023_cluster_2,Cataguases,2023-12-31T00:00:00,1.333333333333333,1.1565869,13.26,validacao,V44,LSTM,"/media/marcos/Marcos/Codigos/Predicao_Cafe_Arabica/Teste_2_reuniao_16_dez_ajuste_seed/temp_models/trial_268
Modelo LSTM. Treino: 2012 a 2022. Validação: 2023. Teste: 2024.
Dataset: V44.
Obs: ajuste de seed

Hyperparams:
input_size: 10h: 1lr: 5.4396818825008224e-05batch: 32encoder n layers: 1decoder layers: 1",2026-01-07T19:08:20
2023_cluster_2,Caxambu,2023-12-31T00:00:00,1.316326530612245,1.4783959,12.31,validacao,V44,LSTM,"/media/marcos/Marcos/Codigos/Predicao_Cafe_Arabica/Teste_2_reuniao_16_dez_ajuste_seed/temp_models/trial_268
Modelo LSTM. Treino: 2012 a 2022. Validação: 2023. Teste: 2024.
Dataset: V44.
Obs: ajuste de seed

Hyperparams:
input_size: 10h: 1lr: 5.4396818825008224e-05batch: 32encoder n layers: 1decoder layers: 1",2026-01-07T19:08:20
2023_cluster_2,Coimbra,2023-12-31T00:00:00,1.8000000000000003,1.7569141,2.39,validacao,V44,LSTM,"/media/marcos/Marcos/Codigos/Predicao_Cafe_Arabica/Teste_2_reuniao_16_dez_ajuste_seed/temp_models/trial_268
Modelo LSTM. Treino: 2012 a 2022. Validação: 2023. Teste: 2024.
Dataset: V44.
Obs: ajuste de seed

Hyperparams:
input_size: 10h: 1lr: 5.4396818825008224e-05batch: 32encoder n layers: 1decoder layers: 1",2026-01-07T19:08:20
2023_cluster_2,Conselheiro_Pena,2023-12-31T00:00:00,1.320048602673147,1.5371032,16.44,validacao,V44,LSTM,"/media/marcos/Marcos/Codigos/Predicao_Cafe_Arabica/Teste_2_reuniao_16_dez_ajuste_seed/temp_models/trial_268
Modelo LSTM. Treino: 2012 a 2022. Validação: 2023. Teste: 2024.
Dataset: V44.
Obs: ajuste de seed

Hyperparams:
input_size: 10h: 1lr: 5.4396818825008224e-05batch: 32encoder n layers: 1decoder layers: 1",2026-01-07T19:08:20
2023_cluster_2,Corrego_Novo,2023-12-31T00:00:00,1.8000000000000003,1.5091732,16.16,validacao,V44,LSTM,"/media/marcos/Marcos/Codigos/Predicao_Cafe_Arabica/Teste_2_reuniao_16_dez_ajuste_seed/temp_models/trial_268
Modelo LSTM. Treino: 2012 a 2022. Validação: 2023. Teste: 2024.
Dataset: V44.
Obs: ajuste de seed

Hyperparams:
input_size: 10h: 1lr: 5.4396818825008224e-05batch: 32encoder n layers: 1decoder layers: 1",2026-01-07T19:08:20
2023_cluster_2,Cruzilia,2023-12-31T00:00:00,1.5,1.4293168,4.71,validacao,V44,LSTM,"/media/marcos/Marcos/Codigos/Predicao_Cafe_Arabica/Teste_2_reuniao_16_dez_ajuste_seed/temp_models/trial_268
Modelo LSTM. Treino: 2012 a 2022. Validação: 2023. Teste: 2024.
Dataset: V44.
Obs: ajuste de seed

Hyperparams:
input_size: 10h: 1lr: 5.4396818825008224e-05batch: 32encoder n layers: 1decoder layers: 1",2026-01-07T19:08:20
2023_cluster_2,Divisopolis,2023-12-31T00:00:00,1.616883116883117,1.4003302,13.39,validacao,V44,LSTM,"/media/marcos/Marcos/Codigos/Predicao_Cafe_Arabica/Teste_2_reuniao_16_dez_ajuste_seed/temp_models/trial_268
Modelo LSTM. Treino: 2012 a 2022. Validação: 2023. Teste: 2024.
Dataset: V44.
Obs: ajuste de seed

Hyperparams:
input_size: 10h: 1lr: 5.4396818825008224e-05batch: 32encoder n layers: 1decoder layers: 1",2026-01-07T19:08:20
2023_cluster_2,Esmeraldas,2023-12-31T00:00:00,2.222222222222222,2.1662807,2.52,validacao,V44,LSTM,"/media/marcos/Marcos/Codigos/Predicao_Cafe_Arabica/Teste_2_reuniao_16_dez_ajuste_seed/temp_models/trial_268
Modelo LSTM. Treino: 2012 a 2022. Validação: 2023. Teste: 2024.
Dataset: V44.
Obs: ajuste de seed

Hyperparams:
input_size: 10h: 1lr: 5.4396818825008224e-05batch: 32encoder n layers: 1decoder layers: 1",2026-01-07T19:08:20
2023_cluster_2,Espirito_Santo_do_Dourado,2023-12-31T00:00:00,1.5,1.3552494,9.65,validacao,V44,LSTM,"/media/marcos/Marcos/Codigos/Predicao_Cafe_Arabica/Teste_2_reuniao_16_dez_ajuste_seed/temp_models/trial_268
Modelo LSTM. Treino: 2012 a 2022. Validação: 2023. Teste: 2024.
Dataset: V44.
Obs: ajuste de seed

Hyperparams:
input_size: 10h: 1lr: 5.4396818825008224e-05batch: 32encoder n layers: 1decoder layers: 1",2026-01-07T19:08:20
2023_cluster_2,Eugenopolis,2023-12-31T00:00:00,1.68,1.6135508,3.96,validacao,V44,LSTM,"/media/marcos/Marcos/Codigos/Predicao_Cafe_Arabica/Teste_2_reuniao_16_dez_ajuste_seed/temp_models/trial_268
Modelo LSTM. Treino: 2012 a 2022. Validação: 2023. Teste: 2024.
Dataset: V44.
Obs: ajuste de seed

Hyperparams:
input_size: 10h: 1lr: 5.4396818825008224e-05batch: 32encoder n layers: 1decoder layers: 1",2026-01-07T19:08:20
2023_cluster_2,Felicio_dos_Santos,2023-12-31T00:00:00,3.5420875420875415,3.2070477,9.46,validacao,V44,LSTM,"/media/marcos/Marcos/Codigos/Predicao_Cafe_Arabica/Teste_2_reuniao_16_dez_ajuste_seed/temp_models/trial_268
Modelo LSTM. Treino: 2012 a 2022. Validação: 2023. Teste: 2024.
Dataset: V44.
Obs: ajuste de seed

Hyperparams:
input_size: 10h: 1lr: 5.4396818825008224e-05batch: 32encoder n layers: 1decoder layers: 1",2026-01-07T19:08:20
2023_cluster_2,Formiga,2023-12-31T00:00:00,2.0215439856373436,1.6475838,18.5,validacao,V44,LSTM,"/media/marcos/Marcos/Codigos/Predicao_Cafe_Arabica/Teste_2_reuniao_16_dez_ajuste_seed/temp_models/trial_268
Modelo LSTM. Treino: 2012 a 2022. Validação: 2023. Teste: 2024.
Dataset: V44.
Obs: ajuste de seed

Hyperparams:
input_size: 10h: 1lr: 5.4396818825008224e-05batch: 32encoder n layers: 1decoder layers: 1",2026-01-07T19:08:20
2023_cluster_2,Guaraciaba,2023-12-31T00:00:00,1.5,1.4948034,0.35,validacao,V44,LSTM,"/media/marcos/Marcos/Codigos/Predicao_Cafe_Arabica/Teste_2_reuniao_16_dez_ajuste_seed/temp_models/trial_268
Modelo LSTM. Treino: 2012 a 2022. Validação: 2023. Teste: 2024.
Dataset: V44.
Obs: ajuste de seed

Hyperparams:
input_size: 10h: 1lr: 5.4396818825008224e-05batch: 32encoder n layers: 1decoder layers: 1",2026-01-07T19:08:20
2023_cluster_2,Guiricema,2023-12-31T00:00:00,1.5,2.0871153,39.14,validacao,V44,LSTM,"/media/marcos/Marcos/Codigos/Predicao_Cafe_Arabica/Teste_2_reuniao_16_dez_ajuste_seed/temp_models/trial_268
Modelo LSTM. Treino: 2012 a 2022. Validação: 2023. Teste: 2024.
Dataset: V44.
Obs: ajuste de seed

Hyperparams:
input_size: 10h: 1lr: 5.4396818825008224e-05batch: 32encoder n layers: 1decoder layers: 1",2026-01-07T19:08:20
2023_cluster_2,Iapu,2023-12-31T00:00:00,1.559210526315789,1.5493004,0.64,validacao,V44,LSTM,"/media/marcos/Marcos/Codigos/Predicao_Cafe_Arabica/Teste_2_reuniao_16_dez_ajuste_seed/temp_models/trial_268
Modelo LSTM. Treino: 2012 a 2022. Validação: 2023. Teste: 2024.
Dataset: V44.
Obs: ajuste de seed

Hyperparams:
input_size: 10h: 1lr: 5.4396818825008224e-05batch: 32encoder n layers: 1decoder layers: 1",2026-01-07T19:08:20
2023_cluster_2,Ijaci,2023-12-31T00:00:00,1.971428571428572,1.5713047,20.3,validacao,V44,LSTM,"/media/marcos/Marcos/Codigos/Predicao_Cafe_Arabica/Teste_2_reuniao_16_dez_ajuste_seed/temp_models/trial_268
Modelo LSTM. Treino: 2012 a 2022. Validação: 2023. Teste: 2024.
Dataset: V44.
Obs: ajuste de seed

Hyperparams:
input_size: 10h: 1lr: 5.4396818825008224e-05batch: 32encoder n layers: 1decoder layers: 1",2026-01-07T19:08:20
2023_cluster_2,Imbe_de_Minas,2023-12-31T00:00:00,1.3799999999999997,1.3982351,1.32,validacao,V44,LSTM,"/media/marcos/Marcos/Codigos/Predicao_Cafe_Arabica/Teste_2_reuniao_16_dez_ajuste_seed/temp_models/trial_268
Modelo LSTM. Treino: 2012 a 2022. Validação: 2023. Teste: 2024.
Dataset: V44.
Obs: ajuste de seed

Hyperparams:
input_size: 10h: 1lr: 5.4396818825008224e-05batch: 32encoder n layers: 1decoder layers: 1",2026-01-07T19:08:20
2023_cluster_2,Inhapim,2023-12-31T00:00:00,2.7000000000000006,1.6381937,39.33,validacao,V44,LSTM,"/media/marcos/Marcos/Codigos/Predicao_Cafe_Arabica/Teste_2_reuniao_16_dez_ajuste_seed/temp_models/trial_268
Modelo LSTM. Treino: 2012 a 2022. Validação: 2023. Teste: 2024.
Dataset: V44.
Obs: ajuste de seed

Hyperparams:
input_size: 10h: 1lr: 5.4396818825008224e-05batch: 32encoder n layers: 1decoder layers: 1",2026-01-07T19:08:20
2023_cluster_2,Irai_de_Minas,2023-12-31T00:00:00,2.18825561312608,2.5807796,17.94,validacao,V44,LSTM,"/media/marcos/Marcos/Codigos/Predicao_Cafe_Arabica/Teste_2_reuniao_16_dez_ajuste_seed/temp_models/trial_268
Modelo LSTM. Treino: 2012 a 2022. Validação: 2023. Teste: 2024.
Dataset: V44.
Obs: ajuste de seed

Hyperparams:
input_size: 10h: 1lr: 5.4396818825008224e-05batch: 32encoder n layers: 1decoder layers: 1",2026-01-07T19:08:20
2023_cluster_2,Itamarati_de_Minas,2023-12-31T00:00:00,1.2,1.0801979,9.98,validacao,V44,LSTM,"/media/marcos/Marcos/Codigos/Predicao_Cafe_Arabica/Teste_2_reuniao_16_dez_ajuste_seed/temp_models/trial_268
Modelo LSTM. Treino: 2012 a 2022. Validação: 2023. Teste: 2024.
Dataset: V44.
Obs: ajuste de seed

Hyperparams:
input_size: 10h: 1lr: 5.4396818825008224e-05batch: 32encoder n layers: 1decoder layers: 1",2026-01-07T19:08:20
2023_cluster_2,Jequeri,2023-12-31T00:00:00,1.5,1.6777678,11.85,validacao,V44,LSTM,"/media/marcos/Marcos/Codigos/Predicao_Cafe_Arabica/Teste_2_reuniao_16_dez_ajuste_seed/temp_models/trial_268
Modelo LSTM. Treino: 2012 a 2022. Validação: 2023. Teste: 2024.
Dataset: V44.
Obs: ajuste de seed

Hyperparams:
input_size: 10h: 1lr: 5.4396818825008224e-05batch: 32encoder n layers: 1decoder layers: 1",2026-01-07T19:08:20
2023_cluster_2,Lamim,2023-12-31T00:00:00,1.8000000000000003,1.930507,7.25,validacao,V44,LSTM,"/media/marcos/Marcos/Codigos/Predicao_Cafe_Arabica/Teste_2_reuniao_16_dez_ajuste_seed/temp_models/trial_268
Modelo LSTM. Treino: 2012 a 2022. Validação: 2023. Teste: 2024.
Dataset: V44.
Obs: ajuste de seed

Hyperparams:
input_size: 10h: 1lr: 5.4396818825008224e-05batch: 32encoder n layers: 1decoder layers: 1",2026-01-07T19:08:20
2023_cluster_2,Mar_de_Espanha,2023-12-31T00:00:00,1.5625,1.9702789,26.1,validacao,V44,LSTM,"/media/marcos/Marcos/Codigos/Predicao_Cafe_Arabica/Teste_2_reuniao_16_dez_ajuste_seed/temp_models/trial_268
Modelo LSTM. Treino: 2012 a 2022. Validação: 2023. Teste: 2024.
Dataset: V44.
Obs: ajuste de seed

Hyperparams:
input_size: 10h: 1lr: 5.4396818825008224e-05batch: 32encoder n layers: 1decoder layers: 1",2026-01-07T19:08:20
2023_cluster_2,Mata_Verde,2023-12-31T00:00:00,1.739700374531835,1.4919844,14.24,validacao,V44,LSTM,"/media/marcos/Marcos/Codigos/Predicao_Cafe_Arabica/Teste_2_reuniao_16_dez_ajuste_seed/temp_models/trial_268
Modelo LSTM. Treino: 2012 a 2022. Validação: 2023. Teste: 2024.
Dataset: V44.
Obs: ajuste de seed

Hyperparams:
input_size: 10h: 1lr: 5.4396818825008224e-05batch: 32encoder n layers: 1decoder layers: 1",2026-01-07T19:08:20
2023_cluster_2,Monte_Alegre_de_Minas,2023-12-31T00:00:00,2.338983050847458,2.499283,6.85,validacao,V44,LSTM,"/media/marcos/Marcos/Codigos/Predicao_Cafe_Arabica/Teste_2_reuniao_16_dez_ajuste_seed/temp_models/trial_268
Modelo LSTM. Treino: 2012 a 2022. Validação: 2023. Teste: 2024.
Dataset: V44.
Obs: ajuste de seed

Hyperparams:
input_size: 10h: 1lr: 5.4396818825008224e-05batch: 32encoder n layers: 1decoder layers: 1",2026-01-07T19:08:20
2023_cluster_2,Nova_Era,2023-12-31T00:00:00,2.636363636363636,1.7685763,32.92,validacao,V44,LSTM,"/media/marcos/Marcos/Codigos/Predicao_Cafe_Arabica/Teste_2_reuniao_16_dez_ajuste_seed/temp_models/trial_268
Modelo LSTM. Treino: 2012 a 2022. Validação: 2023. Teste: 2024.
Dataset: V44.
Obs: ajuste de seed

Hyperparams:
input_size: 10h: 1lr: 5.4396818825008224e-05batch: 32encoder n layers: 1decoder layers: 1",2026-01-07T19:08:20
2023_cluster_2,Nova_Ponte,2023-12-31T00:00:00,2.6142857142857143,2.174088,16.84,validacao,V44,LSTM,"/media/marcos/Marcos/Codigos/Predicao_Cafe_Arabica/Teste_2_reuniao_16_dez_ajuste_seed/temp_models/trial_268
Modelo LSTM. Treino: 2012 a 2022. Validação: 2023. Teste: 2024.
Dataset: V44.
Obs: ajuste de seed

Hyperparams:
input_size: 10h: 1lr: 5.4396818825008224e-05batch: 32encoder n layers: 1decoder layers: 1",2026-01-07T19:08:20
2023_cluster_2,Paula_Candido,2023-12-31T00:00:00,1.6197080291970802,1.5290291,5.6,validacao,V44,LSTM,"/media/marcos/Marcos/Codigos/Predicao_Cafe_Arabica/Teste_2_reuniao_16_dez_ajuste_seed/temp_models/trial_268
Modelo LSTM. Treino: 2012 a 2022. Validação: 2023. Teste: 2024.
Dataset: V44.
Obs: ajuste de seed

Hyperparams:
input_size: 10h: 1lr: 5.4396818825008224e-05batch: 32encoder n layers: 1decoder layers: 1",2026-01-07T19:08:20
2023_cluster_2,Pecanha,2023-12-31T00:00:00,2.30379746835443,1.9653254,14.69,validacao,V44,LSTM,"/media/marcos/Marcos/Codigos/Predicao_Cafe_Arabica/Teste_2_reuniao_16_dez_ajuste_seed/temp_models/trial_268
Modelo LSTM. Treino: 2012 a 2022. Validação: 2023. Teste: 2024.
Dataset: V44.
Obs: ajuste de seed

Hyperparams:
input_size: 10h: 1lr: 5.4396818825008224e-05batch: 32encoder n layers: 1decoder layers: 1",2026-01-07T19:08:20
2023_cluster_2,Pedra_Bonita,2023-12-31T00:00:00,1.08,1.4222844,31.69,validacao,V44,LSTM,"/media/marcos/Marcos/Codigos/Predicao_Cafe_Arabica/Teste_2_reuniao_16_dez_ajuste_seed/temp_models/trial_268
Modelo LSTM. Treino: 2012 a 2022. Validação: 2023. Teste: 2024.
Dataset: V44.
Obs: ajuste de seed

Hyperparams:
input_size: 10h: 1lr: 5.4396818825008224e-05batch: 32encoder n layers: 1decoder layers: 1",2026-01-07T19:08:20
2023_cluster_2,Pedra_Dourada,2023-12-31T00:00:00,1.2,1.20087,0.07,validacao,V44,LSTM,"/media/marcos/Marcos/Codigos/Predicao_Cafe_Arabica/Teste_2_reuniao_16_dez_ajuste_seed/temp_models/trial_268
Modelo LSTM. Treino: 2012 a 2022. Validação: 2023. Teste: 2024.
Dataset: V44.
Obs: ajuste de seed

Hyperparams:
input_size: 10h: 1lr: 5.4396818825008224e-05batch: 32encoder n layers: 1decoder layers: 1",2026-01-07T19:08:20
2023_cluster_2,Pedra_do_Anta,2023-12-31T00:00:00,1.5,1.3506949,9.95,validacao,V44,LSTM,"/media/marcos/Marcos/Codigos/Predicao_Cafe_Arabica/Teste_2_reuniao_16_dez_ajuste_seed/temp_models/trial_268
Modelo LSTM. Treino: 2012 a 2022. Validação: 2023. Teste: 2024.
Dataset: V44.
Obs: ajuste de seed

Hyperparams:
input_size: 10h: 1lr: 5.4396818825008224e-05batch: 32encoder n layers: 1decoder layers: 1",2026-01-07T19:08:20
2023_cluster_2,Piedade_de_Caratinga,2023-12-31T00:00:00,2.4,1.5897994,33.76,validacao,V44,LSTM,"/media/marcos/Marcos/Codigos/Predicao_Cafe_Arabica/Teste_2_reuniao_16_dez_ajuste_seed/temp_models/trial_268
Modelo LSTM. Treino: 2012 a 2022. Validação: 2023. Teste: 2024.
Dataset: V44.
Obs: ajuste de seed

Hyperparams:
input_size: 10h: 1lr: 5.4396818825008224e-05batch: 32encoder n layers: 1decoder layers: 1",2026-01-07T19:08:20
2023_cluster_2,Pocrane,2023-12-31T00:00:00,1.377952755905512,1.3366745,3.0,validacao,V44,LSTM,"/media/marcos/Marcos/Codigos/Predicao_Cafe_Arabica/Teste_2_reuniao_16_dez_ajuste_seed/temp_models/trial_268
Modelo LSTM. Treino: 2012 a 2022. Validação: 2023. Teste: 2024.
Dataset: V44.
Obs: ajuste de seed

Hyperparams:
input_size: 10h: 1lr: 5.4396818825008224e-05batch: 32encoder n layers: 1decoder layers: 1",2026-01-07T19:08:20
2023_cluster_2,Presidente_Bernardes,2023-12-31T00:00:00,1.320588235294118,1.4532053,10.04,validacao,V44,LSTM,"/media/marcos/Marcos/Codigos/Predicao_Cafe_Arabica/Teste_2_reuniao_16_dez_ajuste_seed/temp_models/trial_268
Modelo LSTM. Treino: 2012 a 2022. Validação: 2023. Teste: 2024.
Dataset: V44.
Obs: ajuste de seed

Hyperparams:
input_size: 10h: 1lr: 5.4396818825008224e-05batch: 32encoder n layers: 1decoder layers: 1",2026-01-07T19:08:20
2023_cluster_2,Sabinopolis,2023-12-31T00:00:00,1.2,1.4052476,17.1,validacao,V44,LSTM,"/media/marcos/Marcos/Codigos/Predicao_Cafe_Arabica/Teste_2_reuniao_16_dez_ajuste_seed/temp_models/trial_268
Modelo LSTM. Treino: 2012 a 2022. Validação: 2023. Teste: 2024.
Dataset: V44.
Obs: ajuste de seed

Hyperparams:
input_size: 10h: 1lr: 5.4396818825008224e-05batch: 32encoder n layers: 1decoder layers: 1",2026-01-07T19:08:20
2023_cluster_2,Santa_Barbara,2023-12-31T00:00:00,1.3,1.1408832,12.24,validacao,V44,LSTM,"/media/marcos/Marcos/Codigos/Predicao_Cafe_Arabica/Teste_2_reuniao_16_dez_ajuste_seed/temp_models/trial_268
Modelo LSTM. Treino: 2012 a 2022. Validação: 2023. Teste: 2024.
Dataset: V44.
Obs: ajuste de seed

Hyperparams:
input_size: 10h: 1lr: 5.4396818825008224e-05batch: 32encoder n layers: 1decoder layers: 1",2026-01-07T19:08:20
2023_cluster_2,Santo_Antonio_do_Grama,2023-12-31T00:00:00,1.521739130434783,2.000394,31.45,validacao,V44,LSTM,"/media/marcos/Marcos/Codigos/Predicao_Cafe_Arabica/Teste_2_reuniao_16_dez_ajuste_seed/temp_models/trial_268
Modelo LSTM. Treino: 2012 a 2022. Validação: 2023. Teste: 2024.
Dataset: V44.
Obs: ajuste de seed

Hyperparams:
input_size: 10h: 1lr: 5.4396818825008224e-05batch: 32encoder n layers: 1decoder layers: 1",2026-01-07T19:08:20
2023_cluster_2,Sao_Domingos_do_Prata,2023-12-31T00:00:00,1.2,1.0263263,14.47,validacao,V44,LSTM,"/media/marcos/Marcos/Codigos/Predicao_Cafe_Arabica/Teste_2_reuniao_16_dez_ajuste_seed/temp_models/trial_268
Modelo LSTM. Treino: 2012 a 2022. Validação: 2023. Teste: 2024.
Dataset: V44.
Obs: ajuste de seed

Hyperparams:
input_size: 10h: 1lr: 5.4396818825008224e-05batch: 32encoder n layers: 1decoder layers: 1",2026-01-07T19:08:20
2023_cluster_2,Sao_Geraldo,2023-12-31T00:00:00,1.5,1.5424638,2.83,validacao,V44,LSTM,"/media/marcos/Marcos/Codigos/Predicao_Cafe_Arabica/Teste_2_reuniao_16_dez_ajuste_seed/temp_models/trial_268
Modelo LSTM. Treino: 2012 a 2022. Validação: 2023. Teste: 2024.
Dataset: V44.
Obs: ajuste de seed

Hyperparams:
input_size: 10h: 1lr: 5.4396818825008224e-05batch: 32encoder n layers: 1decoder layers: 1",2026-01-07T19:08:20
2023_cluster_2,Sao_Jose_da_Barra,2023-12-31T00:00:00,2.2413698630136984,2.0407271,8.95,validacao,V44,LSTM,"/media/marcos/Marcos/Codigos/Predicao_Cafe_Arabica/Teste_2_reuniao_16_dez_ajuste_seed/temp_models/trial_268
Modelo LSTM. Treino: 2012 a 2022. Validação: 2023. Teste: 2024.
Dataset: V44.
Obs: ajuste de seed

Hyperparams:
input_size: 10h: 1lr: 5.4396818825008224e-05batch: 32encoder n layers: 1decoder layers: 1",2026-01-07T19:08:20
2023_cluster_2,Sao_Jose_do_Alegre,2023-12-31T00:00:00,1.592307692307692,1.6495019,3.59,validacao,V44,LSTM,"/media/marcos/Marcos/Codigos/Predicao_Cafe_Arabica/Teste_2_reuniao_16_dez_ajuste_seed/temp_models/trial_268
Modelo LSTM. Treino: 2012 a 2022. Validação: 2023. Teste: 2024.
Dataset: V44.
Obs: ajuste de seed

Hyperparams:
input_size: 10h: 1lr: 5.4396818825008224e-05batch: 32encoder n layers: 1decoder layers: 1",2026-01-07T19:08:20
2023_cluster_2,Sao_Miguel_do_Anta,2023-12-31T00:00:00,1.5598870056497178,1.4308413,8.27,validacao,V44,LSTM,"/media/marcos/Marcos/Codigos/Predicao_Cafe_Arabica/Teste_2_reuniao_16_dez_ajuste_seed/temp_models/trial_268
Modelo LSTM. Treino: 2012 a 2022. Validação: 2023. Teste: 2024.
Dataset: V44.
Obs: ajuste de seed

Hyperparams:
input_size: 10h: 1lr: 5.4396818825008224e-05batch: 32encoder n layers: 1decoder layers: 1",2026-01-07T19:08:20
2023_cluster_2,Sao_Sebastiao_da_Vargem_Alegre,2023-12-31T00:00:00,1.5,1.2317872,17.88,validacao,V44,LSTM,"/media/marcos/Marcos/Codigos/Predicao_Cafe_Arabica/Teste_2_reuniao_16_dez_ajuste_seed/temp_models/trial_268
Modelo LSTM. Treino: 2012 a 2022. Validação: 2023. Teste: 2024.
Dataset: V44.
Obs: ajuste de seed

Hyperparams:
input_size: 10h: 1lr: 5.4396818825008224e-05batch: 32encoder n layers: 1decoder layers: 1",2026-01-07T19:08:20
2023_cluster_2,Sao_Sebastiao_do_Anta,2023-12-31T00:00:00,1.7998212689901698,1.7428073,3.17,validacao,V44,LSTM,"/media/marcos/Marcos/Codigos/Predicao_Cafe_Arabica/Teste_2_reuniao_16_dez_ajuste_seed/temp_models/trial_268
Modelo LSTM. Treino: 2012 a 2022. Validação: 2023. Teste: 2024.
Dataset: V44.
Obs: ajuste de seed

Hyperparams:
input_size: 10h: 1lr: 5.4396818825008224e-05batch: 32encoder n layers: 1decoder layers: 1",2026-01-07T19:08:20
2023_cluster_2,Senhora_dos_Remedios,2023-12-31T00:00:00,1.5,1.6346815,8.98,validacao,V44,LSTM,"/media/marcos/Marcos/Codigos/Predicao_Cafe_Arabica/Teste_2_reuniao_16_dez_ajuste_seed/temp_models/trial_268
Modelo LSTM. Treino: 2012 a 2022. Validação: 2023. Teste: 2024.
Dataset: V44.
Obs: ajuste de seed

Hyperparams:
input_size: 10h: 1lr: 5.4396818825008224e-05batch: 32encoder n layers: 1decoder layers: 1",2026-01-07T19:08:20
2023_cluster_2,Teixeiras,2023-12-31T00:00:00,1.5007092198581562,1.3903131,7.36,validacao,V44,LSTM,"/media/marcos/Marcos/Codigos/Predicao_Cafe_Arabica/Teste_2_reuniao_16_dez_ajuste_seed/temp_models/trial_268
Modelo LSTM. Treino: 2012 a 2022. Validação: 2023. Teste: 2024.
Dataset: V44.
Obs: ajuste de seed

Hyperparams:
input_size: 10h: 1lr: 5.4396818825008224e-05batch: 32encoder n layers: 1decoder layers: 1",2026-01-07T19:08:20
2023_cluster_2,Visconde_do_Rio_Branco,2023-12-31T00:00:00,1.333333333333333,1.2787907,4.09,validacao,V44,LSTM,"/media/marcos/Marcos/Codigos/Predicao_Cafe_Arabica/Teste_2_reuniao_16_dez_ajuste_seed/temp_models/trial_268
Modelo LSTM. Treino: 2012 a 2022. Validação: 2023. Teste: 2024.
Dataset: V44.
Obs: ajuste de seed

Hyperparams:
input_size: 10h: 1lr: 5.4396818825008224e-05batch: 32encoder n layers: 1decoder layers: 1",2026-01-07T19:08:20
2023_cluster_2,Abre_Campo,2024-12-31T00:00:00,1.32,1.4073937,6.62,teste,V44,LSTM,"/media/marcos/Marcos/Codigos/Predicao_Cafe_Arabica/Teste_2_reuniao_16_dez_ajuste_seed/temp_models/trial_268
Modelo LSTM. Treino: 2012 a 2022. Validação: 2023. Teste: 2024.
Dataset: V44.
Obs: ajuste de seed

Hyperparams:
input_size: 10h: 1lr: 5.4396818825008224e-05batch: 32encoder n layers: 1decoder layers: 1",2026-01-07T19:08:20
2023_cluster_2,Aimores,2024-12-31T00:00:00,0.9455882352941176,1.6827931,77.96,teste,V44,LSTM,"/media/marcos/Marcos/Codigos/Predicao_Cafe_Arabica/Teste_2_reuniao_16_dez_ajuste_seed/temp_models/trial_268
Modelo LSTM. Treino: 2012 a 2022. Validação: 2023. Teste: 2024.
Dataset: V44.
Obs: ajuste de seed

Hyperparams:
input_size: 10h: 1lr: 5.4396818825008224e-05batch: 32encoder n layers: 1decoder layers: 1",2026-01-07T19:08:20
2023_cluster_2,Alvarenga,2024-12-31T00:00:00,1.25,1.0128121,18.98,teste,V44,LSTM,"/media/marcos/Marcos/Codigos/Predicao_Cafe_Arabica/Teste_2_reuniao_16_dez_ajuste_seed/temp_models/trial_268
Modelo LSTM. Treino: 2012 a 2022. Validação: 2023. Teste: 2024.
Dataset: V44.
Obs: ajuste de seed

Hyperparams:
input_size: 10h: 1lr: 5.4396818825008224e-05batch: 32encoder n layers: 1decoder layers: 1",2026-01-07T19:08:20
2023_cluster_2,Andrelandia,2024-12-31T00:00:00,1.5,1.5682142,4.55,teste,V44,LSTM,"/media/marcos/Marcos/Codigos/Predicao_Cafe_Arabica/Teste_2_reuniao_16_dez_ajuste_seed/temp_models/trial_268
Modelo LSTM. Treino: 2012 a 2022. Validação: 2023. Teste: 2024.
Dataset: V44.
Obs: ajuste de seed

Hyperparams:
input_size: 10h: 1lr: 5.4396818825008224e-05batch: 32encoder n layers: 1decoder layers: 1",2026-01-07T19:08:20
2023_cluster_2,Antonio_Dias,2024-12-31T00:00:00,1.5,1.3449242,10.34,teste,V44,LSTM,"/media/marcos/Marcos/Codigos/Predicao_Cafe_Arabica/Teste_2_reuniao_16_dez_ajuste_seed/temp_models/trial_268
Modelo LSTM. Treino: 2012 a 2022. Validação: 2023. Teste: 2024.
Dataset: V44.
Obs: ajuste de seed

Hyperparams:
input_size: 10h: 1lr: 5.4396818825008224e-05batch: 32encoder n layers: 1decoder layers: 1",2026-01-07T19:08:20
2023_cluster_2,Antonio_Prado_de_Minas,2024-12-31T00:00:00,1.933333333333333,1.1687142,39.55,teste,V44,LSTM,"/media/marcos/Marcos/Codigos/Predicao_Cafe_Arabica/Teste_2_reuniao_16_dez_ajuste_seed/temp_models/trial_268
Modelo LSTM. Treino: 2012 a 2022. Validação: 2023. Teste: 2024.
Dataset: V44.
Obs: ajuste de seed

Hyperparams:
input_size: 10h: 1lr: 5.4396818825008224e-05batch: 32encoder n layers: 1decoder layers: 1",2026-01-07T19:08:20
2023_cluster_2,Bocaiuva,2024-12-31T00:00:00,2.0989010989010994,2.4564953,17.04,teste,V44,LSTM,"/media/marcos/Marcos/Codigos/Predicao_Cafe_Arabica/Teste_2_reuniao_16_dez_ajuste_seed/temp_models/trial_268
Modelo LSTM. Treino: 2012 a 2022. Validação: 2023. Teste: 2024.
Dataset: V44.
Obs: ajuste de seed

Hyperparams:
input_size: 10h: 1lr: 5.4396818825008224e-05batch: 32encoder n layers: 1decoder layers: 1",2026-01-07T19:08:20
2023_cluster_2,Bom_Jesus_do_Amparo,2024-12-31T00:00:00,0.75,1.5538449,107.18,teste,V44,LSTM,"/media/marcos/Marcos/Codigos/Predicao_Cafe_Arabica/Teste_2_reuniao_16_dez_ajuste_seed/temp_models/trial_268
Modelo LSTM. Treino: 2012 a 2022. Validação: 2023. Teste: 2024.
Dataset: V44.
Obs: ajuste de seed

Hyperparams:
input_size: 10h: 1lr: 5.4396818825008224e-05batch: 32encoder n layers: 1decoder layers: 1",2026-01-07T19:08:20
2023_cluster_2,Campo_Belo,2024-12-31T00:00:00,1.2,1.4662645,22.19,teste,V44,LSTM,"/media/marcos/Marcos/Codigos/Predicao_Cafe_Arabica/Teste_2_reuniao_16_dez_ajuste_seed/temp_models/trial_268
Modelo LSTM. Treino: 2012 a 2022. Validação: 2023. Teste: 2024.
Dataset: V44.
Obs: ajuste de seed

Hyperparams:
input_size: 10h: 1lr: 5.4396818825008224e-05batch: 32encoder n layers: 1decoder layers: 1",2026-01-07T19:08:20
2023_cluster_2,Capela_Nova,2024-12-31T00:00:00,2.1012345679012356,1.9441599,7.48,teste,V44,LSTM,"/media/marcos/Marcos/Codigos/Predicao_Cafe_Arabica/Teste_2_reuniao_16_dez_ajuste_seed/temp_models/trial_268
Modelo LSTM. Treino: 2012 a 2022. Validação: 2023. Teste: 2024.
Dataset: V44.
Obs: ajuste de seed

Hyperparams:
input_size: 10h: 1lr: 5.4396818825008224e-05batch: 32encoder n layers: 1decoder layers: 1",2026-01-07T19:08:20
2023_cluster_2,Capitao_Eneas,2024-12-31T00:00:00,3.0,2.4115994,19.61,teste,V44,LSTM,"/media/marcos/Marcos/Codigos/Predicao_Cafe_Arabica/Teste_2_reuniao_16_dez_ajuste_seed/temp_models/trial_268
Modelo LSTM. Treino: 2012 a 2022. Validação: 2023. Teste: 2024.
Dataset: V44.
Obs: ajuste de seed

Hyperparams:
input_size: 10h: 1lr: 5.4396818825008224e-05batch: 32encoder n layers: 1decoder layers: 1",2026-01-07T19:08:20
2023_cluster_2,Casa_Grande,2024-12-31T00:00:00,2.522388059701492,1.6653363,33.98,teste,V44,LSTM,"/media/marcos/Marcos/Codigos/Predicao_Cafe_Arabica/Teste_2_reuniao_16_dez_ajuste_seed/temp_models/trial_268
Modelo LSTM. Treino: 2012 a 2022. Validação: 2023. Teste: 2024.
Dataset: V44.
Obs: ajuste de seed

Hyperparams:
input_size: 10h: 1lr: 5.4396818825008224e-05batch: 32encoder n layers: 1decoder layers: 1",2026-01-07T19:08:20
2023_cluster_2,Cataguases,2024-12-31T00:00:00,1.0,1.1703529,17.04,teste,V44,LSTM,"/media/marcos/Marcos/Codigos/Predicao_Cafe_Arabica/Teste_2_reuniao_16_dez_ajuste_seed/temp_models/trial_268
Modelo LSTM. Treino: 2012 a 2022. Validação: 2023. Teste: 2024.
Dataset: V44.
Obs: ajuste de seed

Hyperparams:
input_size: 10h: 1lr: 5.4396818825008224e-05batch: 32encoder n layers: 1decoder layers: 1",2026-01-07T19:08:20
2023_cluster_2,Caxambu,2024-12-31T00:00:00,1.795918367346939,1.3225253,26.36,teste,V44,LSTM,"/media/marcos/Marcos/Codigos/Predicao_Cafe_Arabica/Teste_2_reuniao_16_dez_ajuste_seed/temp_models/trial_268
Modelo LSTM. Treino: 2012 a 2022. Validação: 2023. Teste: 2024.
Dataset: V44.
Obs: ajuste de seed

Hyperparams:
input_size: 10h: 1lr: 5.4396818825008224e-05batch: 32encoder n layers: 1decoder layers: 1",2026-01-07T19:08:20
2023_cluster_2,Coimbra,2024-12-31T00:00:00,1.5012658227848097,1.7229314,14.77,teste,V44,LSTM,"/media/marcos/Marcos/Codigos/Predicao_Cafe_Arabica/Teste_2_reuniao_16_dez_ajuste_seed/temp_models/trial_268
Modelo LSTM. Treino: 2012 a 2022. Validação: 2023. Teste: 2024.
Dataset: V44.
Obs: ajuste de seed

Hyperparams:
input_size: 10h: 1lr: 5.4396818825008224e-05batch: 32encoder n layers: 1decoder layers: 1",2026-01-07T19:08:20
2023_cluster_2,Conselheiro_Pena,2024-12-31T00:00:00,1.2,1.4862406,23.85,teste,V44,LSTM,"/media/marcos/Marcos/Codigos/Predicao_Cafe_Arabica/Teste_2_reuniao_16_dez_ajuste_seed/temp_models/trial_268
Modelo LSTM. Treino: 2012 a 2022. Validação: 2023. Teste: 2024.
Dataset: V44.
Obs: ajuste de seed

Hyperparams:
input_size: 10h: 1lr: 5.4396818825008224e-05batch: 32encoder n layers: 1decoder layers: 1",2026-01-07T19:08:20
2023_cluster_2,Corrego_Novo,2024-12-31T00:00:00,1.2,1.4095604,17.46,teste,V44,LSTM,"/media/marcos/Marcos/Codigos/Predicao_Cafe_Arabica/Teste_2_reuniao_16_dez_ajuste_seed/temp_models/trial_268
Modelo LSTM. Treino: 2012 a 2022. Validação: 2023. Teste: 2024.
Dataset: V44.
Obs: ajuste de seed

Hyperparams:
input_size: 10h: 1lr: 5.4396818825008224e-05batch: 32encoder n layers: 1decoder layers: 1",2026-01-07T19:08:20
2023_cluster_2,Cruzilia,2024-12-31T00:00:00,1.502793296089385,1.3832097,7.96,teste,V44,LSTM,"/media/marcos/Marcos/Codigos/Predicao_Cafe_Arabica/Teste_2_reuniao_16_dez_ajuste_seed/temp_models/trial_268
Modelo LSTM. Treino: 2012 a 2022. Validação: 2023. Teste: 2024.
Dataset: V44.
Obs: ajuste de seed

Hyperparams:
input_size: 10h: 1lr: 5.4396818825008224e-05batch: 32encoder n layers: 1decoder layers: 1",2026-01-07T19:08:20
2023_cluster_2,Divisopolis,2024-12-31T00:00:00,1.4902200488997548,1.3562009,8.99,teste,V44,LSTM,"/media/marcos/Marcos/Codigos/Predicao_Cafe_Arabica/Teste_2_reuniao_16_dez_ajuste_seed/temp_models/trial_268
Modelo LSTM. Treino: 2012 a 2022. Validação: 2023. Teste: 2024.
Dataset: V44.
Obs: ajuste de seed

Hyperparams:
input_size: 10h: 1lr: 5.4396818825008224e-05batch: 32encoder n layers: 1decoder layers: 1",2026-01-07T19:08:20
2023_cluster_2,Esmeraldas,2024-12-31T00:00:00,3.0,2.1439753,28.53,teste,V44,LSTM,"/media/marcos/Marcos/Codigos/Predicao_Cafe_Arabica/Teste_2_reuniao_16_dez_ajuste_seed/temp_models/trial_268
Modelo LSTM. Treino: 2012 a 2022. Validação: 2023. Teste: 2024.
Dataset: V44.
Obs: ajuste de seed

Hyperparams:
input_size: 10h: 1lr: 5.4396818825008224e-05batch: 32encoder n layers: 1decoder layers: 1",2026-01-07T19:08:20
2023_cluster_2,Espirito_Santo_do_Dourado,2024-12-31T00:00:00,1.4391752577319588,1.444999,0.4,teste,V44,LSTM,"/media/marcos/Marcos/Codigos/Predicao_Cafe_Arabica/Teste_2_reuniao_16_dez_ajuste_seed/temp_models/trial_268
Modelo LSTM. Treino: 2012 a 2022. Validação: 2023. Teste: 2024.
Dataset: V44.
Obs: ajuste de seed

Hyperparams:
input_size: 10h: 1lr: 5.4396818825008224e-05batch: 32encoder n layers: 1decoder layers: 1",2026-01-07T19:08:20
2023_cluster_2,Eugenopolis,2024-12-31T00:00:00,1.68,1.5332234,8.74,teste,V44,LSTM,"/media/marcos/Marcos/Codigos/Predicao_Cafe_Arabica/Teste_2_reuniao_16_dez_ajuste_seed/temp_models/trial_268
Modelo LSTM. Treino: 2012 a 2022. Validação: 2023. Teste: 2024.
Dataset: V44.
Obs: ajuste de seed

Hyperparams:
input_size: 10h: 1lr: 5.4396818825008224e-05batch: 32encoder n layers: 1decoder layers: 1",2026-01-07T19:08:20
2023_cluster_2,Felicio_dos_Santos,2024-12-31T00:00:00,2.663299663299664,2.7700107,4.01,teste,V44,LSTM,"/media/marcos/Marcos/Codigos/Predicao_Cafe_Arabica/Teste_2_reuniao_16_dez_ajuste_seed/temp_models/trial_268
Modelo LSTM. Treino: 2012 a 2022. Validação: 2023. Teste: 2024.
Dataset: V44.
Obs: ajuste de seed

Hyperparams:
input_size: 10h: 1lr: 5.4396818825008224e-05batch: 32encoder n layers: 1decoder layers: 1",2026-01-07T19:08:20
2023_cluster_2,Formiga,2024-12-31T00:00:00,1.9475763016157988,1.77577,8.82,teste,V44,LSTM,"/media/marcos/Marcos/Codigos/Predicao_Cafe_Arabica/Teste_2_reuniao_16_dez_ajuste_seed/temp_models/trial_268
Modelo LSTM. Treino: 2012 a 2022. Validação: 2023. Teste: 2024.
Dataset: V44.
Obs: ajuste de seed

Hyperparams:
input_size: 10h: 1lr: 5.4396818825008224e-05batch: 32encoder n layers: 1decoder layers: 1",2026-01-07T19:08:20
2023_cluster_2,Guaraciaba,2024-12-31T00:00:00,1.8000000000000003,1.4367963,20.18,teste,V44,LSTM,"/media/marcos/Marcos/Codigos/Predicao_Cafe_Arabica/Teste_2_reuniao_16_dez_ajuste_seed/temp_models/trial_268
Modelo LSTM. Treino: 2012 a 2022. Validação: 2023. Teste: 2024.
Dataset: V44.
Obs: ajuste de seed

Hyperparams:
input_size: 10h: 1lr: 5.4396818825008224e-05batch: 32encoder n layers: 1decoder layers: 1",2026-01-07T19:08:20
2023_cluster_2,Guiricema,2024-12-31T00:00:00,1.56,1.9652851,25.98,teste,V44,LSTM,"/media/marcos/Marcos/Codigos/Predicao_Cafe_Arabica/Teste_2_reuniao_16_dez_ajuste_seed/temp_models/trial_268
Modelo LSTM. Treino: 2012 a 2022. Validação: 2023. Teste: 2024.
Dataset: V44.
Obs: ajuste de seed

Hyperparams:
input_size: 10h: 1lr: 5.4396818825008224e-05batch: 32encoder n layers: 1decoder layers: 1",2026-01-07T19:08:20
2023_cluster_2,Iapu,2024-12-31T00:00:00,1.355263157894737,1.4838239,9.49,teste,V44,LSTM,"/media/marcos/Marcos/Codigos/Predicao_Cafe_Arabica/Teste_2_reuniao_16_dez_ajuste_seed/temp_models/trial_268
Modelo LSTM. Treino: 2012 a 2022. Validação: 2023. Teste: 2024.
Dataset: V44.
Obs: ajuste de seed

Hyperparams:
input_size: 10h: 1lr: 5.4396818825008224e-05batch: 32encoder n layers: 1decoder layers: 1",2026-01-07T19:08:20
2023_cluster_2,Ijaci,2024-12-31T00:00:00,2.19,1.7153707,21.67,teste,V44,LSTM,"/media/marcos/Marcos/Codigos/Predicao_Cafe_Arabica/Teste_2_reuniao_16_dez_ajuste_seed/temp_models/trial_268
Modelo LSTM. Treino: 2012 a 2022. Validação: 2023. Teste: 2024.
Dataset: V44.
Obs: ajuste de seed

Hyperparams:
input_size: 10h: 1lr: 5.4396818825008224e-05batch: 32encoder n layers: 1decoder layers: 1",2026-01-07T19:08:20
2023_cluster_2,Imbe_de_Minas,2024-12-31T00:00:00,1.26,1.3727404,8.95,teste,V44,LSTM,"/media/marcos/Marcos/Codigos/Predicao_Cafe_Arabica/Teste_2_reuniao_16_dez_ajuste_seed/temp_models/trial_268
Modelo LSTM. Treino: 2012 a 2022. Validação: 2023. Teste: 2024.
Dataset: V44.
Obs: ajuste de seed

Hyperparams:
input_size: 10h: 1lr: 5.4396818825008224e-05batch: 32encoder n layers: 1decoder layers: 1",2026-01-07T19:08:20
2023_cluster_2,Inhapim,2024-12-31T00:00:00,1.2,1.796932,49.74,teste,V44,LSTM,"/media/marcos/Marcos/Codigos/Predicao_Cafe_Arabica/Teste_2_reuniao_16_dez_ajuste_seed/temp_models/trial_268
Modelo LSTM. Treino: 2012 a 2022. Validação: 2023. Teste: 2024.
Dataset: V44.
Obs: ajuste de seed

Hyperparams:
input_size: 10h: 1lr: 5.4396818825008224e-05batch: 32encoder n layers: 1decoder layers: 1",2026-01-07T19:08:20
2023_cluster_2,Irai_de_Minas,2024-12-31T00:00:00,2.6079447322970637,2.361299,9.46,teste,V44,LSTM,"/media/marcos/Marcos/Codigos/Predicao_Cafe_Arabica/Teste_2_reuniao_16_dez_ajuste_seed/temp_models/trial_268
Modelo LSTM. Treino: 2012 a 2022. Validação: 2023. Teste: 2024.
Dataset: V44.
Obs: ajuste de seed

Hyperparams:
input_size: 10h: 1lr: 5.4396818825008224e-05batch: 32encoder n layers: 1decoder layers: 1",2026-01-07T19:08:20
2023_cluster_2,Itamarati_de_Minas,2024-12-31T00:00:00,1.196969696969697,1.0660673,10.94,teste,V44,LSTM,"/media/marcos/Marcos/Codigos/Predicao_Cafe_Arabica/Teste_2_reuniao_16_dez_ajuste_seed/temp_models/trial_268
Modelo LSTM. Treino: 2012 a 2022. Validação: 2023. Teste: 2024.
Dataset: V44.
Obs: ajuste de seed

Hyperparams:
input_size: 10h: 1lr: 5.4396818825008224e-05batch: 32encoder n layers: 1decoder layers: 1",2026-01-07T19:08:20
2023_cluster_2,Jequeri,2024-12-31T00:00:00,1.8000000000000003,1.5859215,11.89,teste,V44,LSTM,"/media/marcos/Marcos/Codigos/Predicao_Cafe_Arabica/Teste_2_reuniao_16_dez_ajuste_seed/temp_models/trial_268
Modelo LSTM. Treino: 2012 a 2022. Validação: 2023. Teste: 2024.
Dataset: V44.
Obs: ajuste de seed

Hyperparams:
input_size: 10h: 1lr: 5.4396818825008224e-05batch: 32encoder n layers: 1decoder layers: 1",2026-01-07T19:08:20
2023_cluster_2,Lamim,2024-12-31T00:00:00,1.7777777777777781,1.7790434,0.07,teste,V44,LSTM,"/media/marcos/Marcos/Codigos/Predicao_Cafe_Arabica/Teste_2_reuniao_16_dez_ajuste_seed/temp_models/trial_268
Modelo LSTM. Treino: 2012 a 2022. Validação: 2023. Teste: 2024.
Dataset: V44.
Obs: ajuste de seed

Hyperparams:
input_size: 10h: 1lr: 5.4396818825008224e-05batch: 32encoder n layers: 1decoder layers: 1",2026-01-07T19:08:20
2023_cluster_2,Mar_de_Espanha,2024-12-31T00:00:00,1.2625,1.7848351,41.37,teste,V44,LSTM,"/media/marcos/Marcos/Codigos/Predicao_Cafe_Arabica/Teste_2_reuniao_16_dez_ajuste_seed/temp_models/trial_268
Modelo LSTM. Treino: 2012 a 2022. Validação: 2023. Teste: 2024.
Dataset: V44.
Obs: ajuste de seed

Hyperparams:
input_size: 10h: 1lr: 5.4396818825008224e-05batch: 32encoder n layers: 1decoder layers: 1",2026-01-07T19:08:20
2023_cluster_2,Mata_Verde,2024-12-31T00:00:00,1.5,1.4686804,2.09,teste,V44,LSTM,"/media/marcos/Marcos/Codigos/Predicao_Cafe_Arabica/Teste_2_reuniao_16_dez_ajuste_seed/temp_models/trial_268
Modelo LSTM. Treino: 2012 a 2022. Validação: 2023. Teste: 2024.
Dataset: V44.
Obs: ajuste de seed

Hyperparams:
input_size: 10h: 1lr: 5.4396818825008224e-05batch: 32encoder n layers: 1decoder layers: 1",2026-01-07T19:08:20
2023_cluster_2,Monte_Alegre_de_Minas,2024-12-31T00:00:00,2.378787878787879,2.269339,4.6,teste,V44,LSTM,"/media/marcos/Marcos/Codigos/Predicao_Cafe_Arabica/Teste_2_reuniao_16_dez_ajuste_seed/temp_models/trial_268
Modelo LSTM. Treino: 2012 a 2022. Validação: 2023. Teste: 2024.
Dataset: V44.
Obs: ajuste de seed

Hyperparams:
input_size: 10h: 1lr: 5.4396818825008224e-05batch: 32encoder n layers: 1decoder layers: 1",2026-01-07T19:08:20
2023_cluster_2,Nova_Era,2024-12-31T00:00:00,1.5,1.8253841,21.69,teste,V44,LSTM,"/media/marcos/Marcos/Codigos/Predicao_Cafe_Arabica/Teste_2_reuniao_16_dez_ajuste_seed/temp_models/trial_268
Modelo LSTM. Treino: 2012 a 2022. Validação: 2023. Teste: 2024.
Dataset: V44.
Obs: ajuste de seed

Hyperparams:
input_size: 10h: 1lr: 5.4396818825008224e-05batch: 32encoder n layers: 1decoder layers: 1",2026-01-07T19:08:20
2023_cluster_2,Nova_Ponte,2024-12-31T00:00:00,2.306557377049181,2.2241797,3.57,teste,V44,LSTM,"/media/marcos/Marcos/Codigos/Predicao_Cafe_Arabica/Teste_2_reuniao_16_dez_ajuste_seed/temp_models/trial_268
Modelo LSTM. Treino: 2012 a 2022. Validação: 2023. Teste: 2024.
Dataset: V44.
Obs: ajuste de seed

Hyperparams:
input_size: 10h: 1lr: 5.4396818825008224e-05batch: 32encoder n layers: 1decoder layers: 1",2026-01-07T19:08:20
2023_cluster_2,Paula_Candido,2024-12-31T00:00:00,1.31970802919708,1.4978788,13.5,teste,V44,LSTM,"/media/marcos/Marcos/Codigos/Predicao_Cafe_Arabica/Teste_2_reuniao_16_dez_ajuste_seed/temp_models/trial_268
Modelo LSTM. Treino: 2012 a 2022. Validação: 2023. Teste: 2024.
Dataset: V44.
Obs: ajuste de seed

Hyperparams:
input_size: 10h: 1lr: 5.4396818825008224e-05batch: 32encoder n layers: 1decoder layers: 1",2026-01-07T19:08:20
2023_cluster_2,Pecanha,2024-12-31T00:00:00,1.8855421686746991,1.7481332,7.29,teste,V44,LSTM,"/media/marcos/Marcos/Codigos/Predicao_Cafe_Arabica/Teste_2_reuniao_16_dez_ajuste_seed/temp_models/trial_268
Modelo LSTM. Treino: 2012 a 2022. Validação: 2023. Teste: 2024.
Dataset: V44.
Obs: ajuste de seed

Hyperparams:
input_size: 10h: 1lr: 5.4396818825008224e-05batch: 32encoder n layers: 1decoder layers: 1",2026-01-07T19:08:20
2023_cluster_2,Pedra_Bonita,2024-12-31T00:00:00,1.2,1.3961864,16.35,teste,V44,LSTM,"/media/marcos/Marcos/Codigos/Predicao_Cafe_Arabica/Teste_2_reuniao_16_dez_ajuste_seed/temp_models/trial_268
Modelo LSTM. Treino: 2012 a 2022. Validação: 2023. Teste: 2024.
Dataset: V44.
Obs: ajuste de seed

Hyperparams:
input_size: 10h: 1lr: 5.4396818825008224e-05batch: 32encoder n layers: 1decoder layers: 1",2026-01-07T19:08:20
2023_cluster_2,Pedra_Dourada,2024-12-31T00:00:00,1.2800000000000002,1.1820017,7.66,teste,V44,LSTM,"/media/marcos/Marcos/Codigos/Predicao_Cafe_Arabica/Teste_2_reuniao_16_dez_ajuste_seed/temp_models/trial_268
Modelo LSTM. Treino: 2012 a 2022. Validação: 2023. Teste: 2024.
Dataset: V44.
Obs: ajuste de seed

Hyperparams:
input_size: 10h: 1lr: 5.4396818825008224e-05batch: 32encoder n layers: 1decoder layers: 1",2026-01-07T19:08:20
2023_cluster_2,Pedra_do_Anta,2024-12-31T00:00:00,1.379166666666667,1.3644712,1.07,teste,V44,LSTM,"/media/marcos/Marcos/Codigos/Predicao_Cafe_Arabica/Teste_2_reuniao_16_dez_ajuste_seed/temp_models/trial_268
Modelo LSTM. Treino: 2012 a 2022. Validação: 2023. Teste: 2024.
Dataset: V44.
Obs: ajuste de seed

Hyperparams:
input_size: 10h: 1lr: 5.4396818825008224e-05batch: 32encoder n layers: 1decoder layers: 1",2026-01-07T19:08:20
2023_cluster_2,Piedade_de_Caratinga,2024-12-31T00:00:00,1.68,1.7538531,4.4,teste,V44,LSTM,"/media/marcos/Marcos/Codigos/Predicao_Cafe_Arabica/Teste_2_reuniao_16_dez_ajuste_seed/temp_models/trial_268
Modelo LSTM. Treino: 2012 a 2022. Validação: 2023. Teste: 2024.
Dataset: V44.
Obs: ajuste de seed

Hyperparams:
input_size: 10h: 1lr: 5.4396818825008224e-05batch: 32encoder n layers: 1decoder layers: 1",2026-01-07T19:08:20
2023_cluster_2,Pocrane,2024-12-31T00:00:00,1.7968750000000002,1.3311219,25.92,teste,V44,LSTM,"/media/marcos/Marcos/Codigos/Predicao_Cafe_Arabica/Teste_2_reuniao_16_dez_ajuste_seed/temp_models/trial_268
Modelo LSTM. Treino: 2012 a 2022. Validação: 2023. Teste: 2024.
Dataset: V44.
Obs: ajuste de seed

Hyperparams:
input_size: 10h: 1lr: 5.4396818825008224e-05batch: 32encoder n layers: 1decoder layers: 1",2026-01-07T19:08:20
2023_cluster_2,Presidente_Bernardes,2024-12-31T00:00:00,1.110144927536232,1.4208115,27.98,teste,V44,LSTM,"/media/marcos/Marcos/Codigos/Predicao_Cafe_Arabica/Teste_2_reuniao_16_dez_ajuste_seed/temp_models/trial_268
Modelo LSTM. Treino: 2012 a 2022. Validação: 2023. Teste: 2024.
Dataset: V44.
Obs: ajuste de seed

Hyperparams:
input_size: 10h: 1lr: 5.4396818825008224e-05batch: 32encoder n layers: 1decoder layers: 1",2026-01-07T19:08:20
2023_cluster_2,Sabinopolis,2024-12-31T00:00:00,1.2,1.2260864,2.17,teste,V44,LSTM,"/media/marcos/Marcos/Codigos/Predicao_Cafe_Arabica/Teste_2_reuniao_16_dez_ajuste_seed/temp_models/trial_268
Modelo LSTM. Treino: 2012 a 2022. Validação: 2023. Teste: 2024.
Dataset: V44.
Obs: ajuste de seed

Hyperparams:
input_size: 10h: 1lr: 5.4396818825008224e-05batch: 32encoder n layers: 1decoder layers: 1",2026-01-07T19:08:20
2023_cluster_2,Santa_Barbara,2024-12-31T00:00:00,1.333333333333333,1.149937,13.75,teste,V44,LSTM,"/media/marcos/Marcos/Codigos/Predicao_Cafe_Arabica/Teste_2_reuniao_16_dez_ajuste_seed/temp_models/trial_268
Modelo LSTM. Treino: 2012 a 2022. Validação: 2023. Teste: 2024.
Dataset: V44.
Obs: ajuste de seed

Hyperparams:
input_size: 10h: 1lr: 5.4396818825008224e-05batch: 32encoder n layers: 1decoder layers: 1",2026-01-07T19:08:20
2023_cluster_2,Santo_Antonio_do_Grama,2024-12-31T00:00:00,1.565217391304348,1.7925353,14.52,teste,V44,LSTM,"/media/marcos/Marcos/Codigos/Predicao_Cafe_Arabica/Teste_2_reuniao_16_dez_ajuste_seed/temp_models/trial_268
Modelo LSTM. Treino: 2012 a 2022. Validação: 2023. Teste: 2024.
Dataset: V44.
Obs: ajuste de seed

Hyperparams:
input_size: 10h: 1lr: 5.4396818825008224e-05batch: 32encoder n layers: 1decoder layers: 1",2026-01-07T19:08:20
2023_cluster_2,Sao_Domingos_do_Prata,2024-12-31T00:00:00,1.05,1.0101362,3.8,teste,V44,LSTM,"/media/marcos/Marcos/Codigos/Predicao_Cafe_Arabica/Teste_2_reuniao_16_dez_ajuste_seed/temp_models/trial_268
Modelo LSTM. Treino: 2012 a 2022. Validação: 2023. Teste: 2024.
Dataset: V44.
Obs: ajuste de seed

Hyperparams:
input_size: 10h: 1lr: 5.4396818825008224e-05batch: 32encoder n layers: 1decoder layers: 1",2026-01-07T19:08:20
2023_cluster_2,Sao_Geraldo,2024-12-31T00:00:00,1.3189189189189188,1.4428571,9.4,teste,V44,LSTM,"/media/marcos/Marcos/Codigos/Predicao_Cafe_Arabica/Teste_2_reuniao_16_dez_ajuste_seed/temp_models/trial_268
Modelo LSTM. Treino: 2012 a 2022. Validação: 2023. Teste: 2024.
Dataset: V44.
Obs: ajuste de seed

Hyperparams:
input_size: 10h: 1lr: 5.4396818825008224e-05batch: 32encoder n layers: 1decoder layers: 1",2026-01-07T19:08:20
2023_cluster_2,Sao_Jose_da_Barra,2024-12-31T00:00:00,1.709523809523809,2.0260406,18.51,teste,V44,LSTM,"/media/marcos/Marcos/Codigos/Predicao_Cafe_Arabica/Teste_2_reuniao_16_dez_ajuste_seed/temp_models/trial_268
Modelo LSTM. Treino: 2012 a 2022. Validação: 2023. Teste: 2024.
Dataset: V44.
Obs: ajuste de seed

Hyperparams:
input_size: 10h: 1lr: 5.4396818825008224e-05batch: 32encoder n layers: 1decoder layers: 1",2026-01-07T19:08:20
2023_cluster_2,Sao_Jose_do_Alegre,2024-12-31T00:00:00,1.8000000000000003,1.6431811,8.71,teste,V44,LSTM,"/media/marcos/Marcos/Codigos/Predicao_Cafe_Arabica/Teste_2_reuniao_16_dez_ajuste_seed/temp_models/trial_268
Modelo LSTM. Treino: 2012 a 2022. Validação: 2023. Teste: 2024.
Dataset: V44.
Obs: ajuste de seed

Hyperparams:
input_size: 10h: 1lr: 5.4396818825008224e-05batch: 32encoder n layers: 1decoder layers: 1",2026-01-07T19:08:20
2023_cluster_2,Sao_Miguel_do_Anta,2024-12-31T00:00:00,1.55974025974026,1.4108641,9.54,teste,V44,LSTM,"/media/marcos/Marcos/Codigos/Predicao_Cafe_Arabica/Teste_2_reuniao_16_dez_ajuste_seed/temp_models/trial_268
Modelo LSTM. Treino: 2012 a 2022. Validação: 2023. Teste: 2024.
Dataset: V44.
Obs: ajuste de seed

Hyperparams:
input_size: 10h: 1lr: 5.4396818825008224e-05batch: 32encoder n layers: 1decoder layers: 1",2026-01-07T19:08:20
2023_cluster_2,Sao_Sebastiao_da_Vargem_Alegre,2024-12-31T00:00:00,1.2800000000000002,1.2637719,1.27,teste,V44,LSTM,"/media/marcos/Marcos/Codigos/Predicao_Cafe_Arabica/Teste_2_reuniao_16_dez_ajuste_seed/temp_models/trial_268
Modelo LSTM. Treino: 2012 a 2022. Validação: 2023. Teste: 2024.
Dataset: V44.
Obs: ajuste de seed

Hyperparams:
input_size: 10h: 1lr: 5.4396818825008224e-05batch: 32encoder n layers: 1decoder layers: 1",2026-01-07T19:08:20
2023_cluster_2,Sao_Sebastiao_do_Anta,2024-12-31T00:00:00,1.8000000000000003,1.7052248,5.27,teste,V44,LSTM,"/media/marcos/Marcos/Codigos/Predicao_Cafe_Arabica/Teste_2_reuniao_16_dez_ajuste_seed/temp_models/trial_268
Modelo LSTM. Treino: 2012 a 2022. Validação: 2023. Teste: 2024.
Dataset: V44.
Obs: ajuste de seed

Hyperparams:
input_size: 10h: 1lr: 5.4396818825008224e-05batch: 32encoder n layers: 1decoder layers: 1",2026-01-07T19:08:20
2023_cluster_2,Senhora_dos_Remedios,2024-12-31T00:00:00,1.8000000000000003,1.5464505,14.09,teste,V44,LSTM,"/media/marcos/Marcos/Codigos/Predicao_Cafe_Arabica/Teste_2_reuniao_16_dez_ajuste_seed/temp_models/trial_268
Modelo LSTM. Treino: 2012 a 2022. Validação: 2023. Teste: 2024.
Dataset: V44.
Obs: ajuste de seed

Hyperparams:
input_size: 10h: 1lr: 5.4396818825008224e-05batch: 32encoder n layers: 1decoder layers: 1",2026-01-07T19:08:20
2023_cluster_2,Teixeiras,2024-12-31T00:00:00,1.5,1.3772981,8.18,teste,V44,LSTM,"/media/marcos/Marcos/Codigos/Predicao_Cafe_Arabica/Teste_2_reuniao_16_dez_ajuste_seed/temp_models/trial_268
Modelo LSTM. Treino: 2012 a 2022. Validação: 2023. Teste: 2024.
Dataset: V44.
Obs: ajuste de seed

Hyperparams:
input_size: 10h: 1lr: 5.4396818825008224e-05batch: 32encoder n layers: 1decoder layers: 1",2026-01-07T19:08:20
2023_cluster_2,Visconde_do_Rio_Branco,2024-12-31T00:00:00,1.333333333333333,1.2397835,7.02,teste,V44,LSTM,"/media/marcos/Marcos/Codigos/Predicao_Cafe_Arabica/Teste_2_reuniao_16_dez_ajuste_seed/temp_models/trial_268
Modelo LSTM. Treino: 2012 a 2022. Validação: 2023. Teste: 2024.
Dataset: V44.
Obs: ajuste de seed

Hyperparams:
input_size: 10h: 1lr: 5.4396818825008224e-05batch: 32encoder n layers: 1decoder layers: 1",2026-01-07T19:08:20
