treino_id,unique_id,ds,y,y_pred,diferença_%,flag,dataset,modelo,comentario,data_treino
2020_cluster_1,Almenara,2020-12-31T00:00:00,0.78,0.9670724,23.98,validacao,V44,LSTM,"/media/marcos/Marcos/Codigos/Predicao_Cafe_Arabica/Teste_2_reuniao_16_dez_ajuste_seed_16_01_2026/temp_models/trial_33
Modelo LSTM. Treino: 2012 a 2019. Validação: 2020. Teste: 2021.
Dataset: V44. Log Transform: Não.
Obs: ajuste de seed

Hyperparams:
input_size: 7, h: 1, lr: 0.0001019534127611975, batch: 32, encoder n layers: 2, decoder layers: 2",2026-01-18T14:00:07
2020_cluster_1,Alpinopolis,2020-12-31T00:00:00,2.765998457979954,2.2180855,19.81,validacao,V44,LSTM,"/media/marcos/Marcos/Codigos/Predicao_Cafe_Arabica/Teste_2_reuniao_16_dez_ajuste_seed_16_01_2026/temp_models/trial_33
Modelo LSTM. Treino: 2012 a 2019. Validação: 2020. Teste: 2021.
Dataset: V44. Log Transform: Não.
Obs: ajuste de seed

Hyperparams:
input_size: 7, h: 1, lr: 0.0001019534127611975, batch: 32, encoder n layers: 2, decoder layers: 2",2026-01-18T14:00:07
2020_cluster_1,Alterosa,2020-12-31T00:00:00,1.980023501762632,1.7066206,13.81,validacao,V44,LSTM,"/media/marcos/Marcos/Codigos/Predicao_Cafe_Arabica/Teste_2_reuniao_16_dez_ajuste_seed_16_01_2026/temp_models/trial_33
Modelo LSTM. Treino: 2012 a 2019. Validação: 2020. Teste: 2021.
Dataset: V44. Log Transform: Não.
Obs: ajuste de seed

Hyperparams:
input_size: 7, h: 1, lr: 0.0001019534127611975, batch: 32, encoder n layers: 2, decoder layers: 2",2026-01-18T14:00:07
2020_cluster_1,Andradas,2020-12-31T00:00:00,2.568,1.6366427,36.27,validacao,V44,LSTM,"/media/marcos/Marcos/Codigos/Predicao_Cafe_Arabica/Teste_2_reuniao_16_dez_ajuste_seed_16_01_2026/temp_models/trial_33
Modelo LSTM. Treino: 2012 a 2019. Validação: 2020. Teste: 2021.
Dataset: V44. Log Transform: Não.
Obs: ajuste de seed

Hyperparams:
input_size: 7, h: 1, lr: 0.0001019534127611975, batch: 32, encoder n layers: 2, decoder layers: 2",2026-01-18T14:00:07
2020_cluster_1,Araguari,2020-12-31T00:00:00,1.979964695498676,2.2497838,13.63,validacao,V44,LSTM,"/media/marcos/Marcos/Codigos/Predicao_Cafe_Arabica/Teste_2_reuniao_16_dez_ajuste_seed_16_01_2026/temp_models/trial_33
Modelo LSTM. Treino: 2012 a 2019. Validação: 2020. Teste: 2021.
Dataset: V44. Log Transform: Não.
Obs: ajuste de seed

Hyperparams:
input_size: 7, h: 1, lr: 0.0001019534127611975, batch: 32, encoder n layers: 2, decoder layers: 2",2026-01-18T14:00:07
2020_cluster_1,Arapua,2020-12-31T00:00:00,1.5,1.6146895,7.65,validacao,V44,LSTM,"/media/marcos/Marcos/Codigos/Predicao_Cafe_Arabica/Teste_2_reuniao_16_dez_ajuste_seed_16_01_2026/temp_models/trial_33
Modelo LSTM. Treino: 2012 a 2019. Validação: 2020. Teste: 2021.
Dataset: V44. Log Transform: Não.
Obs: ajuste de seed

Hyperparams:
input_size: 7, h: 1, lr: 0.0001019534127611975, batch: 32, encoder n layers: 2, decoder layers: 2",2026-01-18T14:00:07
2020_cluster_1,Araxa,2020-12-31T00:00:00,1.786008230452675,1.7000915,4.81,validacao,V44,LSTM,"/media/marcos/Marcos/Codigos/Predicao_Cafe_Arabica/Teste_2_reuniao_16_dez_ajuste_seed_16_01_2026/temp_models/trial_33
Modelo LSTM. Treino: 2012 a 2019. Validação: 2020. Teste: 2021.
Dataset: V44. Log Transform: Não.
Obs: ajuste de seed

Hyperparams:
input_size: 7, h: 1, lr: 0.0001019534127611975, batch: 32, encoder n layers: 2, decoder layers: 2",2026-01-18T14:00:07
2020_cluster_1,Arceburgo,2020-12-31T00:00:00,1.838709677419355,1.5170455,17.49,validacao,V44,LSTM,"/media/marcos/Marcos/Codigos/Predicao_Cafe_Arabica/Teste_2_reuniao_16_dez_ajuste_seed_16_01_2026/temp_models/trial_33
Modelo LSTM. Treino: 2012 a 2019. Validação: 2020. Teste: 2021.
Dataset: V44. Log Transform: Não.
Obs: ajuste de seed

Hyperparams:
input_size: 7, h: 1, lr: 0.0001019534127611975, batch: 32, encoder n layers: 2, decoder layers: 2",2026-01-18T14:00:07
2020_cluster_1,Areado,2020-12-31T00:00:00,2.078746484531941,1.7763368,14.55,validacao,V44,LSTM,"/media/marcos/Marcos/Codigos/Predicao_Cafe_Arabica/Teste_2_reuniao_16_dez_ajuste_seed_16_01_2026/temp_models/trial_33
Modelo LSTM. Treino: 2012 a 2019. Validação: 2020. Teste: 2021.
Dataset: V44. Log Transform: Não.
Obs: ajuste de seed

Hyperparams:
input_size: 7, h: 1, lr: 0.0001019534127611975, batch: 32, encoder n layers: 2, decoder layers: 2",2026-01-18T14:00:07
2020_cluster_1,Bom_Jesus_da_Penha,2020-12-31T00:00:00,1.986087924318308,2.1134768,6.41,validacao,V44,LSTM,"/media/marcos/Marcos/Codigos/Predicao_Cafe_Arabica/Teste_2_reuniao_16_dez_ajuste_seed_16_01_2026/temp_models/trial_33
Modelo LSTM. Treino: 2012 a 2019. Validação: 2020. Teste: 2021.
Dataset: V44. Log Transform: Não.
Obs: ajuste de seed

Hyperparams:
input_size: 7, h: 1, lr: 0.0001019534127611975, batch: 32, encoder n layers: 2, decoder layers: 2",2026-01-18T14:00:07
2020_cluster_1,Botelhos,2020-12-31T00:00:00,1.716062736614386,1.7465047,1.77,validacao,V44,LSTM,"/media/marcos/Marcos/Codigos/Predicao_Cafe_Arabica/Teste_2_reuniao_16_dez_ajuste_seed_16_01_2026/temp_models/trial_33
Modelo LSTM. Treino: 2012 a 2019. Validação: 2020. Teste: 2021.
Dataset: V44. Log Transform: Não.
Obs: ajuste de seed

Hyperparams:
input_size: 7, h: 1, lr: 0.0001019534127611975, batch: 32, encoder n layers: 2, decoder layers: 2",2026-01-18T14:00:07
2020_cluster_1,Botumirim,2020-12-31T00:00:00,0.92,0.75223786,18.24,validacao,V44,LSTM,"/media/marcos/Marcos/Codigos/Predicao_Cafe_Arabica/Teste_2_reuniao_16_dez_ajuste_seed_16_01_2026/temp_models/trial_33
Modelo LSTM. Treino: 2012 a 2019. Validação: 2020. Teste: 2021.
Dataset: V44. Log Transform: Não.
Obs: ajuste de seed

Hyperparams:
input_size: 7, h: 1, lr: 0.0001019534127611975, batch: 32, encoder n layers: 2, decoder layers: 2",2026-01-18T14:00:07
2020_cluster_1,Cabo_Verde,2020-12-31T00:00:00,2.249052581714827,1.8903713,15.95,validacao,V44,LSTM,"/media/marcos/Marcos/Codigos/Predicao_Cafe_Arabica/Teste_2_reuniao_16_dez_ajuste_seed_16_01_2026/temp_models/trial_33
Modelo LSTM. Treino: 2012 a 2019. Validação: 2020. Teste: 2021.
Dataset: V44. Log Transform: Não.
Obs: ajuste de seed

Hyperparams:
input_size: 7, h: 1, lr: 0.0001019534127611975, batch: 32, encoder n layers: 2, decoder layers: 2",2026-01-18T14:00:07
2020_cluster_1,Campestre,2020-12-31T00:00:00,2.138000770416025,1.6970661,20.62,validacao,V44,LSTM,"/media/marcos/Marcos/Codigos/Predicao_Cafe_Arabica/Teste_2_reuniao_16_dez_ajuste_seed_16_01_2026/temp_models/trial_33
Modelo LSTM. Treino: 2012 a 2019. Validação: 2020. Teste: 2021.
Dataset: V44. Log Transform: Não.
Obs: ajuste de seed

Hyperparams:
input_size: 7, h: 1, lr: 0.0001019534127611975, batch: 32, encoder n layers: 2, decoder layers: 2",2026-01-18T14:00:07
2020_cluster_1,Capetinga,2020-12-31T00:00:00,2.213808463251671,1.9412256,12.31,validacao,V44,LSTM,"/media/marcos/Marcos/Codigos/Predicao_Cafe_Arabica/Teste_2_reuniao_16_dez_ajuste_seed_16_01_2026/temp_models/trial_33
Modelo LSTM. Treino: 2012 a 2019. Validação: 2020. Teste: 2021.
Dataset: V44. Log Transform: Não.
Obs: ajuste de seed

Hyperparams:
input_size: 7, h: 1, lr: 0.0001019534127611975, batch: 32, encoder n layers: 2, decoder layers: 2",2026-01-18T14:00:07
2020_cluster_1,Carmo_do_Paranaiba,2020-12-31T00:00:00,1.947480785653288,1.9877062,2.07,validacao,V44,LSTM,"/media/marcos/Marcos/Codigos/Predicao_Cafe_Arabica/Teste_2_reuniao_16_dez_ajuste_seed_16_01_2026/temp_models/trial_33
Modelo LSTM. Treino: 2012 a 2019. Validação: 2020. Teste: 2021.
Dataset: V44. Log Transform: Não.
Obs: ajuste de seed

Hyperparams:
input_size: 7, h: 1, lr: 0.0001019534127611975, batch: 32, encoder n layers: 2, decoder layers: 2",2026-01-18T14:00:07
2020_cluster_1,Cascalho_Rico,2020-12-31T00:00:00,2.478504672897196,2.020986,18.46,validacao,V44,LSTM,"/media/marcos/Marcos/Codigos/Predicao_Cafe_Arabica/Teste_2_reuniao_16_dez_ajuste_seed_16_01_2026/temp_models/trial_33
Modelo LSTM. Treino: 2012 a 2019. Validação: 2020. Teste: 2021.
Dataset: V44. Log Transform: Não.
Obs: ajuste de seed

Hyperparams:
input_size: 7, h: 1, lr: 0.0001019534127611975, batch: 32, encoder n layers: 2, decoder layers: 2",2026-01-18T14:00:07
2020_cluster_1,Claraval,2020-12-31T00:00:00,2.796008294453085,1.9000698,32.04,validacao,V44,LSTM,"/media/marcos/Marcos/Codigos/Predicao_Cafe_Arabica/Teste_2_reuniao_16_dez_ajuste_seed_16_01_2026/temp_models/trial_33
Modelo LSTM. Treino: 2012 a 2019. Validação: 2020. Teste: 2021.
Dataset: V44. Log Transform: Não.
Obs: ajuste de seed

Hyperparams:
input_size: 7, h: 1, lr: 0.0001019534127611975, batch: 32, encoder n layers: 2, decoder layers: 2",2026-01-18T14:00:07
2020_cluster_1,Conceicao_da_Aparecida,2020-12-31T00:00:00,2.243948871362524,2.0715604,7.68,validacao,V44,LSTM,"/media/marcos/Marcos/Codigos/Predicao_Cafe_Arabica/Teste_2_reuniao_16_dez_ajuste_seed_16_01_2026/temp_models/trial_33
Modelo LSTM. Treino: 2012 a 2019. Validação: 2020. Teste: 2021.
Dataset: V44. Log Transform: Não.
Obs: ajuste de seed

Hyperparams:
input_size: 7, h: 1, lr: 0.0001019534127611975, batch: 32, encoder n layers: 2, decoder layers: 2",2026-01-18T14:00:07
2020_cluster_1,Coromandel,2020-12-31T00:00:00,1.818934240362812,2.0172167,10.9,validacao,V44,LSTM,"/media/marcos/Marcos/Codigos/Predicao_Cafe_Arabica/Teste_2_reuniao_16_dez_ajuste_seed_16_01_2026/temp_models/trial_33
Modelo LSTM. Treino: 2012 a 2019. Validação: 2020. Teste: 2021.
Dataset: V44. Log Transform: Não.
Obs: ajuste de seed

Hyperparams:
input_size: 7, h: 1, lr: 0.0001019534127611975, batch: 32, encoder n layers: 2, decoder layers: 2",2026-01-18T14:00:07
2020_cluster_1,Corrego_Fundo,2020-12-31T00:00:00,1.5,1.7748908,18.33,validacao,V44,LSTM,"/media/marcos/Marcos/Codigos/Predicao_Cafe_Arabica/Teste_2_reuniao_16_dez_ajuste_seed_16_01_2026/temp_models/trial_33
Modelo LSTM. Treino: 2012 a 2019. Validação: 2020. Teste: 2021.
Dataset: V44. Log Transform: Não.
Obs: ajuste de seed

Hyperparams:
input_size: 7, h: 1, lr: 0.0001019534127611975, batch: 32, encoder n layers: 2, decoder layers: 2",2026-01-18T14:00:07
2020_cluster_1,Cruzeiro_da_Fortaleza,2020-12-31T00:00:00,2.1,1.9057802,9.25,validacao,V44,LSTM,"/media/marcos/Marcos/Codigos/Predicao_Cafe_Arabica/Teste_2_reuniao_16_dez_ajuste_seed_16_01_2026/temp_models/trial_33
Modelo LSTM. Treino: 2012 a 2019. Validação: 2020. Teste: 2021.
Dataset: V44. Log Transform: Não.
Obs: ajuste de seed

Hyperparams:
input_size: 7, h: 1, lr: 0.0001019534127611975, batch: 32, encoder n layers: 2, decoder layers: 2",2026-01-18T14:00:07
2020_cluster_1,Delfinopolis,2020-12-31T00:00:00,1.8,1.4919391,17.11,validacao,V44,LSTM,"/media/marcos/Marcos/Codigos/Predicao_Cafe_Arabica/Teste_2_reuniao_16_dez_ajuste_seed_16_01_2026/temp_models/trial_33
Modelo LSTM. Treino: 2012 a 2019. Validação: 2020. Teste: 2021.
Dataset: V44. Log Transform: Não.
Obs: ajuste de seed

Hyperparams:
input_size: 7, h: 1, lr: 0.0001019534127611975, batch: 32, encoder n layers: 2, decoder layers: 2",2026-01-18T14:00:07
2020_cluster_1,Divisa_Nova,2020-12-31T00:00:00,1.8,1.7678581,1.79,validacao,V44,LSTM,"/media/marcos/Marcos/Codigos/Predicao_Cafe_Arabica/Teste_2_reuniao_16_dez_ajuste_seed_16_01_2026/temp_models/trial_33
Modelo LSTM. Treino: 2012 a 2019. Validação: 2020. Teste: 2021.
Dataset: V44. Log Transform: Não.
Obs: ajuste de seed

Hyperparams:
input_size: 7, h: 1, lr: 0.0001019534127611975, batch: 32, encoder n layers: 2, decoder layers: 2",2026-01-18T14:00:07
2020_cluster_1,Dom_Cavati,2020-12-31T00:00:00,0.7894736842105263,1.1213185,42.03,validacao,V44,LSTM,"/media/marcos/Marcos/Codigos/Predicao_Cafe_Arabica/Teste_2_reuniao_16_dez_ajuste_seed_16_01_2026/temp_models/trial_33
Modelo LSTM. Treino: 2012 a 2019. Validação: 2020. Teste: 2021.
Dataset: V44. Log Transform: Não.
Obs: ajuste de seed

Hyperparams:
input_size: 7, h: 1, lr: 0.0001019534127611975, batch: 32, encoder n layers: 2, decoder layers: 2",2026-01-18T14:00:07
2020_cluster_1,Dores_do_Turvo,2020-12-31T00:00:00,1.625,1.2239902,24.68,validacao,V44,LSTM,"/media/marcos/Marcos/Codigos/Predicao_Cafe_Arabica/Teste_2_reuniao_16_dez_ajuste_seed_16_01_2026/temp_models/trial_33
Modelo LSTM. Treino: 2012 a 2019. Validação: 2020. Teste: 2021.
Dataset: V44. Log Transform: Não.
Obs: ajuste de seed

Hyperparams:
input_size: 7, h: 1, lr: 0.0001019534127611975, batch: 32, encoder n layers: 2, decoder layers: 2",2026-01-18T14:00:07
2020_cluster_1,Estrela_do_Indaia,2020-12-31T00:00:00,1.8,1.8022358,0.12,validacao,V44,LSTM,"/media/marcos/Marcos/Codigos/Predicao_Cafe_Arabica/Teste_2_reuniao_16_dez_ajuste_seed_16_01_2026/temp_models/trial_33
Modelo LSTM. Treino: 2012 a 2019. Validação: 2020. Teste: 2021.
Dataset: V44. Log Transform: Não.
Obs: ajuste de seed

Hyperparams:
input_size: 7, h: 1, lr: 0.0001019534127611975, batch: 32, encoder n layers: 2, decoder layers: 2",2026-01-18T14:00:07
2020_cluster_1,Estrela_do_Sul,2020-12-31T00:00:00,2.062702702702703,1.9644244,4.76,validacao,V44,LSTM,"/media/marcos/Marcos/Codigos/Predicao_Cafe_Arabica/Teste_2_reuniao_16_dez_ajuste_seed_16_01_2026/temp_models/trial_33
Modelo LSTM. Treino: 2012 a 2019. Validação: 2020. Teste: 2021.
Dataset: V44. Log Transform: Não.
Obs: ajuste de seed

Hyperparams:
input_size: 7, h: 1, lr: 0.0001019534127611975, batch: 32, encoder n layers: 2, decoder layers: 2",2026-01-18T14:00:07
2020_cluster_1,Guaranesia,2020-12-31T00:00:00,1.564686285397002,1.8357248,17.32,validacao,V44,LSTM,"/media/marcos/Marcos/Codigos/Predicao_Cafe_Arabica/Teste_2_reuniao_16_dez_ajuste_seed_16_01_2026/temp_models/trial_33
Modelo LSTM. Treino: 2012 a 2019. Validação: 2020. Teste: 2021.
Dataset: V44. Log Transform: Não.
Obs: ajuste de seed

Hyperparams:
input_size: 7, h: 1, lr: 0.0001019534127611975, batch: 32, encoder n layers: 2, decoder layers: 2",2026-01-18T14:00:07
2020_cluster_1,Guarani,2020-12-31T00:00:00,1.127272727272727,2.1432564,90.13,validacao,V44,LSTM,"/media/marcos/Marcos/Codigos/Predicao_Cafe_Arabica/Teste_2_reuniao_16_dez_ajuste_seed_16_01_2026/temp_models/trial_33
Modelo LSTM. Treino: 2012 a 2019. Validação: 2020. Teste: 2021.
Dataset: V44. Log Transform: Não.
Obs: ajuste de seed

Hyperparams:
input_size: 7, h: 1, lr: 0.0001019534127611975, batch: 32, encoder n layers: 2, decoder layers: 2",2026-01-18T14:00:07
2020_cluster_1,Guarda-Mor,2020-12-31T00:00:00,1.799435028248588,1.9880601,10.48,validacao,V44,LSTM,"/media/marcos/Marcos/Codigos/Predicao_Cafe_Arabica/Teste_2_reuniao_16_dez_ajuste_seed_16_01_2026/temp_models/trial_33
Modelo LSTM. Treino: 2012 a 2019. Validação: 2020. Teste: 2021.
Dataset: V44. Log Transform: Não.
Obs: ajuste de seed

Hyperparams:
input_size: 7, h: 1, lr: 0.0001019534127611975, batch: 32, encoder n layers: 2, decoder layers: 2",2026-01-18T14:00:07
2020_cluster_1,Guaxupe,2020-12-31T00:00:00,1.74,1.5865499,8.82,validacao,V44,LSTM,"/media/marcos/Marcos/Codigos/Predicao_Cafe_Arabica/Teste_2_reuniao_16_dez_ajuste_seed_16_01_2026/temp_models/trial_33
Modelo LSTM. Treino: 2012 a 2019. Validação: 2020. Teste: 2021.
Dataset: V44. Log Transform: Não.
Obs: ajuste de seed

Hyperparams:
input_size: 7, h: 1, lr: 0.0001019534127611975, batch: 32, encoder n layers: 2, decoder layers: 2",2026-01-18T14:00:07
2020_cluster_1,Guimarania,2020-12-31T00:00:00,2.149930843706777,1.7306747,19.5,validacao,V44,LSTM,"/media/marcos/Marcos/Codigos/Predicao_Cafe_Arabica/Teste_2_reuniao_16_dez_ajuste_seed_16_01_2026/temp_models/trial_33
Modelo LSTM. Treino: 2012 a 2019. Validação: 2020. Teste: 2021.
Dataset: V44. Log Transform: Não.
Obs: ajuste de seed

Hyperparams:
input_size: 7, h: 1, lr: 0.0001019534127611975, batch: 32, encoder n layers: 2, decoder layers: 2",2026-01-18T14:00:07
2020_cluster_1,Ibia,2020-12-31T00:00:00,1.746,1.6156024,7.47,validacao,V44,LSTM,"/media/marcos/Marcos/Codigos/Predicao_Cafe_Arabica/Teste_2_reuniao_16_dez_ajuste_seed_16_01_2026/temp_models/trial_33
Modelo LSTM. Treino: 2012 a 2019. Validação: 2020. Teste: 2021.
Dataset: V44. Log Transform: Não.
Obs: ajuste de seed

Hyperparams:
input_size: 7, h: 1, lr: 0.0001019534127611975, batch: 32, encoder n layers: 2, decoder layers: 2",2026-01-18T14:00:07
2020_cluster_1,Ibiraci,2020-12-31T00:00:00,2.631519434628975,1.9281355,26.73,validacao,V44,LSTM,"/media/marcos/Marcos/Codigos/Predicao_Cafe_Arabica/Teste_2_reuniao_16_dez_ajuste_seed_16_01_2026/temp_models/trial_33
Modelo LSTM. Treino: 2012 a 2019. Validação: 2020. Teste: 2021.
Dataset: V44. Log Transform: Não.
Obs: ajuste de seed

Hyperparams:
input_size: 7, h: 1, lr: 0.0001019534127611975, batch: 32, encoder n layers: 2, decoder layers: 2",2026-01-18T14:00:07
2020_cluster_1,Indianopolis,2020-12-31T00:00:00,1.8,2.155422,19.75,validacao,V44,LSTM,"/media/marcos/Marcos/Codigos/Predicao_Cafe_Arabica/Teste_2_reuniao_16_dez_ajuste_seed_16_01_2026/temp_models/trial_33
Modelo LSTM. Treino: 2012 a 2019. Validação: 2020. Teste: 2021.
Dataset: V44. Log Transform: Não.
Obs: ajuste de seed

Hyperparams:
input_size: 7, h: 1, lr: 0.0001019534127611975, batch: 32, encoder n layers: 2, decoder layers: 2",2026-01-18T14:00:07
2020_cluster_1,Itamogi,2020-12-31T00:00:00,2.400049176297025,1.736917,27.63,validacao,V44,LSTM,"/media/marcos/Marcos/Codigos/Predicao_Cafe_Arabica/Teste_2_reuniao_16_dez_ajuste_seed_16_01_2026/temp_models/trial_33
Modelo LSTM. Treino: 2012 a 2019. Validação: 2020. Teste: 2021.
Dataset: V44. Log Transform: Não.
Obs: ajuste de seed

Hyperparams:
input_size: 7, h: 1, lr: 0.0001019534127611975, batch: 32, encoder n layers: 2, decoder layers: 2",2026-01-18T14:00:07
2020_cluster_1,Itanhomi,2020-12-31T00:00:00,1.26,1.2236474,2.89,validacao,V44,LSTM,"/media/marcos/Marcos/Codigos/Predicao_Cafe_Arabica/Teste_2_reuniao_16_dez_ajuste_seed_16_01_2026/temp_models/trial_33
Modelo LSTM. Treino: 2012 a 2019. Validação: 2020. Teste: 2021.
Dataset: V44. Log Transform: Não.
Obs: ajuste de seed

Hyperparams:
input_size: 7, h: 1, lr: 0.0001019534127611975, batch: 32, encoder n layers: 2, decoder layers: 2",2026-01-18T14:00:07
2020_cluster_1,Jacui,2020-12-31T00:00:00,1.68,1.628876,3.04,validacao,V44,LSTM,"/media/marcos/Marcos/Codigos/Predicao_Cafe_Arabica/Teste_2_reuniao_16_dez_ajuste_seed_16_01_2026/temp_models/trial_33
Modelo LSTM. Treino: 2012 a 2019. Validação: 2020. Teste: 2021.
Dataset: V44. Log Transform: Não.
Obs: ajuste de seed

Hyperparams:
input_size: 7, h: 1, lr: 0.0001019534127611975, batch: 32, encoder n layers: 2, decoder layers: 2",2026-01-18T14:00:07
2020_cluster_1,Jacutinga,2020-12-31T00:00:00,1.8,1.4710488,18.28,validacao,V44,LSTM,"/media/marcos/Marcos/Codigos/Predicao_Cafe_Arabica/Teste_2_reuniao_16_dez_ajuste_seed_16_01_2026/temp_models/trial_33
Modelo LSTM. Treino: 2012 a 2019. Validação: 2020. Teste: 2021.
Dataset: V44. Log Transform: Não.
Obs: ajuste de seed

Hyperparams:
input_size: 7, h: 1, lr: 0.0001019534127611975, batch: 32, encoder n layers: 2, decoder layers: 2",2026-01-18T14:00:07
2020_cluster_1,Juruaia,2020-12-31T00:00:00,1.92,1.6849285,12.24,validacao,V44,LSTM,"/media/marcos/Marcos/Codigos/Predicao_Cafe_Arabica/Teste_2_reuniao_16_dez_ajuste_seed_16_01_2026/temp_models/trial_33
Modelo LSTM. Treino: 2012 a 2019. Validação: 2020. Teste: 2021.
Dataset: V44. Log Transform: Não.
Obs: ajuste de seed

Hyperparams:
input_size: 7, h: 1, lr: 0.0001019534127611975, batch: 32, encoder n layers: 2, decoder layers: 2",2026-01-18T14:00:07
2020_cluster_1,Lagoa_Dourada,2020-12-31T00:00:00,2.1,2.0910106,0.43,validacao,V44,LSTM,"/media/marcos/Marcos/Codigos/Predicao_Cafe_Arabica/Teste_2_reuniao_16_dez_ajuste_seed_16_01_2026/temp_models/trial_33
Modelo LSTM. Treino: 2012 a 2019. Validação: 2020. Teste: 2021.
Dataset: V44. Log Transform: Não.
Obs: ajuste de seed

Hyperparams:
input_size: 7, h: 1, lr: 0.0001019534127611975, batch: 32, encoder n layers: 2, decoder layers: 2",2026-01-18T14:00:07
2020_cluster_1,Lagoa_Formosa,2020-12-31T00:00:00,2.549450549450549,2.1114635,17.18,validacao,V44,LSTM,"/media/marcos/Marcos/Codigos/Predicao_Cafe_Arabica/Teste_2_reuniao_16_dez_ajuste_seed_16_01_2026/temp_models/trial_33
Modelo LSTM. Treino: 2012 a 2019. Validação: 2020. Teste: 2021.
Dataset: V44. Log Transform: Não.
Obs: ajuste de seed

Hyperparams:
input_size: 7, h: 1, lr: 0.0001019534127611975, batch: 32, encoder n layers: 2, decoder layers: 2",2026-01-18T14:00:07
2020_cluster_1,Lagoa_Grande,2020-12-31T00:00:00,2.4,2.1492689,10.45,validacao,V44,LSTM,"/media/marcos/Marcos/Codigos/Predicao_Cafe_Arabica/Teste_2_reuniao_16_dez_ajuste_seed_16_01_2026/temp_models/trial_33
Modelo LSTM. Treino: 2012 a 2019. Validação: 2020. Teste: 2021.
Dataset: V44. Log Transform: Não.
Obs: ajuste de seed

Hyperparams:
input_size: 7, h: 1, lr: 0.0001019534127611975, batch: 32, encoder n layers: 2, decoder layers: 2",2026-01-18T14:00:07
2020_cluster_1,Matutina,2020-12-31T00:00:00,1.82995951417004,1.7746698,3.02,validacao,V44,LSTM,"/media/marcos/Marcos/Codigos/Predicao_Cafe_Arabica/Teste_2_reuniao_16_dez_ajuste_seed_16_01_2026/temp_models/trial_33
Modelo LSTM. Treino: 2012 a 2019. Validação: 2020. Teste: 2021.
Dataset: V44. Log Transform: Não.
Obs: ajuste de seed

Hyperparams:
input_size: 7, h: 1, lr: 0.0001019534127611975, batch: 32, encoder n layers: 2, decoder layers: 2",2026-01-18T14:00:07
2020_cluster_1,Monte_Belo,2020-12-31T00:00:00,1.8,1.7347509,3.62,validacao,V44,LSTM,"/media/marcos/Marcos/Codigos/Predicao_Cafe_Arabica/Teste_2_reuniao_16_dez_ajuste_seed_16_01_2026/temp_models/trial_33
Modelo LSTM. Treino: 2012 a 2019. Validação: 2020. Teste: 2021.
Dataset: V44. Log Transform: Não.
Obs: ajuste de seed

Hyperparams:
input_size: 7, h: 1, lr: 0.0001019534127611975, batch: 32, encoder n layers: 2, decoder layers: 2",2026-01-18T14:00:07
2020_cluster_1,Monte_Carmelo,2020-12-31T00:00:00,1.98,2.048686,3.47,validacao,V44,LSTM,"/media/marcos/Marcos/Codigos/Predicao_Cafe_Arabica/Teste_2_reuniao_16_dez_ajuste_seed_16_01_2026/temp_models/trial_33
Modelo LSTM. Treino: 2012 a 2019. Validação: 2020. Teste: 2021.
Dataset: V44. Log Transform: Não.
Obs: ajuste de seed

Hyperparams:
input_size: 7, h: 1, lr: 0.0001019534127611975, batch: 32, encoder n layers: 2, decoder layers: 2",2026-01-18T14:00:07
2020_cluster_1,Monte_Santo_de_Minas,2020-12-31T00:00:00,2.123987903619159,1.6696453,21.39,validacao,V44,LSTM,"/media/marcos/Marcos/Codigos/Predicao_Cafe_Arabica/Teste_2_reuniao_16_dez_ajuste_seed_16_01_2026/temp_models/trial_33
Modelo LSTM. Treino: 2012 a 2019. Validação: 2020. Teste: 2021.
Dataset: V44. Log Transform: Não.
Obs: ajuste de seed

Hyperparams:
input_size: 7, h: 1, lr: 0.0001019534127611975, batch: 32, encoder n layers: 2, decoder layers: 2",2026-01-18T14:00:07
2020_cluster_1,Muzambinho,2020-12-31T00:00:00,1.764006791171477,1.6831025,4.59,validacao,V44,LSTM,"/media/marcos/Marcos/Codigos/Predicao_Cafe_Arabica/Teste_2_reuniao_16_dez_ajuste_seed_16_01_2026/temp_models/trial_33
Modelo LSTM. Treino: 2012 a 2019. Validação: 2020. Teste: 2021.
Dataset: V44. Log Transform: Não.
Obs: ajuste de seed

Hyperparams:
input_size: 7, h: 1, lr: 0.0001019534127611975, batch: 32, encoder n layers: 2, decoder layers: 2",2026-01-18T14:00:07
2020_cluster_1,Nova_Resende,2020-12-31T00:00:00,2.353040067245727,2.0295713,13.75,validacao,V44,LSTM,"/media/marcos/Marcos/Codigos/Predicao_Cafe_Arabica/Teste_2_reuniao_16_dez_ajuste_seed_16_01_2026/temp_models/trial_33
Modelo LSTM. Treino: 2012 a 2019. Validação: 2020. Teste: 2021.
Dataset: V44. Log Transform: Não.
Obs: ajuste de seed

Hyperparams:
input_size: 7, h: 1, lr: 0.0001019534127611975, batch: 32, encoder n layers: 2, decoder layers: 2",2026-01-18T14:00:07
2020_cluster_1,Passos,2020-12-31T00:00:00,1.62,1.5669608,3.27,validacao,V44,LSTM,"/media/marcos/Marcos/Codigos/Predicao_Cafe_Arabica/Teste_2_reuniao_16_dez_ajuste_seed_16_01_2026/temp_models/trial_33
Modelo LSTM. Treino: 2012 a 2019. Validação: 2020. Teste: 2021.
Dataset: V44. Log Transform: Não.
Obs: ajuste de seed

Hyperparams:
input_size: 7, h: 1, lr: 0.0001019534127611975, batch: 32, encoder n layers: 2, decoder layers: 2",2026-01-18T14:00:07
2020_cluster_1,Patis,2020-12-31T00:00:00,3.6,2.1779356,39.5,validacao,V44,LSTM,"/media/marcos/Marcos/Codigos/Predicao_Cafe_Arabica/Teste_2_reuniao_16_dez_ajuste_seed_16_01_2026/temp_models/trial_33
Modelo LSTM. Treino: 2012 a 2019. Validação: 2020. Teste: 2021.
Dataset: V44. Log Transform: Não.
Obs: ajuste de seed

Hyperparams:
input_size: 7, h: 1, lr: 0.0001019534127611975, batch: 32, encoder n layers: 2, decoder layers: 2",2026-01-18T14:00:07
2020_cluster_1,Patos_de_Minas,2020-12-31T00:00:00,1.941759465478842,1.7730532,8.69,validacao,V44,LSTM,"/media/marcos/Marcos/Codigos/Predicao_Cafe_Arabica/Teste_2_reuniao_16_dez_ajuste_seed_16_01_2026/temp_models/trial_33
Modelo LSTM. Treino: 2012 a 2019. Validação: 2020. Teste: 2021.
Dataset: V44. Log Transform: Não.
Obs: ajuste de seed

Hyperparams:
input_size: 7, h: 1, lr: 0.0001019534127611975, batch: 32, encoder n layers: 2, decoder layers: 2",2026-01-18T14:00:07
2020_cluster_1,Patrocinio,2020-12-31T00:00:00,1.747998623695378,1.7795708,1.81,validacao,V44,LSTM,"/media/marcos/Marcos/Codigos/Predicao_Cafe_Arabica/Teste_2_reuniao_16_dez_ajuste_seed_16_01_2026/temp_models/trial_33
Modelo LSTM. Treino: 2012 a 2019. Validação: 2020. Teste: 2021.
Dataset: V44. Log Transform: Não.
Obs: ajuste de seed

Hyperparams:
input_size: 7, h: 1, lr: 0.0001019534127611975, batch: 32, encoder n layers: 2, decoder layers: 2",2026-01-18T14:00:07
2020_cluster_1,Pedrinopolis,2020-12-31T00:00:00,2.158490566037736,1.5960584,26.06,validacao,V44,LSTM,"/media/marcos/Marcos/Codigos/Predicao_Cafe_Arabica/Teste_2_reuniao_16_dez_ajuste_seed_16_01_2026/temp_models/trial_33
Modelo LSTM. Treino: 2012 a 2019. Validação: 2020. Teste: 2021.
Dataset: V44. Log Transform: Não.
Obs: ajuste de seed

Hyperparams:
input_size: 7, h: 1, lr: 0.0001019534127611975, batch: 32, encoder n layers: 2, decoder layers: 2",2026-01-18T14:00:07
2020_cluster_1,Perdizes,2020-12-31T00:00:00,2.050845253576073,1.7615409,14.11,validacao,V44,LSTM,"/media/marcos/Marcos/Codigos/Predicao_Cafe_Arabica/Teste_2_reuniao_16_dez_ajuste_seed_16_01_2026/temp_models/trial_33
Modelo LSTM. Treino: 2012 a 2019. Validação: 2020. Teste: 2021.
Dataset: V44. Log Transform: Não.
Obs: ajuste de seed

Hyperparams:
input_size: 7, h: 1, lr: 0.0001019534127611975, batch: 32, encoder n layers: 2, decoder layers: 2",2026-01-18T14:00:07
2020_cluster_1,Piracema,2020-12-31T00:00:00,1.333333333333333,1.381459,3.61,validacao,V44,LSTM,"/media/marcos/Marcos/Codigos/Predicao_Cafe_Arabica/Teste_2_reuniao_16_dez_ajuste_seed_16_01_2026/temp_models/trial_33
Modelo LSTM. Treino: 2012 a 2019. Validação: 2020. Teste: 2021.
Dataset: V44. Log Transform: Não.
Obs: ajuste de seed

Hyperparams:
input_size: 7, h: 1, lr: 0.0001019534127611975, batch: 32, encoder n layers: 2, decoder layers: 2",2026-01-18T14:00:07
2020_cluster_1,Ponto_dos_Volantes,2020-12-31T00:00:00,0.631578947368421,0.5491508,13.05,validacao,V44,LSTM,"/media/marcos/Marcos/Codigos/Predicao_Cafe_Arabica/Teste_2_reuniao_16_dez_ajuste_seed_16_01_2026/temp_models/trial_33
Modelo LSTM. Treino: 2012 a 2019. Validação: 2020. Teste: 2021.
Dataset: V44. Log Transform: Não.
Obs: ajuste de seed

Hyperparams:
input_size: 7, h: 1, lr: 0.0001019534127611975, batch: 32, encoder n layers: 2, decoder layers: 2",2026-01-18T14:00:07
2020_cluster_1,Pratapolis,2020-12-31T00:00:00,2.402298850574712,1.8796923,21.75,validacao,V44,LSTM,"/media/marcos/Marcos/Codigos/Predicao_Cafe_Arabica/Teste_2_reuniao_16_dez_ajuste_seed_16_01_2026/temp_models/trial_33
Modelo LSTM. Treino: 2012 a 2019. Validação: 2020. Teste: 2021.
Dataset: V44. Log Transform: Não.
Obs: ajuste de seed

Hyperparams:
input_size: 7, h: 1, lr: 0.0001019534127611975, batch: 32, encoder n layers: 2, decoder layers: 2",2026-01-18T14:00:07
2020_cluster_1,Pratinha,2020-12-31T00:00:00,2.1,1.6755506,20.21,validacao,V44,LSTM,"/media/marcos/Marcos/Codigos/Predicao_Cafe_Arabica/Teste_2_reuniao_16_dez_ajuste_seed_16_01_2026/temp_models/trial_33
Modelo LSTM. Treino: 2012 a 2019. Validação: 2020. Teste: 2021.
Dataset: V44. Log Transform: Não.
Obs: ajuste de seed

Hyperparams:
input_size: 7, h: 1, lr: 0.0001019534127611975, batch: 32, encoder n layers: 2, decoder layers: 2",2026-01-18T14:00:07
2020_cluster_1,Presidente_Kubitschek,2020-12-31T00:00:00,1.789473684210526,1.234873,30.99,validacao,V44,LSTM,"/media/marcos/Marcos/Codigos/Predicao_Cafe_Arabica/Teste_2_reuniao_16_dez_ajuste_seed_16_01_2026/temp_models/trial_33
Modelo LSTM. Treino: 2012 a 2019. Validação: 2020. Teste: 2021.
Dataset: V44. Log Transform: Não.
Obs: ajuste de seed

Hyperparams:
input_size: 7, h: 1, lr: 0.0001019534127611975, batch: 32, encoder n layers: 2, decoder layers: 2",2026-01-18T14:00:07
2020_cluster_1,Presidente_Olegario,2020-12-31T00:00:00,1.981422924901186,2.156844,8.85,validacao,V44,LSTM,"/media/marcos/Marcos/Codigos/Predicao_Cafe_Arabica/Teste_2_reuniao_16_dez_ajuste_seed_16_01_2026/temp_models/trial_33
Modelo LSTM. Treino: 2012 a 2019. Validação: 2020. Teste: 2021.
Dataset: V44. Log Transform: Não.
Obs: ajuste de seed

Hyperparams:
input_size: 7, h: 1, lr: 0.0001019534127611975, batch: 32, encoder n layers: 2, decoder layers: 2",2026-01-18T14:00:07
2020_cluster_1,Quartel_Geral,2020-12-31T00:00:00,3.6,3.2374876,10.07,validacao,V44,LSTM,"/media/marcos/Marcos/Codigos/Predicao_Cafe_Arabica/Teste_2_reuniao_16_dez_ajuste_seed_16_01_2026/temp_models/trial_33
Modelo LSTM. Treino: 2012 a 2019. Validação: 2020. Teste: 2021.
Dataset: V44. Log Transform: Não.
Obs: ajuste de seed

Hyperparams:
input_size: 7, h: 1, lr: 0.0001019534127611975, batch: 32, encoder n layers: 2, decoder layers: 2",2026-01-18T14:00:07
2020_cluster_1,Rio_Paranaiba,2020-12-31T00:00:00,1.818897637795276,1.7904269,1.57,validacao,V44,LSTM,"/media/marcos/Marcos/Codigos/Predicao_Cafe_Arabica/Teste_2_reuniao_16_dez_ajuste_seed_16_01_2026/temp_models/trial_33
Modelo LSTM. Treino: 2012 a 2019. Validação: 2020. Teste: 2021.
Dataset: V44. Log Transform: Não.
Obs: ajuste de seed

Hyperparams:
input_size: 7, h: 1, lr: 0.0001019534127611975, batch: 32, encoder n layers: 2, decoder layers: 2",2026-01-18T14:00:07
2020_cluster_1,Rio_Vermelho,2020-12-31T00:00:00,0.9333333333333332,1.1615828,24.46,validacao,V44,LSTM,"/media/marcos/Marcos/Codigos/Predicao_Cafe_Arabica/Teste_2_reuniao_16_dez_ajuste_seed_16_01_2026/temp_models/trial_33
Modelo LSTM. Treino: 2012 a 2019. Validação: 2020. Teste: 2021.
Dataset: V44. Log Transform: Não.
Obs: ajuste de seed

Hyperparams:
input_size: 7, h: 1, lr: 0.0001019534127611975, batch: 32, encoder n layers: 2, decoder layers: 2",2026-01-18T14:00:07
2020_cluster_1,Romaria,2020-12-31T00:00:00,2.330769230769231,2.1031036,9.77,validacao,V44,LSTM,"/media/marcos/Marcos/Codigos/Predicao_Cafe_Arabica/Teste_2_reuniao_16_dez_ajuste_seed_16_01_2026/temp_models/trial_33
Modelo LSTM. Treino: 2012 a 2019. Validação: 2020. Teste: 2021.
Dataset: V44. Log Transform: Não.
Obs: ajuste de seed

Hyperparams:
input_size: 7, h: 1, lr: 0.0001019534127611975, batch: 32, encoder n layers: 2, decoder layers: 2",2026-01-18T14:00:07
2020_cluster_1,Sacramento,2020-12-31T00:00:00,1.832142857142857,1.5521322,15.28,validacao,V44,LSTM,"/media/marcos/Marcos/Codigos/Predicao_Cafe_Arabica/Teste_2_reuniao_16_dez_ajuste_seed_16_01_2026/temp_models/trial_33
Modelo LSTM. Treino: 2012 a 2019. Validação: 2020. Teste: 2021.
Dataset: V44. Log Transform: Não.
Obs: ajuste de seed

Hyperparams:
input_size: 7, h: 1, lr: 0.0001019534127611975, batch: 32, encoder n layers: 2, decoder layers: 2",2026-01-18T14:00:07
2020_cluster_1,Santa_Rosa_da_Serra,2020-12-31T00:00:00,2.1,1.9765017,5.88,validacao,V44,LSTM,"/media/marcos/Marcos/Codigos/Predicao_Cafe_Arabica/Teste_2_reuniao_16_dez_ajuste_seed_16_01_2026/temp_models/trial_33
Modelo LSTM. Treino: 2012 a 2019. Validação: 2020. Teste: 2021.
Dataset: V44. Log Transform: Não.
Obs: ajuste de seed

Hyperparams:
input_size: 7, h: 1, lr: 0.0001019534127611975, batch: 32, encoder n layers: 2, decoder layers: 2",2026-01-18T14:00:07
2020_cluster_1,Santo_Antonio_do_Amparo,2020-12-31T00:00:00,2.1,1.6558752,21.15,validacao,V44,LSTM,"/media/marcos/Marcos/Codigos/Predicao_Cafe_Arabica/Teste_2_reuniao_16_dez_ajuste_seed_16_01_2026/temp_models/trial_33
Modelo LSTM. Treino: 2012 a 2019. Validação: 2020. Teste: 2021.
Dataset: V44. Log Transform: Não.
Obs: ajuste de seed

Hyperparams:
input_size: 7, h: 1, lr: 0.0001019534127611975, batch: 32, encoder n layers: 2, decoder layers: 2",2026-01-18T14:00:07
2020_cluster_1,Sao_Goncalo_do_Abaete,2020-12-31T00:00:00,2.44,2.353702,3.54,validacao,V44,LSTM,"/media/marcos/Marcos/Codigos/Predicao_Cafe_Arabica/Teste_2_reuniao_16_dez_ajuste_seed_16_01_2026/temp_models/trial_33
Modelo LSTM. Treino: 2012 a 2019. Validação: 2020. Teste: 2021.
Dataset: V44. Log Transform: Não.
Obs: ajuste de seed

Hyperparams:
input_size: 7, h: 1, lr: 0.0001019534127611975, batch: 32, encoder n layers: 2, decoder layers: 2",2026-01-18T14:00:07
2020_cluster_1,Sao_Gotardo,2020-12-31T00:00:00,1.38027397260274,1.7834544,29.21,validacao,V44,LSTM,"/media/marcos/Marcos/Codigos/Predicao_Cafe_Arabica/Teste_2_reuniao_16_dez_ajuste_seed_16_01_2026/temp_models/trial_33
Modelo LSTM. Treino: 2012 a 2019. Validação: 2020. Teste: 2021.
Dataset: V44. Log Transform: Não.
Obs: ajuste de seed

Hyperparams:
input_size: 7, h: 1, lr: 0.0001019534127611975, batch: 32, encoder n layers: 2, decoder layers: 2",2026-01-18T14:00:07
2020_cluster_1,Sao_Joao_Batista_do_Gloria,2020-12-31T00:00:00,1.5,1.6063199,7.09,validacao,V44,LSTM,"/media/marcos/Marcos/Codigos/Predicao_Cafe_Arabica/Teste_2_reuniao_16_dez_ajuste_seed_16_01_2026/temp_models/trial_33
Modelo LSTM. Treino: 2012 a 2019. Validação: 2020. Teste: 2021.
Dataset: V44. Log Transform: Não.
Obs: ajuste de seed

Hyperparams:
input_size: 7, h: 1, lr: 0.0001019534127611975, batch: 32, encoder n layers: 2, decoder layers: 2",2026-01-18T14:00:07
2020_cluster_1,Sao_Pedro_da_Uniao,2020-12-31T00:00:00,2.1,1.6816261,19.92,validacao,V44,LSTM,"/media/marcos/Marcos/Codigos/Predicao_Cafe_Arabica/Teste_2_reuniao_16_dez_ajuste_seed_16_01_2026/temp_models/trial_33
Modelo LSTM. Treino: 2012 a 2019. Validação: 2020. Teste: 2021.
Dataset: V44. Log Transform: Não.
Obs: ajuste de seed

Hyperparams:
input_size: 7, h: 1, lr: 0.0001019534127611975, batch: 32, encoder n layers: 2, decoder layers: 2",2026-01-18T14:00:07
2020_cluster_1,Sao_Sebastiao_do_Paraiso,2020-12-31T00:00:00,1.929071661237785,1.6135306,16.36,validacao,V44,LSTM,"/media/marcos/Marcos/Codigos/Predicao_Cafe_Arabica/Teste_2_reuniao_16_dez_ajuste_seed_16_01_2026/temp_models/trial_33
Modelo LSTM. Treino: 2012 a 2019. Validação: 2020. Teste: 2021.
Dataset: V44. Log Transform: Não.
Obs: ajuste de seed

Hyperparams:
input_size: 7, h: 1, lr: 0.0001019534127611975, batch: 32, encoder n layers: 2, decoder layers: 2",2026-01-18T14:00:07
2020_cluster_1,Serra_do_Salitre,2020-12-31T00:00:00,1.8,1.9214724,6.75,validacao,V44,LSTM,"/media/marcos/Marcos/Codigos/Predicao_Cafe_Arabica/Teste_2_reuniao_16_dez_ajuste_seed_16_01_2026/temp_models/trial_33
Modelo LSTM. Treino: 2012 a 2019. Validação: 2020. Teste: 2021.
Dataset: V44. Log Transform: Não.
Obs: ajuste de seed

Hyperparams:
input_size: 7, h: 1, lr: 0.0001019534127611975, batch: 32, encoder n layers: 2, decoder layers: 2",2026-01-18T14:00:07
2020_cluster_1,Tapira,2020-12-31T00:00:00,2.101369863013699,1.8416436,12.36,validacao,V44,LSTM,"/media/marcos/Marcos/Codigos/Predicao_Cafe_Arabica/Teste_2_reuniao_16_dez_ajuste_seed_16_01_2026/temp_models/trial_33
Modelo LSTM. Treino: 2012 a 2019. Validação: 2020. Teste: 2021.
Dataset: V44. Log Transform: Não.
Obs: ajuste de seed

Hyperparams:
input_size: 7, h: 1, lr: 0.0001019534127611975, batch: 32, encoder n layers: 2, decoder layers: 2",2026-01-18T14:00:07
2020_cluster_1,Tiros,2020-12-31T00:00:00,1.740235294117647,2.0949976,20.39,validacao,V44,LSTM,"/media/marcos/Marcos/Codigos/Predicao_Cafe_Arabica/Teste_2_reuniao_16_dez_ajuste_seed_16_01_2026/temp_models/trial_33
Modelo LSTM. Treino: 2012 a 2019. Validação: 2020. Teste: 2021.
Dataset: V44. Log Transform: Não.
Obs: ajuste de seed

Hyperparams:
input_size: 7, h: 1, lr: 0.0001019534127611975, batch: 32, encoder n layers: 2, decoder layers: 2",2026-01-18T14:00:07
2020_cluster_1,Tupaciguara,2020-12-31T00:00:00,2.1,2.1944845,4.5,validacao,V44,LSTM,"/media/marcos/Marcos/Codigos/Predicao_Cafe_Arabica/Teste_2_reuniao_16_dez_ajuste_seed_16_01_2026/temp_models/trial_33
Modelo LSTM. Treino: 2012 a 2019. Validação: 2020. Teste: 2021.
Dataset: V44. Log Transform: Não.
Obs: ajuste de seed

Hyperparams:
input_size: 7, h: 1, lr: 0.0001019534127611975, batch: 32, encoder n layers: 2, decoder layers: 2",2026-01-18T14:00:07
2020_cluster_1,Uberaba,2020-12-31T00:00:00,2.532558139534884,2.0377676,19.54,validacao,V44,LSTM,"/media/marcos/Marcos/Codigos/Predicao_Cafe_Arabica/Teste_2_reuniao_16_dez_ajuste_seed_16_01_2026/temp_models/trial_33
Modelo LSTM. Treino: 2012 a 2019. Validação: 2020. Teste: 2021.
Dataset: V44. Log Transform: Não.
Obs: ajuste de seed

Hyperparams:
input_size: 7, h: 1, lr: 0.0001019534127611975, batch: 32, encoder n layers: 2, decoder layers: 2",2026-01-18T14:00:07
2020_cluster_1,Uberlandia,2020-12-31T00:00:00,1.920754716981132,1.9517174,1.61,validacao,V44,LSTM,"/media/marcos/Marcos/Codigos/Predicao_Cafe_Arabica/Teste_2_reuniao_16_dez_ajuste_seed_16_01_2026/temp_models/trial_33
Modelo LSTM. Treino: 2012 a 2019. Validação: 2020. Teste: 2021.
Dataset: V44. Log Transform: Não.
Obs: ajuste de seed

Hyperparams:
input_size: 7, h: 1, lr: 0.0001019534127611975, batch: 32, encoder n layers: 2, decoder layers: 2",2026-01-18T14:00:07
2020_cluster_1,Unai,2020-12-31T00:00:00,2.339890710382514,2.8884308,23.44,validacao,V44,LSTM,"/media/marcos/Marcos/Codigos/Predicao_Cafe_Arabica/Teste_2_reuniao_16_dez_ajuste_seed_16_01_2026/temp_models/trial_33
Modelo LSTM. Treino: 2012 a 2019. Validação: 2020. Teste: 2021.
Dataset: V44. Log Transform: Não.
Obs: ajuste de seed

Hyperparams:
input_size: 7, h: 1, lr: 0.0001019534127611975, batch: 32, encoder n layers: 2, decoder layers: 2",2026-01-18T14:00:07
2020_cluster_1,Varginha,2020-12-31T00:00:00,1.899977968715576,1.7350591,8.68,validacao,V44,LSTM,"/media/marcos/Marcos/Codigos/Predicao_Cafe_Arabica/Teste_2_reuniao_16_dez_ajuste_seed_16_01_2026/temp_models/trial_33
Modelo LSTM. Treino: 2012 a 2019. Validação: 2020. Teste: 2021.
Dataset: V44. Log Transform: Não.
Obs: ajuste de seed

Hyperparams:
input_size: 7, h: 1, lr: 0.0001019534127611975, batch: 32, encoder n layers: 2, decoder layers: 2",2026-01-18T14:00:07
2020_cluster_1,Varjao_de_Minas,2020-12-31T00:00:00,2.519786096256685,2.4777071,1.67,validacao,V44,LSTM,"/media/marcos/Marcos/Codigos/Predicao_Cafe_Arabica/Teste_2_reuniao_16_dez_ajuste_seed_16_01_2026/temp_models/trial_33
Modelo LSTM. Treino: 2012 a 2019. Validação: 2020. Teste: 2021.
Dataset: V44. Log Transform: Não.
Obs: ajuste de seed

Hyperparams:
input_size: 7, h: 1, lr: 0.0001019534127611975, batch: 32, encoder n layers: 2, decoder layers: 2",2026-01-18T14:00:07
2020_cluster_1,Virginopolis,2020-12-31T00:00:00,1.626666666666667,1.3013812,20.0,validacao,V44,LSTM,"/media/marcos/Marcos/Codigos/Predicao_Cafe_Arabica/Teste_2_reuniao_16_dez_ajuste_seed_16_01_2026/temp_models/trial_33
Modelo LSTM. Treino: 2012 a 2019. Validação: 2020. Teste: 2021.
Dataset: V44. Log Transform: Não.
Obs: ajuste de seed

Hyperparams:
input_size: 7, h: 1, lr: 0.0001019534127611975, batch: 32, encoder n layers: 2, decoder layers: 2",2026-01-18T14:00:07
2020_cluster_1,Almenara,2021-12-31T00:00:00,0.78,0.9550214,22.44,teste,V44,LSTM,"/media/marcos/Marcos/Codigos/Predicao_Cafe_Arabica/Teste_2_reuniao_16_dez_ajuste_seed_16_01_2026/temp_models/trial_33
Modelo LSTM. Treino: 2012 a 2019. Validação: 2020. Teste: 2021.
Dataset: V44. Log Transform: Não.
Obs: ajuste de seed

Hyperparams:
input_size: 7, h: 1, lr: 0.0001019534127611975, batch: 32, encoder n layers: 2, decoder layers: 2",2026-01-18T14:00:07
2020_cluster_1,Alpinopolis,2021-12-31T00:00:00,1.67993145468393,2.0567675,22.43,teste,V44,LSTM,"/media/marcos/Marcos/Codigos/Predicao_Cafe_Arabica/Teste_2_reuniao_16_dez_ajuste_seed_16_01_2026/temp_models/trial_33
Modelo LSTM. Treino: 2012 a 2019. Validação: 2020. Teste: 2021.
Dataset: V44. Log Transform: Não.
Obs: ajuste de seed

Hyperparams:
input_size: 7, h: 1, lr: 0.0001019534127611975, batch: 32, encoder n layers: 2, decoder layers: 2",2026-01-18T14:00:07
2020_cluster_1,Alterosa,2021-12-31T00:00:00,1.08,1.4908601,38.04,teste,V44,LSTM,"/media/marcos/Marcos/Codigos/Predicao_Cafe_Arabica/Teste_2_reuniao_16_dez_ajuste_seed_16_01_2026/temp_models/trial_33
Modelo LSTM. Treino: 2012 a 2019. Validação: 2020. Teste: 2021.
Dataset: V44. Log Transform: Não.
Obs: ajuste de seed

Hyperparams:
input_size: 7, h: 1, lr: 0.0001019534127611975, batch: 32, encoder n layers: 2, decoder layers: 2",2026-01-18T14:00:07
2020_cluster_1,Andradas,2021-12-31T00:00:00,1.26,1.1797848,6.37,teste,V44,LSTM,"/media/marcos/Marcos/Codigos/Predicao_Cafe_Arabica/Teste_2_reuniao_16_dez_ajuste_seed_16_01_2026/temp_models/trial_33
Modelo LSTM. Treino: 2012 a 2019. Validação: 2020. Teste: 2021.
Dataset: V44. Log Transform: Não.
Obs: ajuste de seed

Hyperparams:
input_size: 7, h: 1, lr: 0.0001019534127611975, batch: 32, encoder n layers: 2, decoder layers: 2",2026-01-18T14:00:07
2020_cluster_1,Araguari,2021-12-31T00:00:00,1.860034013605442,2.0048451,7.79,teste,V44,LSTM,"/media/marcos/Marcos/Codigos/Predicao_Cafe_Arabica/Teste_2_reuniao_16_dez_ajuste_seed_16_01_2026/temp_models/trial_33
Modelo LSTM. Treino: 2012 a 2019. Validação: 2020. Teste: 2021.
Dataset: V44. Log Transform: Não.
Obs: ajuste de seed

Hyperparams:
input_size: 7, h: 1, lr: 0.0001019534127611975, batch: 32, encoder n layers: 2, decoder layers: 2",2026-01-18T14:00:07
2020_cluster_1,Arapua,2021-12-31T00:00:00,1.32,1.424866,7.94,teste,V44,LSTM,"/media/marcos/Marcos/Codigos/Predicao_Cafe_Arabica/Teste_2_reuniao_16_dez_ajuste_seed_16_01_2026/temp_models/trial_33
Modelo LSTM. Treino: 2012 a 2019. Validação: 2020. Teste: 2021.
Dataset: V44. Log Transform: Não.
Obs: ajuste de seed

Hyperparams:
input_size: 7, h: 1, lr: 0.0001019534127611975, batch: 32, encoder n layers: 2, decoder layers: 2",2026-01-18T14:00:07
2020_cluster_1,Araxa,2021-12-31T00:00:00,1.250440917107584,1.6459484,31.63,teste,V44,LSTM,"/media/marcos/Marcos/Codigos/Predicao_Cafe_Arabica/Teste_2_reuniao_16_dez_ajuste_seed_16_01_2026/temp_models/trial_33
Modelo LSTM. Treino: 2012 a 2019. Validação: 2020. Teste: 2021.
Dataset: V44. Log Transform: Não.
Obs: ajuste de seed

Hyperparams:
input_size: 7, h: 1, lr: 0.0001019534127611975, batch: 32, encoder n layers: 2, decoder layers: 2",2026-01-18T14:00:07
2020_cluster_1,Arceburgo,2021-12-31T00:00:00,1.354903268845897,1.4573473,7.56,teste,V44,LSTM,"/media/marcos/Marcos/Codigos/Predicao_Cafe_Arabica/Teste_2_reuniao_16_dez_ajuste_seed_16_01_2026/temp_models/trial_33
Modelo LSTM. Treino: 2012 a 2019. Validação: 2020. Teste: 2021.
Dataset: V44. Log Transform: Não.
Obs: ajuste de seed

Hyperparams:
input_size: 7, h: 1, lr: 0.0001019534127611975, batch: 32, encoder n layers: 2, decoder layers: 2",2026-01-18T14:00:07
2020_cluster_1,Areado,2021-12-31T00:00:00,1.522842639593909,1.6138091,5.97,teste,V44,LSTM,"/media/marcos/Marcos/Codigos/Predicao_Cafe_Arabica/Teste_2_reuniao_16_dez_ajuste_seed_16_01_2026/temp_models/trial_33
Modelo LSTM. Treino: 2012 a 2019. Validação: 2020. Teste: 2021.
Dataset: V44. Log Transform: Não.
Obs: ajuste de seed

Hyperparams:
input_size: 7, h: 1, lr: 0.0001019534127611975, batch: 32, encoder n layers: 2, decoder layers: 2",2026-01-18T14:00:07
2020_cluster_1,Bom_Jesus_da_Penha,2021-12-31T00:00:00,1.519900497512438,1.9439687,27.9,teste,V44,LSTM,"/media/marcos/Marcos/Codigos/Predicao_Cafe_Arabica/Teste_2_reuniao_16_dez_ajuste_seed_16_01_2026/temp_models/trial_33
Modelo LSTM. Treino: 2012 a 2019. Validação: 2020. Teste: 2021.
Dataset: V44. Log Transform: Não.
Obs: ajuste de seed

Hyperparams:
input_size: 7, h: 1, lr: 0.0001019534127611975, batch: 32, encoder n layers: 2, decoder layers: 2",2026-01-18T14:00:07
2020_cluster_1,Botelhos,2021-12-31T00:00:00,1.26,1.549969,23.01,teste,V44,LSTM,"/media/marcos/Marcos/Codigos/Predicao_Cafe_Arabica/Teste_2_reuniao_16_dez_ajuste_seed_16_01_2026/temp_models/trial_33
Modelo LSTM. Treino: 2012 a 2019. Validação: 2020. Teste: 2021.
Dataset: V44. Log Transform: Não.
Obs: ajuste de seed

Hyperparams:
input_size: 7, h: 1, lr: 0.0001019534127611975, batch: 32, encoder n layers: 2, decoder layers: 2",2026-01-18T14:00:07
2020_cluster_1,Botumirim,2021-12-31T00:00:00,0.7241379310344828,0.77816075,7.46,teste,V44,LSTM,"/media/marcos/Marcos/Codigos/Predicao_Cafe_Arabica/Teste_2_reuniao_16_dez_ajuste_seed_16_01_2026/temp_models/trial_33
Modelo LSTM. Treino: 2012 a 2019. Validação: 2020. Teste: 2021.
Dataset: V44. Log Transform: Não.
Obs: ajuste de seed

Hyperparams:
input_size: 7, h: 1, lr: 0.0001019534127611975, batch: 32, encoder n layers: 2, decoder layers: 2",2026-01-18T14:00:07
2020_cluster_1,Cabo_Verde,2021-12-31T00:00:00,1.32,1.7774528,34.66,teste,V44,LSTM,"/media/marcos/Marcos/Codigos/Predicao_Cafe_Arabica/Teste_2_reuniao_16_dez_ajuste_seed_16_01_2026/temp_models/trial_33
Modelo LSTM. Treino: 2012 a 2019. Validação: 2020. Teste: 2021.
Dataset: V44. Log Transform: Não.
Obs: ajuste de seed

Hyperparams:
input_size: 7, h: 1, lr: 0.0001019534127611975, batch: 32, encoder n layers: 2, decoder layers: 2",2026-01-18T14:00:07
2020_cluster_1,Campestre,2021-12-31T00:00:00,1.289960238568588,1.5444851,19.73,teste,V44,LSTM,"/media/marcos/Marcos/Codigos/Predicao_Cafe_Arabica/Teste_2_reuniao_16_dez_ajuste_seed_16_01_2026/temp_models/trial_33
Modelo LSTM. Treino: 2012 a 2019. Validação: 2020. Teste: 2021.
Dataset: V44. Log Transform: Não.
Obs: ajuste de seed

Hyperparams:
input_size: 7, h: 1, lr: 0.0001019534127611975, batch: 32, encoder n layers: 2, decoder layers: 2",2026-01-18T14:00:07
2020_cluster_1,Capetinga,2021-12-31T00:00:00,1.64,1.8225573,11.13,teste,V44,LSTM,"/media/marcos/Marcos/Codigos/Predicao_Cafe_Arabica/Teste_2_reuniao_16_dez_ajuste_seed_16_01_2026/temp_models/trial_33
Modelo LSTM. Treino: 2012 a 2019. Validação: 2020. Teste: 2021.
Dataset: V44. Log Transform: Não.
Obs: ajuste de seed

Hyperparams:
input_size: 7, h: 1, lr: 0.0001019534127611975, batch: 32, encoder n layers: 2, decoder layers: 2",2026-01-18T14:00:07
2020_cluster_1,Carmo_do_Paranaiba,2021-12-31T00:00:00,1.541078066914498,1.8576376,20.54,teste,V44,LSTM,"/media/marcos/Marcos/Codigos/Predicao_Cafe_Arabica/Teste_2_reuniao_16_dez_ajuste_seed_16_01_2026/temp_models/trial_33
Modelo LSTM. Treino: 2012 a 2019. Validação: 2020. Teste: 2021.
Dataset: V44. Log Transform: Não.
Obs: ajuste de seed

Hyperparams:
input_size: 7, h: 1, lr: 0.0001019534127611975, batch: 32, encoder n layers: 2, decoder layers: 2",2026-01-18T14:00:07
2020_cluster_1,Cascalho_Rico,2021-12-31T00:00:00,1.941176470588235,1.9213113,1.02,teste,V44,LSTM,"/media/marcos/Marcos/Codigos/Predicao_Cafe_Arabica/Teste_2_reuniao_16_dez_ajuste_seed_16_01_2026/temp_models/trial_33
Modelo LSTM. Treino: 2012 a 2019. Validação: 2020. Teste: 2021.
Dataset: V44. Log Transform: Não.
Obs: ajuste de seed

Hyperparams:
input_size: 7, h: 1, lr: 0.0001019534127611975, batch: 32, encoder n layers: 2, decoder layers: 2",2026-01-18T14:00:07
2020_cluster_1,Claraval,2021-12-31T00:00:00,1.050113378684807,1.900296,80.96,teste,V44,LSTM,"/media/marcos/Marcos/Codigos/Predicao_Cafe_Arabica/Teste_2_reuniao_16_dez_ajuste_seed_16_01_2026/temp_models/trial_33
Modelo LSTM. Treino: 2012 a 2019. Validação: 2020. Teste: 2021.
Dataset: V44. Log Transform: Não.
Obs: ajuste de seed

Hyperparams:
input_size: 7, h: 1, lr: 0.0001019534127611975, batch: 32, encoder n layers: 2, decoder layers: 2",2026-01-18T14:00:07
2020_cluster_1,Conceicao_da_Aparecida,2021-12-31T00:00:00,1.62,2.0028222,23.63,teste,V44,LSTM,"/media/marcos/Marcos/Codigos/Predicao_Cafe_Arabica/Teste_2_reuniao_16_dez_ajuste_seed_16_01_2026/temp_models/trial_33
Modelo LSTM. Treino: 2012 a 2019. Validação: 2020. Teste: 2021.
Dataset: V44. Log Transform: Não.
Obs: ajuste de seed

Hyperparams:
input_size: 7, h: 1, lr: 0.0001019534127611975, batch: 32, encoder n layers: 2, decoder layers: 2",2026-01-18T14:00:07
2020_cluster_1,Coromandel,2021-12-31T00:00:00,1.249939246658566,1.810256,44.83,teste,V44,LSTM,"/media/marcos/Marcos/Codigos/Predicao_Cafe_Arabica/Teste_2_reuniao_16_dez_ajuste_seed_16_01_2026/temp_models/trial_33
Modelo LSTM. Treino: 2012 a 2019. Validação: 2020. Teste: 2021.
Dataset: V44. Log Transform: Não.
Obs: ajuste de seed

Hyperparams:
input_size: 7, h: 1, lr: 0.0001019534127611975, batch: 32, encoder n layers: 2, decoder layers: 2",2026-01-18T14:00:07
2020_cluster_1,Corrego_Fundo,2021-12-31T00:00:00,1.198412698412698,1.5993507,33.46,teste,V44,LSTM,"/media/marcos/Marcos/Codigos/Predicao_Cafe_Arabica/Teste_2_reuniao_16_dez_ajuste_seed_16_01_2026/temp_models/trial_33
Modelo LSTM. Treino: 2012 a 2019. Validação: 2020. Teste: 2021.
Dataset: V44. Log Transform: Não.
Obs: ajuste de seed

Hyperparams:
input_size: 7, h: 1, lr: 0.0001019534127611975, batch: 32, encoder n layers: 2, decoder layers: 2",2026-01-18T14:00:07
2020_cluster_1,Cruzeiro_da_Fortaleza,2021-12-31T00:00:00,1.800184162062615,1.7883725,0.66,teste,V44,LSTM,"/media/marcos/Marcos/Codigos/Predicao_Cafe_Arabica/Teste_2_reuniao_16_dez_ajuste_seed_16_01_2026/temp_models/trial_33
Modelo LSTM. Treino: 2012 a 2019. Validação: 2020. Teste: 2021.
Dataset: V44. Log Transform: Não.
Obs: ajuste de seed

Hyperparams:
input_size: 7, h: 1, lr: 0.0001019534127611975, batch: 32, encoder n layers: 2, decoder layers: 2",2026-01-18T14:00:07
2020_cluster_1,Delfinopolis,2021-12-31T00:00:00,0.9,1.4722679,63.59,teste,V44,LSTM,"/media/marcos/Marcos/Codigos/Predicao_Cafe_Arabica/Teste_2_reuniao_16_dez_ajuste_seed_16_01_2026/temp_models/trial_33
Modelo LSTM. Treino: 2012 a 2019. Validação: 2020. Teste: 2021.
Dataset: V44. Log Transform: Não.
Obs: ajuste de seed

Hyperparams:
input_size: 7, h: 1, lr: 0.0001019534127611975, batch: 32, encoder n layers: 2, decoder layers: 2",2026-01-18T14:00:07
2020_cluster_1,Divisa_Nova,2021-12-31T00:00:00,1.260131950989632,1.4178193,12.51,teste,V44,LSTM,"/media/marcos/Marcos/Codigos/Predicao_Cafe_Arabica/Teste_2_reuniao_16_dez_ajuste_seed_16_01_2026/temp_models/trial_33
Modelo LSTM. Treino: 2012 a 2019. Validação: 2020. Teste: 2021.
Dataset: V44. Log Transform: Não.
Obs: ajuste de seed

Hyperparams:
input_size: 7, h: 1, lr: 0.0001019534127611975, batch: 32, encoder n layers: 2, decoder layers: 2",2026-01-18T14:00:07
2020_cluster_1,Dom_Cavati,2021-12-31T00:00:00,0.6,0.8803813,46.73,teste,V44,LSTM,"/media/marcos/Marcos/Codigos/Predicao_Cafe_Arabica/Teste_2_reuniao_16_dez_ajuste_seed_16_01_2026/temp_models/trial_33
Modelo LSTM. Treino: 2012 a 2019. Validação: 2020. Teste: 2021.
Dataset: V44. Log Transform: Não.
Obs: ajuste de seed

Hyperparams:
input_size: 7, h: 1, lr: 0.0001019534127611975, batch: 32, encoder n layers: 2, decoder layers: 2",2026-01-18T14:00:07
2020_cluster_1,Dores_do_Turvo,2021-12-31T00:00:00,1.5,1.0640795,29.06,teste,V44,LSTM,"/media/marcos/Marcos/Codigos/Predicao_Cafe_Arabica/Teste_2_reuniao_16_dez_ajuste_seed_16_01_2026/temp_models/trial_33
Modelo LSTM. Treino: 2012 a 2019. Validação: 2020. Teste: 2021.
Dataset: V44. Log Transform: Não.
Obs: ajuste de seed

Hyperparams:
input_size: 7, h: 1, lr: 0.0001019534127611975, batch: 32, encoder n layers: 2, decoder layers: 2",2026-01-18T14:00:07
2020_cluster_1,Estrela_do_Indaia,2021-12-31T00:00:00,1.8,1.5773616,12.37,teste,V44,LSTM,"/media/marcos/Marcos/Codigos/Predicao_Cafe_Arabica/Teste_2_reuniao_16_dez_ajuste_seed_16_01_2026/temp_models/trial_33
Modelo LSTM. Treino: 2012 a 2019. Validação: 2020. Teste: 2021.
Dataset: V44. Log Transform: Não.
Obs: ajuste de seed

Hyperparams:
input_size: 7, h: 1, lr: 0.0001019534127611975, batch: 32, encoder n layers: 2, decoder layers: 2",2026-01-18T14:00:07
2020_cluster_1,Estrela_do_Sul,2021-12-31T00:00:00,1.8,1.9501293,8.34,teste,V44,LSTM,"/media/marcos/Marcos/Codigos/Predicao_Cafe_Arabica/Teste_2_reuniao_16_dez_ajuste_seed_16_01_2026/temp_models/trial_33
Modelo LSTM. Treino: 2012 a 2019. Validação: 2020. Teste: 2021.
Dataset: V44. Log Transform: Não.
Obs: ajuste de seed

Hyperparams:
input_size: 7, h: 1, lr: 0.0001019534127611975, batch: 32, encoder n layers: 2, decoder layers: 2",2026-01-18T14:00:07
2020_cluster_1,Guaranesia,2021-12-31T00:00:00,1.031014249790444,1.5245073,47.86,teste,V44,LSTM,"/media/marcos/Marcos/Codigos/Predicao_Cafe_Arabica/Teste_2_reuniao_16_dez_ajuste_seed_16_01_2026/temp_models/trial_33
Modelo LSTM. Treino: 2012 a 2019. Validação: 2020. Teste: 2021.
Dataset: V44. Log Transform: Não.
Obs: ajuste de seed

Hyperparams:
input_size: 7, h: 1, lr: 0.0001019534127611975, batch: 32, encoder n layers: 2, decoder layers: 2",2026-01-18T14:00:07
2020_cluster_1,Guarani,2021-12-31T00:00:00,0.953846153846154,1.6787326,76.0,teste,V44,LSTM,"/media/marcos/Marcos/Codigos/Predicao_Cafe_Arabica/Teste_2_reuniao_16_dez_ajuste_seed_16_01_2026/temp_models/trial_33
Modelo LSTM. Treino: 2012 a 2019. Validação: 2020. Teste: 2021.
Dataset: V44. Log Transform: Não.
Obs: ajuste de seed

Hyperparams:
input_size: 7, h: 1, lr: 0.0001019534127611975, batch: 32, encoder n layers: 2, decoder layers: 2",2026-01-18T14:00:07
2020_cluster_1,Guarda-Mor,2021-12-31T00:00:00,1.799435028248588,1.8282772,1.6,teste,V44,LSTM,"/media/marcos/Marcos/Codigos/Predicao_Cafe_Arabica/Teste_2_reuniao_16_dez_ajuste_seed_16_01_2026/temp_models/trial_33
Modelo LSTM. Treino: 2012 a 2019. Validação: 2020. Teste: 2021.
Dataset: V44. Log Transform: Não.
Obs: ajuste de seed

Hyperparams:
input_size: 7, h: 1, lr: 0.0001019534127611975, batch: 32, encoder n layers: 2, decoder layers: 2",2026-01-18T14:00:07
2020_cluster_1,Guaxupe,2021-12-31T00:00:00,1.02,1.5591365,52.86,teste,V44,LSTM,"/media/marcos/Marcos/Codigos/Predicao_Cafe_Arabica/Teste_2_reuniao_16_dez_ajuste_seed_16_01_2026/temp_models/trial_33
Modelo LSTM. Treino: 2012 a 2019. Validação: 2020. Teste: 2021.
Dataset: V44. Log Transform: Não.
Obs: ajuste de seed

Hyperparams:
input_size: 7, h: 1, lr: 0.0001019534127611975, batch: 32, encoder n layers: 2, decoder layers: 2",2026-01-18T14:00:07
2020_cluster_1,Guimarania,2021-12-31T00:00:00,1.541380188439012,1.5948464,3.47,teste,V44,LSTM,"/media/marcos/Marcos/Codigos/Predicao_Cafe_Arabica/Teste_2_reuniao_16_dez_ajuste_seed_16_01_2026/temp_models/trial_33
Modelo LSTM. Treino: 2012 a 2019. Validação: 2020. Teste: 2021.
Dataset: V44. Log Transform: Não.
Obs: ajuste de seed

Hyperparams:
input_size: 7, h: 1, lr: 0.0001019534127611975, batch: 32, encoder n layers: 2, decoder layers: 2",2026-01-18T14:00:07
2020_cluster_1,Ibia,2021-12-31T00:00:00,1.2,1.5168091,26.4,teste,V44,LSTM,"/media/marcos/Marcos/Codigos/Predicao_Cafe_Arabica/Teste_2_reuniao_16_dez_ajuste_seed_16_01_2026/temp_models/trial_33
Modelo LSTM. Treino: 2012 a 2019. Validação: 2020. Teste: 2021.
Dataset: V44. Log Transform: Não.
Obs: ajuste de seed

Hyperparams:
input_size: 7, h: 1, lr: 0.0001019534127611975, batch: 32, encoder n layers: 2, decoder layers: 2",2026-01-18T14:00:07
2020_cluster_1,Ibiraci,2021-12-31T00:00:00,1.327034071867436,1.824219,37.47,teste,V44,LSTM,"/media/marcos/Marcos/Codigos/Predicao_Cafe_Arabica/Teste_2_reuniao_16_dez_ajuste_seed_16_01_2026/temp_models/trial_33
Modelo LSTM. Treino: 2012 a 2019. Validação: 2020. Teste: 2021.
Dataset: V44. Log Transform: Não.
Obs: ajuste de seed

Hyperparams:
input_size: 7, h: 1, lr: 0.0001019534127611975, batch: 32, encoder n layers: 2, decoder layers: 2",2026-01-18T14:00:07
2020_cluster_1,Indianopolis,2021-12-31T00:00:00,1.919956379498364,1.8490467,3.69,teste,V44,LSTM,"/media/marcos/Marcos/Codigos/Predicao_Cafe_Arabica/Teste_2_reuniao_16_dez_ajuste_seed_16_01_2026/temp_models/trial_33
Modelo LSTM. Treino: 2012 a 2019. Validação: 2020. Teste: 2021.
Dataset: V44. Log Transform: Não.
Obs: ajuste de seed

Hyperparams:
input_size: 7, h: 1, lr: 0.0001019534127611975, batch: 32, encoder n layers: 2, decoder layers: 2",2026-01-18T14:00:07
2020_cluster_1,Itamogi,2021-12-31T00:00:00,1.260064724919094,1.7164428,36.22,teste,V44,LSTM,"/media/marcos/Marcos/Codigos/Predicao_Cafe_Arabica/Teste_2_reuniao_16_dez_ajuste_seed_16_01_2026/temp_models/trial_33
Modelo LSTM. Treino: 2012 a 2019. Validação: 2020. Teste: 2021.
Dataset: V44. Log Transform: Não.
Obs: ajuste de seed

Hyperparams:
input_size: 7, h: 1, lr: 0.0001019534127611975, batch: 32, encoder n layers: 2, decoder layers: 2",2026-01-18T14:00:07
2020_cluster_1,Itanhomi,2021-12-31T00:00:00,0.9606060606060606,1.0753305,11.94,teste,V44,LSTM,"/media/marcos/Marcos/Codigos/Predicao_Cafe_Arabica/Teste_2_reuniao_16_dez_ajuste_seed_16_01_2026/temp_models/trial_33
Modelo LSTM. Treino: 2012 a 2019. Validação: 2020. Teste: 2021.
Dataset: V44. Log Transform: Não.
Obs: ajuste de seed

Hyperparams:
input_size: 7, h: 1, lr: 0.0001019534127611975, batch: 32, encoder n layers: 2, decoder layers: 2",2026-01-18T14:00:07
2020_cluster_1,Jacui,2021-12-31T00:00:00,0.96,1.6170384,68.44,teste,V44,LSTM,"/media/marcos/Marcos/Codigos/Predicao_Cafe_Arabica/Teste_2_reuniao_16_dez_ajuste_seed_16_01_2026/temp_models/trial_33
Modelo LSTM. Treino: 2012 a 2019. Validação: 2020. Teste: 2021.
Dataset: V44. Log Transform: Não.
Obs: ajuste de seed

Hyperparams:
input_size: 7, h: 1, lr: 0.0001019534127611975, batch: 32, encoder n layers: 2, decoder layers: 2",2026-01-18T14:00:07
2020_cluster_1,Jacutinga,2021-12-31T00:00:00,1.32014652014652,1.3685263,3.66,teste,V44,LSTM,"/media/marcos/Marcos/Codigos/Predicao_Cafe_Arabica/Teste_2_reuniao_16_dez_ajuste_seed_16_01_2026/temp_models/trial_33
Modelo LSTM. Treino: 2012 a 2019. Validação: 2020. Teste: 2021.
Dataset: V44. Log Transform: Não.
Obs: ajuste de seed

Hyperparams:
input_size: 7, h: 1, lr: 0.0001019534127611975, batch: 32, encoder n layers: 2, decoder layers: 2",2026-01-18T14:00:07
2020_cluster_1,Juruaia,2021-12-31T00:00:00,1.5,1.6715435,11.44,teste,V44,LSTM,"/media/marcos/Marcos/Codigos/Predicao_Cafe_Arabica/Teste_2_reuniao_16_dez_ajuste_seed_16_01_2026/temp_models/trial_33
Modelo LSTM. Treino: 2012 a 2019. Validação: 2020. Teste: 2021.
Dataset: V44. Log Transform: Não.
Obs: ajuste de seed

Hyperparams:
input_size: 7, h: 1, lr: 0.0001019534127611975, batch: 32, encoder n layers: 2, decoder layers: 2",2026-01-18T14:00:07
2020_cluster_1,Lagoa_Dourada,2021-12-31T00:00:00,1.2,1.9352028,61.27,teste,V44,LSTM,"/media/marcos/Marcos/Codigos/Predicao_Cafe_Arabica/Teste_2_reuniao_16_dez_ajuste_seed_16_01_2026/temp_models/trial_33
Modelo LSTM. Treino: 2012 a 2019. Validação: 2020. Teste: 2021.
Dataset: V44. Log Transform: Não.
Obs: ajuste de seed

Hyperparams:
input_size: 7, h: 1, lr: 0.0001019534127611975, batch: 32, encoder n layers: 2, decoder layers: 2",2026-01-18T14:00:07
2020_cluster_1,Lagoa_Formosa,2021-12-31T00:00:00,1.483018867924528,1.9559679,31.89,teste,V44,LSTM,"/media/marcos/Marcos/Codigos/Predicao_Cafe_Arabica/Teste_2_reuniao_16_dez_ajuste_seed_16_01_2026/temp_models/trial_33
Modelo LSTM. Treino: 2012 a 2019. Validação: 2020. Teste: 2021.
Dataset: V44. Log Transform: Não.
Obs: ajuste de seed

Hyperparams:
input_size: 7, h: 1, lr: 0.0001019534127611975, batch: 32, encoder n layers: 2, decoder layers: 2",2026-01-18T14:00:07
2020_cluster_1,Lagoa_Grande,2021-12-31T00:00:00,0.6,1.8601536,210.03,teste,V44,LSTM,"/media/marcos/Marcos/Codigos/Predicao_Cafe_Arabica/Teste_2_reuniao_16_dez_ajuste_seed_16_01_2026/temp_models/trial_33
Modelo LSTM. Treino: 2012 a 2019. Validação: 2020. Teste: 2021.
Dataset: V44. Log Transform: Não.
Obs: ajuste de seed

Hyperparams:
input_size: 7, h: 1, lr: 0.0001019534127611975, batch: 32, encoder n layers: 2, decoder layers: 2",2026-01-18T14:00:07
2020_cluster_1,Matutina,2021-12-31T00:00:00,1.502024291497976,1.5912699,5.94,teste,V44,LSTM,"/media/marcos/Marcos/Codigos/Predicao_Cafe_Arabica/Teste_2_reuniao_16_dez_ajuste_seed_16_01_2026/temp_models/trial_33
Modelo LSTM. Treino: 2012 a 2019. Validação: 2020. Teste: 2021.
Dataset: V44. Log Transform: Não.
Obs: ajuste de seed

Hyperparams:
input_size: 7, h: 1, lr: 0.0001019534127611975, batch: 32, encoder n layers: 2, decoder layers: 2",2026-01-18T14:00:07
2020_cluster_1,Monte_Belo,2021-12-31T00:00:00,1.56,1.5825242,1.44,teste,V44,LSTM,"/media/marcos/Marcos/Codigos/Predicao_Cafe_Arabica/Teste_2_reuniao_16_dez_ajuste_seed_16_01_2026/temp_models/trial_33
Modelo LSTM. Treino: 2012 a 2019. Validação: 2020. Teste: 2021.
Dataset: V44. Log Transform: Não.
Obs: ajuste de seed

Hyperparams:
input_size: 7, h: 1, lr: 0.0001019534127611975, batch: 32, encoder n layers: 2, decoder layers: 2",2026-01-18T14:00:07
2020_cluster_1,Monte_Carmelo,2021-12-31T00:00:00,1.8,1.7624654,2.09,teste,V44,LSTM,"/media/marcos/Marcos/Codigos/Predicao_Cafe_Arabica/Teste_2_reuniao_16_dez_ajuste_seed_16_01_2026/temp_models/trial_33
Modelo LSTM. Treino: 2012 a 2019. Validação: 2020. Teste: 2021.
Dataset: V44. Log Transform: Não.
Obs: ajuste de seed

Hyperparams:
input_size: 7, h: 1, lr: 0.0001019534127611975, batch: 32, encoder n layers: 2, decoder layers: 2",2026-01-18T14:00:07
2020_cluster_1,Monte_Santo_de_Minas,2021-12-31T00:00:00,1.200018932222643,1.5478399,28.98,teste,V44,LSTM,"/media/marcos/Marcos/Codigos/Predicao_Cafe_Arabica/Teste_2_reuniao_16_dez_ajuste_seed_16_01_2026/temp_models/trial_33
Modelo LSTM. Treino: 2012 a 2019. Validação: 2020. Teste: 2021.
Dataset: V44. Log Transform: Não.
Obs: ajuste de seed

Hyperparams:
input_size: 7, h: 1, lr: 0.0001019534127611975, batch: 32, encoder n layers: 2, decoder layers: 2",2026-01-18T14:00:07
2020_cluster_1,Muzambinho,2021-12-31T00:00:00,1.199937762564182,1.5480659,29.01,teste,V44,LSTM,"/media/marcos/Marcos/Codigos/Predicao_Cafe_Arabica/Teste_2_reuniao_16_dez_ajuste_seed_16_01_2026/temp_models/trial_33
Modelo LSTM. Treino: 2012 a 2019. Validação: 2020. Teste: 2021.
Dataset: V44. Log Transform: Não.
Obs: ajuste de seed

Hyperparams:
input_size: 7, h: 1, lr: 0.0001019534127611975, batch: 32, encoder n layers: 2, decoder layers: 2",2026-01-18T14:00:07
2020_cluster_1,Nova_Resende,2021-12-31T00:00:00,1.380003139224611,1.9235896,39.39,teste,V44,LSTM,"/media/marcos/Marcos/Codigos/Predicao_Cafe_Arabica/Teste_2_reuniao_16_dez_ajuste_seed_16_01_2026/temp_models/trial_33
Modelo LSTM. Treino: 2012 a 2019. Validação: 2020. Teste: 2021.
Dataset: V44. Log Transform: Não.
Obs: ajuste de seed

Hyperparams:
input_size: 7, h: 1, lr: 0.0001019534127611975, batch: 32, encoder n layers: 2, decoder layers: 2",2026-01-18T14:00:07
2020_cluster_1,Passos,2021-12-31T00:00:00,0.99,1.4578569,47.26,teste,V44,LSTM,"/media/marcos/Marcos/Codigos/Predicao_Cafe_Arabica/Teste_2_reuniao_16_dez_ajuste_seed_16_01_2026/temp_models/trial_33
Modelo LSTM. Treino: 2012 a 2019. Validação: 2020. Teste: 2021.
Dataset: V44. Log Transform: Não.
Obs: ajuste de seed

Hyperparams:
input_size: 7, h: 1, lr: 0.0001019534127611975, batch: 32, encoder n layers: 2, decoder layers: 2",2026-01-18T14:00:07
2020_cluster_1,Patis,2021-12-31T00:00:00,2.111111111111111,2.370866,12.3,teste,V44,LSTM,"/media/marcos/Marcos/Codigos/Predicao_Cafe_Arabica/Teste_2_reuniao_16_dez_ajuste_seed_16_01_2026/temp_models/trial_33
Modelo LSTM. Treino: 2012 a 2019. Validação: 2020. Teste: 2021.
Dataset: V44. Log Transform: Não.
Obs: ajuste de seed

Hyperparams:
input_size: 7, h: 1, lr: 0.0001019534127611975, batch: 32, encoder n layers: 2, decoder layers: 2",2026-01-18T14:00:07
2020_cluster_1,Patos_de_Minas,2021-12-31T00:00:00,1.72241095890411,1.6184003,6.04,teste,V44,LSTM,"/media/marcos/Marcos/Codigos/Predicao_Cafe_Arabica/Teste_2_reuniao_16_dez_ajuste_seed_16_01_2026/temp_models/trial_33
Modelo LSTM. Treino: 2012 a 2019. Validação: 2020. Teste: 2021.
Dataset: V44. Log Transform: Não.
Obs: ajuste de seed

Hyperparams:
input_size: 7, h: 1, lr: 0.0001019534127611975, batch: 32, encoder n layers: 2, decoder layers: 2",2026-01-18T14:00:07
2020_cluster_1,Patrocinio,2021-12-31T00:00:00,1.436995153473344,1.4664025,2.05,teste,V44,LSTM,"/media/marcos/Marcos/Codigos/Predicao_Cafe_Arabica/Teste_2_reuniao_16_dez_ajuste_seed_16_01_2026/temp_models/trial_33
Modelo LSTM. Treino: 2012 a 2019. Validação: 2020. Teste: 2021.
Dataset: V44. Log Transform: Não.
Obs: ajuste de seed

Hyperparams:
input_size: 7, h: 1, lr: 0.0001019534127611975, batch: 32, encoder n layers: 2, decoder layers: 2",2026-01-18T14:00:07
2020_cluster_1,Pedrinopolis,2021-12-31T00:00:00,1.514285714285714,1.2096968,20.11,teste,V44,LSTM,"/media/marcos/Marcos/Codigos/Predicao_Cafe_Arabica/Teste_2_reuniao_16_dez_ajuste_seed_16_01_2026/temp_models/trial_33
Modelo LSTM. Treino: 2012 a 2019. Validação: 2020. Teste: 2021.
Dataset: V44. Log Transform: Não.
Obs: ajuste de seed

Hyperparams:
input_size: 7, h: 1, lr: 0.0001019534127611975, batch: 32, encoder n layers: 2, decoder layers: 2",2026-01-18T14:00:07
2020_cluster_1,Perdizes,2021-12-31T00:00:00,1.261308677098151,1.6381766,29.88,teste,V44,LSTM,"/media/marcos/Marcos/Codigos/Predicao_Cafe_Arabica/Teste_2_reuniao_16_dez_ajuste_seed_16_01_2026/temp_models/trial_33
Modelo LSTM. Treino: 2012 a 2019. Validação: 2020. Teste: 2021.
Dataset: V44. Log Transform: Não.
Obs: ajuste de seed

Hyperparams:
input_size: 7, h: 1, lr: 0.0001019534127611975, batch: 32, encoder n layers: 2, decoder layers: 2",2026-01-18T14:00:07
2020_cluster_1,Piracema,2021-12-31T00:00:00,1.2,1.3106302,9.22,teste,V44,LSTM,"/media/marcos/Marcos/Codigos/Predicao_Cafe_Arabica/Teste_2_reuniao_16_dez_ajuste_seed_16_01_2026/temp_models/trial_33
Modelo LSTM. Treino: 2012 a 2019. Validação: 2020. Teste: 2021.
Dataset: V44. Log Transform: Não.
Obs: ajuste de seed

Hyperparams:
input_size: 7, h: 1, lr: 0.0001019534127611975, batch: 32, encoder n layers: 2, decoder layers: 2",2026-01-18T14:00:07
2020_cluster_1,Ponto_dos_Volantes,2021-12-31T00:00:00,0.5375,0.6136156,14.16,teste,V44,LSTM,"/media/marcos/Marcos/Codigos/Predicao_Cafe_Arabica/Teste_2_reuniao_16_dez_ajuste_seed_16_01_2026/temp_models/trial_33
Modelo LSTM. Treino: 2012 a 2019. Validação: 2020. Teste: 2021.
Dataset: V44. Log Transform: Não.
Obs: ajuste de seed

Hyperparams:
input_size: 7, h: 1, lr: 0.0001019534127611975, batch: 32, encoder n layers: 2, decoder layers: 2",2026-01-18T14:00:07
2020_cluster_1,Pratapolis,2021-12-31T00:00:00,0.9602272727272728,1.945889,102.65,teste,V44,LSTM,"/media/marcos/Marcos/Codigos/Predicao_Cafe_Arabica/Teste_2_reuniao_16_dez_ajuste_seed_16_01_2026/temp_models/trial_33
Modelo LSTM. Treino: 2012 a 2019. Validação: 2020. Teste: 2021.
Dataset: V44. Log Transform: Não.
Obs: ajuste de seed

Hyperparams:
input_size: 7, h: 1, lr: 0.0001019534127611975, batch: 32, encoder n layers: 2, decoder layers: 2",2026-01-18T14:00:07
2020_cluster_1,Pratinha,2021-12-31T00:00:00,1.35,1.6860056,24.89,teste,V44,LSTM,"/media/marcos/Marcos/Codigos/Predicao_Cafe_Arabica/Teste_2_reuniao_16_dez_ajuste_seed_16_01_2026/temp_models/trial_33
Modelo LSTM. Treino: 2012 a 2019. Validação: 2020. Teste: 2021.
Dataset: V44. Log Transform: Não.
Obs: ajuste de seed

Hyperparams:
input_size: 7, h: 1, lr: 0.0001019534127611975, batch: 32, encoder n layers: 2, decoder layers: 2",2026-01-18T14:00:07
2020_cluster_1,Presidente_Kubitschek,2021-12-31T00:00:00,0.7368421052631579,1.2376298,67.96,teste,V44,LSTM,"/media/marcos/Marcos/Codigos/Predicao_Cafe_Arabica/Teste_2_reuniao_16_dez_ajuste_seed_16_01_2026/temp_models/trial_33
Modelo LSTM. Treino: 2012 a 2019. Validação: 2020. Teste: 2021.
Dataset: V44. Log Transform: Não.
Obs: ajuste de seed

Hyperparams:
input_size: 7, h: 1, lr: 0.0001019534127611975, batch: 32, encoder n layers: 2, decoder layers: 2",2026-01-18T14:00:07
2020_cluster_1,Presidente_Olegario,2021-12-31T00:00:00,1.637164750957854,1.9547014,19.4,teste,V44,LSTM,"/media/marcos/Marcos/Codigos/Predicao_Cafe_Arabica/Teste_2_reuniao_16_dez_ajuste_seed_16_01_2026/temp_models/trial_33
Modelo LSTM. Treino: 2012 a 2019. Validação: 2020. Teste: 2021.
Dataset: V44. Log Transform: Não.
Obs: ajuste de seed

Hyperparams:
input_size: 7, h: 1, lr: 0.0001019534127611975, batch: 32, encoder n layers: 2, decoder layers: 2",2026-01-18T14:00:07
2020_cluster_1,Quartel_Geral,2021-12-31T00:00:00,2.457142857142857,2.575767,4.83,teste,V44,LSTM,"/media/marcos/Marcos/Codigos/Predicao_Cafe_Arabica/Teste_2_reuniao_16_dez_ajuste_seed_16_01_2026/temp_models/trial_33
Modelo LSTM. Treino: 2012 a 2019. Validação: 2020. Teste: 2021.
Dataset: V44. Log Transform: Não.
Obs: ajuste de seed

Hyperparams:
input_size: 7, h: 1, lr: 0.0001019534127611975, batch: 32, encoder n layers: 2, decoder layers: 2",2026-01-18T14:00:07
2020_cluster_1,Rio_Paranaiba,2021-12-31T00:00:00,1.080031384856807,1.4829049,37.3,teste,V44,LSTM,"/media/marcos/Marcos/Codigos/Predicao_Cafe_Arabica/Teste_2_reuniao_16_dez_ajuste_seed_16_01_2026/temp_models/trial_33
Modelo LSTM. Treino: 2012 a 2019. Validação: 2020. Teste: 2021.
Dataset: V44. Log Transform: Não.
Obs: ajuste de seed

Hyperparams:
input_size: 7, h: 1, lr: 0.0001019534127611975, batch: 32, encoder n layers: 2, decoder layers: 2",2026-01-18T14:00:07
2020_cluster_1,Rio_Vermelho,2021-12-31T00:00:00,0.7777777777777778,1.1219572,44.25,teste,V44,LSTM,"/media/marcos/Marcos/Codigos/Predicao_Cafe_Arabica/Teste_2_reuniao_16_dez_ajuste_seed_16_01_2026/temp_models/trial_33
Modelo LSTM. Treino: 2012 a 2019. Validação: 2020. Teste: 2021.
Dataset: V44. Log Transform: Não.
Obs: ajuste de seed

Hyperparams:
input_size: 7, h: 1, lr: 0.0001019534127611975, batch: 32, encoder n layers: 2, decoder layers: 2",2026-01-18T14:00:07
2020_cluster_1,Romaria,2021-12-31T00:00:00,2.052631578947369,1.7778097,13.39,teste,V44,LSTM,"/media/marcos/Marcos/Codigos/Predicao_Cafe_Arabica/Teste_2_reuniao_16_dez_ajuste_seed_16_01_2026/temp_models/trial_33
Modelo LSTM. Treino: 2012 a 2019. Validação: 2020. Teste: 2021.
Dataset: V44. Log Transform: Não.
Obs: ajuste de seed

Hyperparams:
input_size: 7, h: 1, lr: 0.0001019534127611975, batch: 32, encoder n layers: 2, decoder layers: 2",2026-01-18T14:00:07
2020_cluster_1,Sacramento,2021-12-31T00:00:00,1.25645342312009,1.4549174,15.8,teste,V44,LSTM,"/media/marcos/Marcos/Codigos/Predicao_Cafe_Arabica/Teste_2_reuniao_16_dez_ajuste_seed_16_01_2026/temp_models/trial_33
Modelo LSTM. Treino: 2012 a 2019. Validação: 2020. Teste: 2021.
Dataset: V44. Log Transform: Não.
Obs: ajuste de seed

Hyperparams:
input_size: 7, h: 1, lr: 0.0001019534127611975, batch: 32, encoder n layers: 2, decoder layers: 2",2026-01-18T14:00:07
2020_cluster_1,Santa_Rosa_da_Serra,2021-12-31T00:00:00,1.5,1.639326,9.29,teste,V44,LSTM,"/media/marcos/Marcos/Codigos/Predicao_Cafe_Arabica/Teste_2_reuniao_16_dez_ajuste_seed_16_01_2026/temp_models/trial_33
Modelo LSTM. Treino: 2012 a 2019. Validação: 2020. Teste: 2021.
Dataset: V44. Log Transform: Não.
Obs: ajuste de seed

Hyperparams:
input_size: 7, h: 1, lr: 0.0001019534127611975, batch: 32, encoder n layers: 2, decoder layers: 2",2026-01-18T14:00:07
2020_cluster_1,Santo_Antonio_do_Amparo,2021-12-31T00:00:00,1.38,1.5123723,9.59,teste,V44,LSTM,"/media/marcos/Marcos/Codigos/Predicao_Cafe_Arabica/Teste_2_reuniao_16_dez_ajuste_seed_16_01_2026/temp_models/trial_33
Modelo LSTM. Treino: 2012 a 2019. Validação: 2020. Teste: 2021.
Dataset: V44. Log Transform: Não.
Obs: ajuste de seed

Hyperparams:
input_size: 7, h: 1, lr: 0.0001019534127611975, batch: 32, encoder n layers: 2, decoder layers: 2",2026-01-18T14:00:07
2020_cluster_1,Sao_Goncalo_do_Abaete,2021-12-31T00:00:00,1.67887323943662,2.1306074,26.91,teste,V44,LSTM,"/media/marcos/Marcos/Codigos/Predicao_Cafe_Arabica/Teste_2_reuniao_16_dez_ajuste_seed_16_01_2026/temp_models/trial_33
Modelo LSTM. Treino: 2012 a 2019. Validação: 2020. Teste: 2021.
Dataset: V44. Log Transform: Não.
Obs: ajuste de seed

Hyperparams:
input_size: 7, h: 1, lr: 0.0001019534127611975, batch: 32, encoder n layers: 2, decoder layers: 2",2026-01-18T14:00:07
2020_cluster_1,Sao_Gotardo,2021-12-31T00:00:00,1.26027397260274,1.5170788,20.38,teste,V44,LSTM,"/media/marcos/Marcos/Codigos/Predicao_Cafe_Arabica/Teste_2_reuniao_16_dez_ajuste_seed_16_01_2026/temp_models/trial_33
Modelo LSTM. Treino: 2012 a 2019. Validação: 2020. Teste: 2021.
Dataset: V44. Log Transform: Não.
Obs: ajuste de seed

Hyperparams:
input_size: 7, h: 1, lr: 0.0001019534127611975, batch: 32, encoder n layers: 2, decoder layers: 2",2026-01-18T14:00:07
2020_cluster_1,Sao_Joao_Batista_do_Gloria,2021-12-31T00:00:00,1.110749185667752,1.4792118,33.17,teste,V44,LSTM,"/media/marcos/Marcos/Codigos/Predicao_Cafe_Arabica/Teste_2_reuniao_16_dez_ajuste_seed_16_01_2026/temp_models/trial_33
Modelo LSTM. Treino: 2012 a 2019. Validação: 2020. Teste: 2021.
Dataset: V44. Log Transform: Não.
Obs: ajuste de seed

Hyperparams:
input_size: 7, h: 1, lr: 0.0001019534127611975, batch: 32, encoder n layers: 2, decoder layers: 2",2026-01-18T14:00:07
2020_cluster_1,Sao_Pedro_da_Uniao,2021-12-31T00:00:00,1.479945054945055,1.6857581,13.91,teste,V44,LSTM,"/media/marcos/Marcos/Codigos/Predicao_Cafe_Arabica/Teste_2_reuniao_16_dez_ajuste_seed_16_01_2026/temp_models/trial_33
Modelo LSTM. Treino: 2012 a 2019. Validação: 2020. Teste: 2021.
Dataset: V44. Log Transform: Não.
Obs: ajuste de seed

Hyperparams:
input_size: 7, h: 1, lr: 0.0001019534127611975, batch: 32, encoder n layers: 2, decoder layers: 2",2026-01-18T14:00:07
2020_cluster_1,Sao_Sebastiao_do_Paraiso,2021-12-31T00:00:00,1.14450771643146,1.5220213,32.98,teste,V44,LSTM,"/media/marcos/Marcos/Codigos/Predicao_Cafe_Arabica/Teste_2_reuniao_16_dez_ajuste_seed_16_01_2026/temp_models/trial_33
Modelo LSTM. Treino: 2012 a 2019. Validação: 2020. Teste: 2021.
Dataset: V44. Log Transform: Não.
Obs: ajuste de seed

Hyperparams:
input_size: 7, h: 1, lr: 0.0001019534127611975, batch: 32, encoder n layers: 2, decoder layers: 2",2026-01-18T14:00:07
2020_cluster_1,Serra_do_Salitre,2021-12-31T00:00:00,1.467638483965015,1.5840646,7.93,teste,V44,LSTM,"/media/marcos/Marcos/Codigos/Predicao_Cafe_Arabica/Teste_2_reuniao_16_dez_ajuste_seed_16_01_2026/temp_models/trial_33
Modelo LSTM. Treino: 2012 a 2019. Validação: 2020. Teste: 2021.
Dataset: V44. Log Transform: Não.
Obs: ajuste de seed

Hyperparams:
input_size: 7, h: 1, lr: 0.0001019534127611975, batch: 32, encoder n layers: 2, decoder layers: 2",2026-01-18T14:00:07
2020_cluster_1,Tapira,2021-12-31T00:00:00,0.6,1.7829349,197.16,teste,V44,LSTM,"/media/marcos/Marcos/Codigos/Predicao_Cafe_Arabica/Teste_2_reuniao_16_dez_ajuste_seed_16_01_2026/temp_models/trial_33
Modelo LSTM. Treino: 2012 a 2019. Validação: 2020. Teste: 2021.
Dataset: V44. Log Transform: Não.
Obs: ajuste de seed

Hyperparams:
input_size: 7, h: 1, lr: 0.0001019534127611975, batch: 32, encoder n layers: 2, decoder layers: 2",2026-01-18T14:00:07
2020_cluster_1,Tiros,2021-12-31T00:00:00,1.2,1.6982948,41.52,teste,V44,LSTM,"/media/marcos/Marcos/Codigos/Predicao_Cafe_Arabica/Teste_2_reuniao_16_dez_ajuste_seed_16_01_2026/temp_models/trial_33
Modelo LSTM. Treino: 2012 a 2019. Validação: 2020. Teste: 2021.
Dataset: V44. Log Transform: Não.
Obs: ajuste de seed

Hyperparams:
input_size: 7, h: 1, lr: 0.0001019534127611975, batch: 32, encoder n layers: 2, decoder layers: 2",2026-01-18T14:00:07
2020_cluster_1,Tupaciguara,2021-12-31T00:00:00,1.887700534759358,2.138138,13.27,teste,V44,LSTM,"/media/marcos/Marcos/Codigos/Predicao_Cafe_Arabica/Teste_2_reuniao_16_dez_ajuste_seed_16_01_2026/temp_models/trial_33
Modelo LSTM. Treino: 2012 a 2019. Validação: 2020. Teste: 2021.
Dataset: V44. Log Transform: Não.
Obs: ajuste de seed

Hyperparams:
input_size: 7, h: 1, lr: 0.0001019534127611975, batch: 32, encoder n layers: 2, decoder layers: 2",2026-01-18T14:00:07
2020_cluster_1,Uberaba,2021-12-31T00:00:00,2.030232558139535,1.9716787,2.88,teste,V44,LSTM,"/media/marcos/Marcos/Codigos/Predicao_Cafe_Arabica/Teste_2_reuniao_16_dez_ajuste_seed_16_01_2026/temp_models/trial_33
Modelo LSTM. Treino: 2012 a 2019. Validação: 2020. Teste: 2021.
Dataset: V44. Log Transform: Não.
Obs: ajuste de seed

Hyperparams:
input_size: 7, h: 1, lr: 0.0001019534127611975, batch: 32, encoder n layers: 2, decoder layers: 2",2026-01-18T14:00:07
2020_cluster_1,Uberlandia,2021-12-31T00:00:00,1.77962962962963,1.6162372,9.18,teste,V44,LSTM,"/media/marcos/Marcos/Codigos/Predicao_Cafe_Arabica/Teste_2_reuniao_16_dez_ajuste_seed_16_01_2026/temp_models/trial_33
Modelo LSTM. Treino: 2012 a 2019. Validação: 2020. Teste: 2021.
Dataset: V44. Log Transform: Não.
Obs: ajuste de seed

Hyperparams:
input_size: 7, h: 1, lr: 0.0001019534127611975, batch: 32, encoder n layers: 2, decoder layers: 2",2026-01-18T14:00:07
2020_cluster_1,Unai,2021-12-31T00:00:00,2.639892904953146,2.6519077,0.46,teste,V44,LSTM,"/media/marcos/Marcos/Codigos/Predicao_Cafe_Arabica/Teste_2_reuniao_16_dez_ajuste_seed_16_01_2026/temp_models/trial_33
Modelo LSTM. Treino: 2012 a 2019. Validação: 2020. Teste: 2021.
Dataset: V44. Log Transform: Não.
Obs: ajuste de seed

Hyperparams:
input_size: 7, h: 1, lr: 0.0001019534127611975, batch: 32, encoder n layers: 2, decoder layers: 2",2026-01-18T14:00:07
2020_cluster_1,Varginha,2021-12-31T00:00:00,1.2,1.48211,23.51,teste,V44,LSTM,"/media/marcos/Marcos/Codigos/Predicao_Cafe_Arabica/Teste_2_reuniao_16_dez_ajuste_seed_16_01_2026/temp_models/trial_33
Modelo LSTM. Treino: 2012 a 2019. Validação: 2020. Teste: 2021.
Dataset: V44. Log Transform: Não.
Obs: ajuste de seed

Hyperparams:
input_size: 7, h: 1, lr: 0.0001019534127611975, batch: 32, encoder n layers: 2, decoder layers: 2",2026-01-18T14:00:07
2020_cluster_1,Varjao_de_Minas,2021-12-31T00:00:00,2.390254805543138,2.4129004,0.95,teste,V44,LSTM,"/media/marcos/Marcos/Codigos/Predicao_Cafe_Arabica/Teste_2_reuniao_16_dez_ajuste_seed_16_01_2026/temp_models/trial_33
Modelo LSTM. Treino: 2012 a 2019. Validação: 2020. Teste: 2021.
Dataset: V44. Log Transform: Não.
Obs: ajuste de seed

Hyperparams:
input_size: 7, h: 1, lr: 0.0001019534127611975, batch: 32, encoder n layers: 2, decoder layers: 2",2026-01-18T14:00:07
2020_cluster_1,Virginopolis,2021-12-31T00:00:00,1.202380952380952,1.289946,7.28,teste,V44,LSTM,"/media/marcos/Marcos/Codigos/Predicao_Cafe_Arabica/Teste_2_reuniao_16_dez_ajuste_seed_16_01_2026/temp_models/trial_33
Modelo LSTM. Treino: 2012 a 2019. Validação: 2020. Teste: 2021.
Dataset: V44. Log Transform: Não.
Obs: ajuste de seed

Hyperparams:
input_size: 7, h: 1, lr: 0.0001019534127611975, batch: 32, encoder n layers: 2, decoder layers: 2",2026-01-18T14:00:07
