treino_id,unique_id,ds,y,y_pred,diferença_%,flag,dataset,modelo,comentario,data_treino
2022_cluster_0,Aguanil,2022-12-31T00:00:00,1.56,1.4041773,9.99,validacao,V44,LSTM,"/media/marcos/Marcos/Codigos/Predicao_Cafe_Arabica/Teste_2_reuniao_16_dez_ajuste_seed/temp_models/trial_301
Modelo LSTM. Treino: 2012 a 2021. Validação: 2022. Teste: 2023.
Dataset: V44.
Obs: ajuste de seed

Hyperparams:
input_size: 9h: 1lr: 1.62949878692161e-05batch: 32encoder n layers: 1decoder layers: 1",2026-01-07T21:25:41
2022_cluster_0,Alfenas,2022-12-31T00:00:00,0.9243951612903225,1.7002869,83.94,validacao,V44,LSTM,"/media/marcos/Marcos/Codigos/Predicao_Cafe_Arabica/Teste_2_reuniao_16_dez_ajuste_seed/temp_models/trial_301
Modelo LSTM. Treino: 2012 a 2021. Validação: 2022. Teste: 2023.
Dataset: V44.
Obs: ajuste de seed

Hyperparams:
input_size: 9h: 1lr: 1.62949878692161e-05batch: 32encoder n layers: 1decoder layers: 1",2026-01-07T21:25:41
2022_cluster_0,Alto_Caparao,2022-12-31T00:00:00,1.5,1.3788857,8.07,validacao,V44,LSTM,"/media/marcos/Marcos/Codigos/Predicao_Cafe_Arabica/Teste_2_reuniao_16_dez_ajuste_seed/temp_models/trial_301
Modelo LSTM. Treino: 2012 a 2021. Validação: 2022. Teste: 2023.
Dataset: V44.
Obs: ajuste de seed

Hyperparams:
input_size: 9h: 1lr: 1.62949878692161e-05batch: 32encoder n layers: 1decoder layers: 1",2026-01-07T21:25:41
2022_cluster_0,Alto_Jequitiba,2022-12-31T00:00:00,0.9,1.3373382,48.59,validacao,V44,LSTM,"/media/marcos/Marcos/Codigos/Predicao_Cafe_Arabica/Teste_2_reuniao_16_dez_ajuste_seed/temp_models/trial_301
Modelo LSTM. Treino: 2012 a 2021. Validação: 2022. Teste: 2023.
Dataset: V44.
Obs: ajuste de seed

Hyperparams:
input_size: 9h: 1lr: 1.62949878692161e-05batch: 32encoder n layers: 1decoder layers: 1",2026-01-07T21:25:41
2022_cluster_0,Amparo_do_Serra,2022-12-31T00:00:00,1.8000000000000003,1.1646798,35.3,validacao,V44,LSTM,"/media/marcos/Marcos/Codigos/Predicao_Cafe_Arabica/Teste_2_reuniao_16_dez_ajuste_seed/temp_models/trial_301
Modelo LSTM. Treino: 2012 a 2021. Validação: 2022. Teste: 2023.
Dataset: V44.
Obs: ajuste de seed

Hyperparams:
input_size: 9h: 1lr: 1.62949878692161e-05batch: 32encoder n layers: 1decoder layers: 1",2026-01-07T21:25:41
2022_cluster_0,Araponga,2022-12-31T00:00:00,1.260041407867495,1.224491,2.82,validacao,V44,LSTM,"/media/marcos/Marcos/Codigos/Predicao_Cafe_Arabica/Teste_2_reuniao_16_dez_ajuste_seed/temp_models/trial_301
Modelo LSTM. Treino: 2012 a 2021. Validação: 2022. Teste: 2023.
Dataset: V44.
Obs: ajuste de seed

Hyperparams:
input_size: 9h: 1lr: 1.62949878692161e-05batch: 32encoder n layers: 1decoder layers: 1",2026-01-07T21:25:41
2022_cluster_0,Astolfo_Dutra,2022-12-31T00:00:00,0.625,1.2591031,101.46,validacao,V44,LSTM,"/media/marcos/Marcos/Codigos/Predicao_Cafe_Arabica/Teste_2_reuniao_16_dez_ajuste_seed/temp_models/trial_301
Modelo LSTM. Treino: 2012 a 2021. Validação: 2022. Teste: 2023.
Dataset: V44.
Obs: ajuste de seed

Hyperparams:
input_size: 9h: 1lr: 1.62949878692161e-05batch: 32encoder n layers: 1decoder layers: 1",2026-01-07T21:25:41
2022_cluster_0,Bambui,2022-12-31T00:00:00,1.5,1.4944661,0.37,validacao,V44,LSTM,"/media/marcos/Marcos/Codigos/Predicao_Cafe_Arabica/Teste_2_reuniao_16_dez_ajuste_seed/temp_models/trial_301
Modelo LSTM. Treino: 2012 a 2021. Validação: 2022. Teste: 2023.
Dataset: V44.
Obs: ajuste de seed

Hyperparams:
input_size: 9h: 1lr: 1.62949878692161e-05batch: 32encoder n layers: 1decoder layers: 1",2026-01-07T21:25:41
2022_cluster_0,Boa_Esperanca,2022-12-31T00:00:00,0.9726256983240223,1.5803311,62.48,validacao,V44,LSTM,"/media/marcos/Marcos/Codigos/Predicao_Cafe_Arabica/Teste_2_reuniao_16_dez_ajuste_seed/temp_models/trial_301
Modelo LSTM. Treino: 2012 a 2021. Validação: 2022. Teste: 2023.
Dataset: V44.
Obs: ajuste de seed

Hyperparams:
input_size: 9h: 1lr: 1.62949878692161e-05batch: 32encoder n layers: 1decoder layers: 1",2026-01-07T21:25:41
2022_cluster_0,Bom_Jesus_do_Galho,2022-12-31T00:00:00,0.7801587301587303,1.0158824,30.21,validacao,V44,LSTM,"/media/marcos/Marcos/Codigos/Predicao_Cafe_Arabica/Teste_2_reuniao_16_dez_ajuste_seed/temp_models/trial_301
Modelo LSTM. Treino: 2012 a 2021. Validação: 2022. Teste: 2023.
Dataset: V44.
Obs: ajuste de seed

Hyperparams:
input_size: 9h: 1lr: 1.62949878692161e-05batch: 32encoder n layers: 1decoder layers: 1",2026-01-07T21:25:41
2022_cluster_0,Bom_Sucesso,2022-12-31T00:00:00,1.440136054421769,1.4085009,2.2,validacao,V44,LSTM,"/media/marcos/Marcos/Codigos/Predicao_Cafe_Arabica/Teste_2_reuniao_16_dez_ajuste_seed/temp_models/trial_301
Modelo LSTM. Treino: 2012 a 2021. Validação: 2022. Teste: 2023.
Dataset: V44.
Obs: ajuste de seed

Hyperparams:
input_size: 9h: 1lr: 1.62949878692161e-05batch: 32encoder n layers: 1decoder layers: 1",2026-01-07T21:25:41
2022_cluster_0,Caete,2022-12-31T00:00:00,1.5333333333333332,1.1404674,25.62,validacao,V44,LSTM,"/media/marcos/Marcos/Codigos/Predicao_Cafe_Arabica/Teste_2_reuniao_16_dez_ajuste_seed/temp_models/trial_301
Modelo LSTM. Treino: 2012 a 2021. Validação: 2022. Teste: 2023.
Dataset: V44.
Obs: ajuste de seed

Hyperparams:
input_size: 9h: 1lr: 1.62949878692161e-05batch: 32encoder n layers: 1decoder layers: 1",2026-01-07T21:25:41
2022_cluster_0,Caiana,2022-12-31T00:00:00,0.9,1.1277792,25.31,validacao,V44,LSTM,"/media/marcos/Marcos/Codigos/Predicao_Cafe_Arabica/Teste_2_reuniao_16_dez_ajuste_seed/temp_models/trial_301
Modelo LSTM. Treino: 2012 a 2021. Validação: 2022. Teste: 2023.
Dataset: V44.
Obs: ajuste de seed

Hyperparams:
input_size: 9h: 1lr: 1.62949878692161e-05batch: 32encoder n layers: 1decoder layers: 1",2026-01-07T21:25:41
2022_cluster_0,Cajuri,2022-12-31T00:00:00,1.050602409638554,1.2691523,20.8,validacao,V44,LSTM,"/media/marcos/Marcos/Codigos/Predicao_Cafe_Arabica/Teste_2_reuniao_16_dez_ajuste_seed/temp_models/trial_301
Modelo LSTM. Treino: 2012 a 2021. Validação: 2022. Teste: 2023.
Dataset: V44.
Obs: ajuste de seed

Hyperparams:
input_size: 9h: 1lr: 1.62949878692161e-05batch: 32encoder n layers: 1decoder layers: 1",2026-01-07T21:25:41
2022_cluster_0,Camacho,2022-12-31T00:00:00,1.380176211453745,1.2830582,7.04,validacao,V44,LSTM,"/media/marcos/Marcos/Codigos/Predicao_Cafe_Arabica/Teste_2_reuniao_16_dez_ajuste_seed/temp_models/trial_301
Modelo LSTM. Treino: 2012 a 2021. Validação: 2022. Teste: 2023.
Dataset: V44.
Obs: ajuste de seed

Hyperparams:
input_size: 9h: 1lr: 1.62949878692161e-05batch: 32encoder n layers: 1decoder layers: 1",2026-01-07T21:25:41
2022_cluster_0,Campo_do_Meio,2022-12-31T00:00:00,1.580968858131488,1.3502145,14.6,validacao,V44,LSTM,"/media/marcos/Marcos/Codigos/Predicao_Cafe_Arabica/Teste_2_reuniao_16_dez_ajuste_seed/temp_models/trial_301
Modelo LSTM. Treino: 2012 a 2021. Validação: 2022. Teste: 2023.
Dataset: V44.
Obs: ajuste de seed

Hyperparams:
input_size: 9h: 1lr: 1.62949878692161e-05batch: 32encoder n layers: 1decoder layers: 1",2026-01-07T21:25:41
2022_cluster_0,Campos_Altos,2022-12-31T00:00:00,1.6800422386483633,1.620692,3.53,validacao,V44,LSTM,"/media/marcos/Marcos/Codigos/Predicao_Cafe_Arabica/Teste_2_reuniao_16_dez_ajuste_seed/temp_models/trial_301
Modelo LSTM. Treino: 2012 a 2021. Validação: 2022. Teste: 2023.
Dataset: V44.
Obs: ajuste de seed

Hyperparams:
input_size: 9h: 1lr: 1.62949878692161e-05batch: 32encoder n layers: 1decoder layers: 1",2026-01-07T21:25:41
2022_cluster_0,Campos_Gerais,2022-12-31T00:00:00,1.535771358328211,1.6015267,4.28,validacao,V44,LSTM,"/media/marcos/Marcos/Codigos/Predicao_Cafe_Arabica/Teste_2_reuniao_16_dez_ajuste_seed/temp_models/trial_301
Modelo LSTM. Treino: 2012 a 2021. Validação: 2022. Teste: 2023.
Dataset: V44.
Obs: ajuste de seed

Hyperparams:
input_size: 9h: 1lr: 1.62949878692161e-05batch: 32encoder n layers: 1decoder layers: 1",2026-01-07T21:25:41
2022_cluster_0,Cana_Verde,2022-12-31T00:00:00,1.02,1.2983117,27.29,validacao,V44,LSTM,"/media/marcos/Marcos/Codigos/Predicao_Cafe_Arabica/Teste_2_reuniao_16_dez_ajuste_seed/temp_models/trial_301
Modelo LSTM. Treino: 2012 a 2021. Validação: 2022. Teste: 2023.
Dataset: V44.
Obs: ajuste de seed

Hyperparams:
input_size: 9h: 1lr: 1.62949878692161e-05batch: 32encoder n layers: 1decoder layers: 1",2026-01-07T21:25:41
2022_cluster_0,Canaa,2022-12-31T00:00:00,1.320338983050847,1.2512758,5.23,validacao,V44,LSTM,"/media/marcos/Marcos/Codigos/Predicao_Cafe_Arabica/Teste_2_reuniao_16_dez_ajuste_seed/temp_models/trial_301
Modelo LSTM. Treino: 2012 a 2021. Validação: 2022. Teste: 2023.
Dataset: V44.
Obs: ajuste de seed

Hyperparams:
input_size: 9h: 1lr: 1.62949878692161e-05batch: 32encoder n layers: 1decoder layers: 1",2026-01-07T21:25:41
2022_cluster_0,Candeias,2022-12-31T00:00:00,1.020017406440383,1.3914171,36.41,validacao,V44,LSTM,"/media/marcos/Marcos/Codigos/Predicao_Cafe_Arabica/Teste_2_reuniao_16_dez_ajuste_seed/temp_models/trial_301
Modelo LSTM. Treino: 2012 a 2021. Validação: 2022. Teste: 2023.
Dataset: V44.
Obs: ajuste de seed

Hyperparams:
input_size: 9h: 1lr: 1.62949878692161e-05batch: 32encoder n layers: 1decoder layers: 1",2026-01-07T21:25:41
2022_cluster_0,Caparao,2022-12-31T00:00:00,1.32,1.2856252,2.6,validacao,V44,LSTM,"/media/marcos/Marcos/Codigos/Predicao_Cafe_Arabica/Teste_2_reuniao_16_dez_ajuste_seed/temp_models/trial_301
Modelo LSTM. Treino: 2012 a 2021. Validação: 2022. Teste: 2023.
Dataset: V44.
Obs: ajuste de seed

Hyperparams:
input_size: 9h: 1lr: 1.62949878692161e-05batch: 32encoder n layers: 1decoder layers: 1",2026-01-07T21:25:41
2022_cluster_0,Capitolio,2022-12-31T00:00:00,1.08,1.3711133,26.95,validacao,V44,LSTM,"/media/marcos/Marcos/Codigos/Predicao_Cafe_Arabica/Teste_2_reuniao_16_dez_ajuste_seed/temp_models/trial_301
Modelo LSTM. Treino: 2012 a 2021. Validação: 2022. Teste: 2023.
Dataset: V44.
Obs: ajuste de seed

Hyperparams:
input_size: 9h: 1lr: 1.62949878692161e-05batch: 32encoder n layers: 1decoder layers: 1",2026-01-07T21:25:41
2022_cluster_0,Caputira,2022-12-31T00:00:00,1.440044247787611,1.1661696,19.02,validacao,V44,LSTM,"/media/marcos/Marcos/Codigos/Predicao_Cafe_Arabica/Teste_2_reuniao_16_dez_ajuste_seed/temp_models/trial_301
Modelo LSTM. Treino: 2012 a 2021. Validação: 2022. Teste: 2023.
Dataset: V44.
Obs: ajuste de seed

Hyperparams:
input_size: 9h: 1lr: 1.62949878692161e-05batch: 32encoder n layers: 1decoder layers: 1",2026-01-07T21:25:41
2022_cluster_0,Carangola,2022-12-31T00:00:00,1.02,1.0740693,5.3,validacao,V44,LSTM,"/media/marcos/Marcos/Codigos/Predicao_Cafe_Arabica/Teste_2_reuniao_16_dez_ajuste_seed/temp_models/trial_301
Modelo LSTM. Treino: 2012 a 2021. Validação: 2022. Teste: 2023.
Dataset: V44.
Obs: ajuste de seed

Hyperparams:
input_size: 9h: 1lr: 1.62949878692161e-05batch: 32encoder n layers: 1decoder layers: 1",2026-01-07T21:25:41
2022_cluster_0,Caratinga,2022-12-31T00:00:00,1.620022123893805,1.2646284,21.94,validacao,V44,LSTM,"/media/marcos/Marcos/Codigos/Predicao_Cafe_Arabica/Teste_2_reuniao_16_dez_ajuste_seed/temp_models/trial_301
Modelo LSTM. Treino: 2012 a 2021. Validação: 2022. Teste: 2023.
Dataset: V44.
Obs: ajuste de seed

Hyperparams:
input_size: 9h: 1lr: 1.62949878692161e-05batch: 32encoder n layers: 1decoder layers: 1",2026-01-07T21:25:41
2022_cluster_0,Carmo_da_Mata,2022-12-31T00:00:00,1.56,1.2939185,17.06,validacao,V44,LSTM,"/media/marcos/Marcos/Codigos/Predicao_Cafe_Arabica/Teste_2_reuniao_16_dez_ajuste_seed/temp_models/trial_301
Modelo LSTM. Treino: 2012 a 2021. Validação: 2022. Teste: 2023.
Dataset: V44.
Obs: ajuste de seed

Hyperparams:
input_size: 9h: 1lr: 1.62949878692161e-05batch: 32encoder n layers: 1decoder layers: 1",2026-01-07T21:25:41
2022_cluster_0,Carmo_do_Rio_Claro,2022-12-31T00:00:00,1.619555143651529,1.8586742,14.76,validacao,V44,LSTM,"/media/marcos/Marcos/Codigos/Predicao_Cafe_Arabica/Teste_2_reuniao_16_dez_ajuste_seed/temp_models/trial_301
Modelo LSTM. Treino: 2012 a 2021. Validação: 2022. Teste: 2023.
Dataset: V44.
Obs: ajuste de seed

Hyperparams:
input_size: 9h: 1lr: 1.62949878692161e-05batch: 32encoder n layers: 1decoder layers: 1",2026-01-07T21:25:41
2022_cluster_0,Carmopolis_de_Minas,2022-12-31T00:00:00,1.8000000000000003,1.6284707,9.53,validacao,V44,LSTM,"/media/marcos/Marcos/Codigos/Predicao_Cafe_Arabica/Teste_2_reuniao_16_dez_ajuste_seed/temp_models/trial_301
Modelo LSTM. Treino: 2012 a 2021. Validação: 2022. Teste: 2023.
Dataset: V44.
Obs: ajuste de seed

Hyperparams:
input_size: 9h: 1lr: 1.62949878692161e-05batch: 32encoder n layers: 1decoder layers: 1",2026-01-07T21:25:41
2022_cluster_0,Cassia,2022-12-31T00:00:00,1.413626373626374,1.4832001,4.92,validacao,V44,LSTM,"/media/marcos/Marcos/Codigos/Predicao_Cafe_Arabica/Teste_2_reuniao_16_dez_ajuste_seed/temp_models/trial_301
Modelo LSTM. Treino: 2012 a 2021. Validação: 2022. Teste: 2023.
Dataset: V44.
Obs: ajuste de seed

Hyperparams:
input_size: 9h: 1lr: 1.62949878692161e-05batch: 32encoder n layers: 1decoder layers: 1",2026-01-07T21:25:41
2022_cluster_0,Catas_Altas_da_Noruega,2022-12-31T00:00:00,1.0,0.8775638,12.24,validacao,V44,LSTM,"/media/marcos/Marcos/Codigos/Predicao_Cafe_Arabica/Teste_2_reuniao_16_dez_ajuste_seed/temp_models/trial_301
Modelo LSTM. Treino: 2012 a 2021. Validação: 2022. Teste: 2023.
Dataset: V44.
Obs: ajuste de seed

Hyperparams:
input_size: 9h: 1lr: 1.62949878692161e-05batch: 32encoder n layers: 1decoder layers: 1",2026-01-07T21:25:41
2022_cluster_0,Chale,2022-12-31T00:00:00,1.44,1.3204799,8.3,validacao,V44,LSTM,"/media/marcos/Marcos/Codigos/Predicao_Cafe_Arabica/Teste_2_reuniao_16_dez_ajuste_seed/temp_models/trial_301
Modelo LSTM. Treino: 2012 a 2021. Validação: 2022. Teste: 2023.
Dataset: V44.
Obs: ajuste de seed

Hyperparams:
input_size: 9h: 1lr: 1.62949878692161e-05batch: 32encoder n layers: 1decoder layers: 1",2026-01-07T21:25:41
2022_cluster_0,Claudio,2022-12-31T00:00:00,1.140522875816993,1.391746,22.03,validacao,V44,LSTM,"/media/marcos/Marcos/Codigos/Predicao_Cafe_Arabica/Teste_2_reuniao_16_dez_ajuste_seed/temp_models/trial_301
Modelo LSTM. Treino: 2012 a 2021. Validação: 2022. Teste: 2023.
Dataset: V44.
Obs: ajuste de seed

Hyperparams:
input_size: 9h: 1lr: 1.62949878692161e-05batch: 32encoder n layers: 1decoder layers: 1",2026-01-07T21:25:41
2022_cluster_0,Conceicao_da_Barra_de_Minas,2022-12-31T00:00:00,1.370833333333333,1.6159947,17.88,validacao,V44,LSTM,"/media/marcos/Marcos/Codigos/Predicao_Cafe_Arabica/Teste_2_reuniao_16_dez_ajuste_seed/temp_models/trial_301
Modelo LSTM. Treino: 2012 a 2021. Validação: 2022. Teste: 2023.
Dataset: V44.
Obs: ajuste de seed

Hyperparams:
input_size: 9h: 1lr: 1.62949878692161e-05batch: 32encoder n layers: 1decoder layers: 1",2026-01-07T21:25:41
2022_cluster_0,Conceicao_de_Ipanema,2022-12-31T00:00:00,1.5,1.2742376,15.05,validacao,V44,LSTM,"/media/marcos/Marcos/Codigos/Predicao_Cafe_Arabica/Teste_2_reuniao_16_dez_ajuste_seed/temp_models/trial_301
Modelo LSTM. Treino: 2012 a 2021. Validação: 2022. Teste: 2023.
Dataset: V44.
Obs: ajuste de seed

Hyperparams:
input_size: 9h: 1lr: 1.62949878692161e-05batch: 32encoder n layers: 1decoder layers: 1",2026-01-07T21:25:41
2022_cluster_0,Coqueiral,2022-12-31T00:00:00,1.2,1.4278507,18.99,validacao,V44,LSTM,"/media/marcos/Marcos/Codigos/Predicao_Cafe_Arabica/Teste_2_reuniao_16_dez_ajuste_seed/temp_models/trial_301
Modelo LSTM. Treino: 2012 a 2021. Validação: 2022. Teste: 2023.
Dataset: V44.
Obs: ajuste de seed

Hyperparams:
input_size: 9h: 1lr: 1.62949878692161e-05batch: 32encoder n layers: 1decoder layers: 1",2026-01-07T21:25:41
2022_cluster_0,Corrego_Danta,2022-12-31T00:00:00,1.5,1.4482424,3.45,validacao,V44,LSTM,"/media/marcos/Marcos/Codigos/Predicao_Cafe_Arabica/Teste_2_reuniao_16_dez_ajuste_seed/temp_models/trial_301
Modelo LSTM. Treino: 2012 a 2021. Validação: 2022. Teste: 2023.
Dataset: V44.
Obs: ajuste de seed

Hyperparams:
input_size: 9h: 1lr: 1.62949878692161e-05batch: 32encoder n layers: 1decoder layers: 1",2026-01-07T21:25:41
2022_cluster_0,Cristais,2022-12-31T00:00:00,1.059063136456212,1.5065091,42.25,validacao,V44,LSTM,"/media/marcos/Marcos/Codigos/Predicao_Cafe_Arabica/Teste_2_reuniao_16_dez_ajuste_seed/temp_models/trial_301
Modelo LSTM. Treino: 2012 a 2021. Validação: 2022. Teste: 2023.
Dataset: V44.
Obs: ajuste de seed

Hyperparams:
input_size: 9h: 1lr: 1.62949878692161e-05batch: 32encoder n layers: 1decoder layers: 1",2026-01-07T21:25:41
2022_cluster_0,Desterro_de_Entre_Rios,2022-12-31T00:00:00,1.8000000000000003,1.6047065,10.85,validacao,V44,LSTM,"/media/marcos/Marcos/Codigos/Predicao_Cafe_Arabica/Teste_2_reuniao_16_dez_ajuste_seed/temp_models/trial_301
Modelo LSTM. Treino: 2012 a 2021. Validação: 2022. Teste: 2023.
Dataset: V44.
Obs: ajuste de seed

Hyperparams:
input_size: 9h: 1lr: 1.62949878692161e-05batch: 32encoder n layers: 1decoder layers: 1",2026-01-07T21:25:41
2022_cluster_0,Divinesia,2022-12-31T00:00:00,2.2230769230769227,1.75807,20.92,validacao,V44,LSTM,"/media/marcos/Marcos/Codigos/Predicao_Cafe_Arabica/Teste_2_reuniao_16_dez_ajuste_seed/temp_models/trial_301
Modelo LSTM. Treino: 2012 a 2021. Validação: 2022. Teste: 2023.
Dataset: V44.
Obs: ajuste de seed

Hyperparams:
input_size: 9h: 1lr: 1.62949878692161e-05batch: 32encoder n layers: 1decoder layers: 1",2026-01-07T21:25:41
2022_cluster_0,Divino,2022-12-31T00:00:00,1.08,1.1769112,8.97,validacao,V44,LSTM,"/media/marcos/Marcos/Codigos/Predicao_Cafe_Arabica/Teste_2_reuniao_16_dez_ajuste_seed/temp_models/trial_301
Modelo LSTM. Treino: 2012 a 2021. Validação: 2022. Teste: 2023.
Dataset: V44.
Obs: ajuste de seed

Hyperparams:
input_size: 9h: 1lr: 1.62949878692161e-05batch: 32encoder n layers: 1decoder layers: 1",2026-01-07T21:25:41
2022_cluster_0,Doresopolis,2022-12-31T00:00:00,1.32,1.3683515,3.66,validacao,V44,LSTM,"/media/marcos/Marcos/Codigos/Predicao_Cafe_Arabica/Teste_2_reuniao_16_dez_ajuste_seed/temp_models/trial_301
Modelo LSTM. Treino: 2012 a 2021. Validação: 2022. Teste: 2023.
Dataset: V44.
Obs: ajuste de seed

Hyperparams:
input_size: 9h: 1lr: 1.62949878692161e-05batch: 32encoder n layers: 1decoder layers: 1",2026-01-07T21:25:41
2022_cluster_0,Durande,2022-12-31T00:00:00,1.5,1.5832214,5.55,validacao,V44,LSTM,"/media/marcos/Marcos/Codigos/Predicao_Cafe_Arabica/Teste_2_reuniao_16_dez_ajuste_seed/temp_models/trial_301
Modelo LSTM. Treino: 2012 a 2021. Validação: 2022. Teste: 2023.
Dataset: V44.
Obs: ajuste de seed

Hyperparams:
input_size: 9h: 1lr: 1.62949878692161e-05batch: 32encoder n layers: 1decoder layers: 1",2026-01-07T21:25:41
2022_cluster_0,Eloi_Mendes,2022-12-31T00:00:00,1.090201870999508,1.3398938,22.9,validacao,V44,LSTM,"/media/marcos/Marcos/Codigos/Predicao_Cafe_Arabica/Teste_2_reuniao_16_dez_ajuste_seed/temp_models/trial_301
Modelo LSTM. Treino: 2012 a 2021. Validação: 2022. Teste: 2023.
Dataset: V44.
Obs: ajuste de seed

Hyperparams:
input_size: 9h: 1lr: 1.62949878692161e-05batch: 32encoder n layers: 1decoder layers: 1",2026-01-07T21:25:41
2022_cluster_0,Entre_Folhas,2022-12-31T00:00:00,1.2,0.9768474,18.6,validacao,V44,LSTM,"/media/marcos/Marcos/Codigos/Predicao_Cafe_Arabica/Teste_2_reuniao_16_dez_ajuste_seed/temp_models/trial_301
Modelo LSTM. Treino: 2012 a 2021. Validação: 2022. Teste: 2023.
Dataset: V44.
Obs: ajuste de seed

Hyperparams:
input_size: 9h: 1lr: 1.62949878692161e-05batch: 32encoder n layers: 1decoder layers: 1",2026-01-07T21:25:41
2022_cluster_0,Entre_Rios_de_Minas,2022-12-31T00:00:00,1.8000000000000003,1.8053067,0.29,validacao,V44,LSTM,"/media/marcos/Marcos/Codigos/Predicao_Cafe_Arabica/Teste_2_reuniao_16_dez_ajuste_seed/temp_models/trial_301
Modelo LSTM. Treino: 2012 a 2021. Validação: 2022. Teste: 2023.
Dataset: V44.
Obs: ajuste de seed

Hyperparams:
input_size: 9h: 1lr: 1.62949878692161e-05batch: 32encoder n layers: 1decoder layers: 1",2026-01-07T21:25:41
2022_cluster_0,Ervalia,2022-12-31T00:00:00,1.2,1.3531405,12.76,validacao,V44,LSTM,"/media/marcos/Marcos/Codigos/Predicao_Cafe_Arabica/Teste_2_reuniao_16_dez_ajuste_seed/temp_models/trial_301
Modelo LSTM. Treino: 2012 a 2021. Validação: 2022. Teste: 2023.
Dataset: V44.
Obs: ajuste de seed

Hyperparams:
input_size: 9h: 1lr: 1.62949878692161e-05batch: 32encoder n layers: 1decoder layers: 1",2026-01-07T21:25:41
2022_cluster_0,Espera_Feliz,2022-12-31T00:00:00,1.2,1.2958684,7.99,validacao,V44,LSTM,"/media/marcos/Marcos/Codigos/Predicao_Cafe_Arabica/Teste_2_reuniao_16_dez_ajuste_seed/temp_models/trial_301
Modelo LSTM. Treino: 2012 a 2021. Validação: 2022. Teste: 2023.
Dataset: V44.
Obs: ajuste de seed

Hyperparams:
input_size: 9h: 1lr: 1.62949878692161e-05batch: 32encoder n layers: 1decoder layers: 1",2026-01-07T21:25:41
2022_cluster_0,Faria_Lemos,2022-12-31T00:00:00,1.200305810397553,1.0714982,10.73,validacao,V44,LSTM,"/media/marcos/Marcos/Codigos/Predicao_Cafe_Arabica/Teste_2_reuniao_16_dez_ajuste_seed/temp_models/trial_301
Modelo LSTM. Treino: 2012 a 2021. Validação: 2022. Teste: 2023.
Dataset: V44.
Obs: ajuste de seed

Hyperparams:
input_size: 9h: 1lr: 1.62949878692161e-05batch: 32encoder n layers: 1decoder layers: 1",2026-01-07T21:25:41
2022_cluster_0,Ferros,2022-12-31T00:00:00,1.230769230769231,0.97805893,20.53,validacao,V44,LSTM,"/media/marcos/Marcos/Codigos/Predicao_Cafe_Arabica/Teste_2_reuniao_16_dez_ajuste_seed/temp_models/trial_301
Modelo LSTM. Treino: 2012 a 2021. Validação: 2022. Teste: 2023.
Dataset: V44.
Obs: ajuste de seed

Hyperparams:
input_size: 9h: 1lr: 1.62949878692161e-05batch: 32encoder n layers: 1decoder layers: 1",2026-01-07T21:25:41
2022_cluster_0,Fervedouro,2022-12-31T00:00:00,1.4399108138238568,1.1568606,19.66,validacao,V44,LSTM,"/media/marcos/Marcos/Codigos/Predicao_Cafe_Arabica/Teste_2_reuniao_16_dez_ajuste_seed/temp_models/trial_301
Modelo LSTM. Treino: 2012 a 2021. Validação: 2022. Teste: 2023.
Dataset: V44.
Obs: ajuste de seed

Hyperparams:
input_size: 9h: 1lr: 1.62949878692161e-05batch: 32encoder n layers: 1decoder layers: 1",2026-01-07T21:25:41
2022_cluster_0,Guape,2022-12-31T00:00:00,1.262758620689655,1.6808115,33.11,validacao,V44,LSTM,"/media/marcos/Marcos/Codigos/Predicao_Cafe_Arabica/Teste_2_reuniao_16_dez_ajuste_seed/temp_models/trial_301
Modelo LSTM. Treino: 2012 a 2021. Validação: 2022. Teste: 2023.
Dataset: V44.
Obs: ajuste de seed

Hyperparams:
input_size: 9h: 1lr: 1.62949878692161e-05batch: 32encoder n layers: 1decoder layers: 1",2026-01-07T21:25:41
2022_cluster_0,Ibituruna,2022-12-31T00:00:00,1.2,1.4349502,19.58,validacao,V44,LSTM,"/media/marcos/Marcos/Codigos/Predicao_Cafe_Arabica/Teste_2_reuniao_16_dez_ajuste_seed/temp_models/trial_301
Modelo LSTM. Treino: 2012 a 2021. Validação: 2022. Teste: 2023.
Dataset: V44.
Obs: ajuste de seed

Hyperparams:
input_size: 9h: 1lr: 1.62949878692161e-05batch: 32encoder n layers: 1decoder layers: 1",2026-01-07T21:25:41
2022_cluster_0,Ilicinea,2022-12-31T00:00:00,1.080069324090121,1.6970083,57.12,validacao,V44,LSTM,"/media/marcos/Marcos/Codigos/Predicao_Cafe_Arabica/Teste_2_reuniao_16_dez_ajuste_seed/temp_models/trial_301
Modelo LSTM. Treino: 2012 a 2021. Validação: 2022. Teste: 2023.
Dataset: V44.
Obs: ajuste de seed

Hyperparams:
input_size: 9h: 1lr: 1.62949878692161e-05batch: 32encoder n layers: 1decoder layers: 1",2026-01-07T21:25:41
2022_cluster_0,Itapecerica,2022-12-31T00:00:00,1.040506329113924,1.1093997,6.62,validacao,V44,LSTM,"/media/marcos/Marcos/Codigos/Predicao_Cafe_Arabica/Teste_2_reuniao_16_dez_ajuste_seed/temp_models/trial_301
Modelo LSTM. Treino: 2012 a 2021. Validação: 2022. Teste: 2023.
Dataset: V44.
Obs: ajuste de seed

Hyperparams:
input_size: 9h: 1lr: 1.62949878692161e-05batch: 32encoder n layers: 1decoder layers: 1",2026-01-07T21:25:41
2022_cluster_0,Ituiutaba,2022-12-31T00:00:00,1.75,1.160979,33.66,validacao,V44,LSTM,"/media/marcos/Marcos/Codigos/Predicao_Cafe_Arabica/Teste_2_reuniao_16_dez_ajuste_seed/temp_models/trial_301
Modelo LSTM. Treino: 2012 a 2021. Validação: 2022. Teste: 2023.
Dataset: V44.
Obs: ajuste de seed

Hyperparams:
input_size: 9h: 1lr: 1.62949878692161e-05batch: 32encoder n layers: 1decoder layers: 1",2026-01-07T21:25:41
2022_cluster_0,Itumirim,2022-12-31T00:00:00,1.249307479224377,1.3768966,10.21,validacao,V44,LSTM,"/media/marcos/Marcos/Codigos/Predicao_Cafe_Arabica/Teste_2_reuniao_16_dez_ajuste_seed/temp_models/trial_301
Modelo LSTM. Treino: 2012 a 2021. Validação: 2022. Teste: 2023.
Dataset: V44.
Obs: ajuste de seed

Hyperparams:
input_size: 9h: 1lr: 1.62949878692161e-05batch: 32encoder n layers: 1decoder layers: 1",2026-01-07T21:25:41
2022_cluster_0,Lajinha,2022-12-31T00:00:00,1.419975786924939,1.3180026,7.18,validacao,V44,LSTM,"/media/marcos/Marcos/Codigos/Predicao_Cafe_Arabica/Teste_2_reuniao_16_dez_ajuste_seed/temp_models/trial_301
Modelo LSTM. Treino: 2012 a 2021. Validação: 2022. Teste: 2023.
Dataset: V44.
Obs: ajuste de seed

Hyperparams:
input_size: 9h: 1lr: 1.62949878692161e-05batch: 32encoder n layers: 1decoder layers: 1",2026-01-07T21:25:41
2022_cluster_0,Lavras,2022-12-31T00:00:00,1.260078277886497,1.3993975,11.06,validacao,V44,LSTM,"/media/marcos/Marcos/Codigos/Predicao_Cafe_Arabica/Teste_2_reuniao_16_dez_ajuste_seed/temp_models/trial_301
Modelo LSTM. Treino: 2012 a 2021. Validação: 2022. Teste: 2023.
Dataset: V44.
Obs: ajuste de seed

Hyperparams:
input_size: 9h: 1lr: 1.62949878692161e-05batch: 32encoder n layers: 1decoder layers: 1",2026-01-07T21:25:41
2022_cluster_0,Luisburgo,2022-12-31T00:00:00,1.5,1.4694841,2.03,validacao,V44,LSTM,"/media/marcos/Marcos/Codigos/Predicao_Cafe_Arabica/Teste_2_reuniao_16_dez_ajuste_seed/temp_models/trial_301
Modelo LSTM. Treino: 2012 a 2021. Validação: 2022. Teste: 2023.
Dataset: V44.
Obs: ajuste de seed

Hyperparams:
input_size: 9h: 1lr: 1.62949878692161e-05batch: 32encoder n layers: 1decoder layers: 1",2026-01-07T21:25:41
2022_cluster_0,Machado,2022-12-31T00:00:00,0.964047619047619,1.5321548,58.93,validacao,V44,LSTM,"/media/marcos/Marcos/Codigos/Predicao_Cafe_Arabica/Teste_2_reuniao_16_dez_ajuste_seed/temp_models/trial_301
Modelo LSTM. Treino: 2012 a 2021. Validação: 2022. Teste: 2023.
Dataset: V44.
Obs: ajuste de seed

Hyperparams:
input_size: 9h: 1lr: 1.62949878692161e-05batch: 32encoder n layers: 1decoder layers: 1",2026-01-07T21:25:41
2022_cluster_0,Manhuacu,2022-12-31T00:00:00,1.44,1.1741866,18.46,validacao,V44,LSTM,"/media/marcos/Marcos/Codigos/Predicao_Cafe_Arabica/Teste_2_reuniao_16_dez_ajuste_seed/temp_models/trial_301
Modelo LSTM. Treino: 2012 a 2021. Validação: 2022. Teste: 2023.
Dataset: V44.
Obs: ajuste de seed

Hyperparams:
input_size: 9h: 1lr: 1.62949878692161e-05batch: 32encoder n layers: 1decoder layers: 1",2026-01-07T21:25:41
2022_cluster_0,Manhumirim,2022-12-31T00:00:00,1.3799999999999997,1.4179806,2.75,validacao,V44,LSTM,"/media/marcos/Marcos/Codigos/Predicao_Cafe_Arabica/Teste_2_reuniao_16_dez_ajuste_seed/temp_models/trial_301
Modelo LSTM. Treino: 2012 a 2021. Validação: 2022. Teste: 2023.
Dataset: V44.
Obs: ajuste de seed

Hyperparams:
input_size: 9h: 1lr: 1.62949878692161e-05batch: 32encoder n layers: 1decoder layers: 1",2026-01-07T21:25:41
2022_cluster_0,Martins_Soares,2022-12-31T00:00:00,1.3799999999999997,1.5601194,13.05,validacao,V44,LSTM,"/media/marcos/Marcos/Codigos/Predicao_Cafe_Arabica/Teste_2_reuniao_16_dez_ajuste_seed/temp_models/trial_301
Modelo LSTM. Treino: 2012 a 2021. Validação: 2022. Teste: 2023.
Dataset: V44.
Obs: ajuste de seed

Hyperparams:
input_size: 9h: 1lr: 1.62949878692161e-05batch: 32encoder n layers: 1decoder layers: 1",2026-01-07T21:25:41
2022_cluster_0,Matipo,2022-12-31T00:00:00,1.26,1.2006923,4.71,validacao,V44,LSTM,"/media/marcos/Marcos/Codigos/Predicao_Cafe_Arabica/Teste_2_reuniao_16_dez_ajuste_seed/temp_models/trial_301
Modelo LSTM. Treino: 2012 a 2021. Validação: 2022. Teste: 2023.
Dataset: V44.
Obs: ajuste de seed

Hyperparams:
input_size: 9h: 1lr: 1.62949878692161e-05batch: 32encoder n layers: 1decoder layers: 1",2026-01-07T21:25:41
2022_cluster_0,Medeiros,2022-12-31T00:00:00,1.5,1.6081219,7.21,validacao,V44,LSTM,"/media/marcos/Marcos/Codigos/Predicao_Cafe_Arabica/Teste_2_reuniao_16_dez_ajuste_seed/temp_models/trial_301
Modelo LSTM. Treino: 2012 a 2021. Validação: 2022. Teste: 2023.
Dataset: V44.
Obs: ajuste de seed

Hyperparams:
input_size: 9h: 1lr: 1.62949878692161e-05batch: 32encoder n layers: 1decoder layers: 1",2026-01-07T21:25:41
2022_cluster_0,Miradouro,2022-12-31T00:00:00,0.9599999999999999,1.3405447,39.64,validacao,V44,LSTM,"/media/marcos/Marcos/Codigos/Predicao_Cafe_Arabica/Teste_2_reuniao_16_dez_ajuste_seed/temp_models/trial_301
Modelo LSTM. Treino: 2012 a 2021. Validação: 2022. Teste: 2023.
Dataset: V44.
Obs: ajuste de seed

Hyperparams:
input_size: 9h: 1lr: 1.62949878692161e-05batch: 32encoder n layers: 1decoder layers: 1",2026-01-07T21:25:41
2022_cluster_0,Mirai,2022-12-31T00:00:00,1.2,1.0626174,11.45,validacao,V44,LSTM,"/media/marcos/Marcos/Codigos/Predicao_Cafe_Arabica/Teste_2_reuniao_16_dez_ajuste_seed/temp_models/trial_301
Modelo LSTM. Treino: 2012 a 2021. Validação: 2022. Teste: 2023.
Dataset: V44.
Obs: ajuste de seed

Hyperparams:
input_size: 9h: 1lr: 1.62949878692161e-05batch: 32encoder n layers: 1decoder layers: 1",2026-01-07T21:25:41
2022_cluster_0,Moeda,2022-12-31T00:00:00,1.25,1.0098717,19.21,validacao,V44,LSTM,"/media/marcos/Marcos/Codigos/Predicao_Cafe_Arabica/Teste_2_reuniao_16_dez_ajuste_seed/temp_models/trial_301
Modelo LSTM. Treino: 2012 a 2021. Validação: 2022. Teste: 2023.
Dataset: V44.
Obs: ajuste de seed

Hyperparams:
input_size: 9h: 1lr: 1.62949878692161e-05batch: 32encoder n layers: 1decoder layers: 1",2026-01-07T21:25:41
2022_cluster_0,Muriae,2022-12-31T00:00:00,0.9897142857142858,1.1796064,19.19,validacao,V44,LSTM,"/media/marcos/Marcos/Codigos/Predicao_Cafe_Arabica/Teste_2_reuniao_16_dez_ajuste_seed/temp_models/trial_301
Modelo LSTM. Treino: 2012 a 2021. Validação: 2022. Teste: 2023.
Dataset: V44.
Obs: ajuste de seed

Hyperparams:
input_size: 9h: 1lr: 1.62949878692161e-05batch: 32encoder n layers: 1decoder layers: 1",2026-01-07T21:25:41
2022_cluster_0,Mutum,2022-12-31T00:00:00,1.379940564635958,1.3423011,2.73,validacao,V44,LSTM,"/media/marcos/Marcos/Codigos/Predicao_Cafe_Arabica/Teste_2_reuniao_16_dez_ajuste_seed/temp_models/trial_301
Modelo LSTM. Treino: 2012 a 2021. Validação: 2022. Teste: 2023.
Dataset: V44.
Obs: ajuste de seed

Hyperparams:
input_size: 9h: 1lr: 1.62949878692161e-05batch: 32encoder n layers: 1decoder layers: 1",2026-01-07T21:25:41
2022_cluster_0,Nazareno,2022-12-31T00:00:00,1.319811320754717,1.6070546,21.76,validacao,V44,LSTM,"/media/marcos/Marcos/Codigos/Predicao_Cafe_Arabica/Teste_2_reuniao_16_dez_ajuste_seed/temp_models/trial_301
Modelo LSTM. Treino: 2012 a 2021. Validação: 2022. Teste: 2023.
Dataset: V44.
Obs: ajuste de seed

Hyperparams:
input_size: 9h: 1lr: 1.62949878692161e-05batch: 32encoder n layers: 1decoder layers: 1",2026-01-07T21:25:41
2022_cluster_0,Nepomuceno,2022-12-31T00:00:00,0.8699884125144843,1.4799037,70.11,validacao,V44,LSTM,"/media/marcos/Marcos/Codigos/Predicao_Cafe_Arabica/Teste_2_reuniao_16_dez_ajuste_seed/temp_models/trial_301
Modelo LSTM. Treino: 2012 a 2021. Validação: 2022. Teste: 2023.
Dataset: V44.
Obs: ajuste de seed

Hyperparams:
input_size: 9h: 1lr: 1.62949878692161e-05batch: 32encoder n layers: 1decoder layers: 1",2026-01-07T21:25:41
2022_cluster_0,Oliveira,2022-12-31T00:00:00,1.535560504825538,1.5409418,0.35,validacao,V44,LSTM,"/media/marcos/Marcos/Codigos/Predicao_Cafe_Arabica/Teste_2_reuniao_16_dez_ajuste_seed/temp_models/trial_301
Modelo LSTM. Treino: 2012 a 2021. Validação: 2022. Teste: 2023.
Dataset: V44.
Obs: ajuste de seed

Hyperparams:
input_size: 9h: 1lr: 1.62949878692161e-05batch: 32encoder n layers: 1decoder layers: 1",2026-01-07T21:25:41
2022_cluster_0,Orizania,2022-12-31T00:00:00,1.5,1.3732703,8.45,validacao,V44,LSTM,"/media/marcos/Marcos/Codigos/Predicao_Cafe_Arabica/Teste_2_reuniao_16_dez_ajuste_seed/temp_models/trial_301
Modelo LSTM. Treino: 2012 a 2021. Validação: 2022. Teste: 2023.
Dataset: V44.
Obs: ajuste de seed

Hyperparams:
input_size: 9h: 1lr: 1.62949878692161e-05batch: 32encoder n layers: 1decoder layers: 1",2026-01-07T21:25:41
2022_cluster_0,Paraguacu,2022-12-31T00:00:00,1.043954802259887,1.3479174,29.12,validacao,V44,LSTM,"/media/marcos/Marcos/Codigos/Predicao_Cafe_Arabica/Teste_2_reuniao_16_dez_ajuste_seed/temp_models/trial_301
Modelo LSTM. Treino: 2012 a 2021. Validação: 2022. Teste: 2023.
Dataset: V44.
Obs: ajuste de seed

Hyperparams:
input_size: 9h: 1lr: 1.62949878692161e-05batch: 32encoder n layers: 1decoder layers: 1",2026-01-07T21:25:41
2022_cluster_0,Passa_Tempo,2022-12-31T00:00:00,1.507692307692308,1.5104067,0.18,validacao,V44,LSTM,"/media/marcos/Marcos/Codigos/Predicao_Cafe_Arabica/Teste_2_reuniao_16_dez_ajuste_seed/temp_models/trial_301
Modelo LSTM. Treino: 2012 a 2021. Validação: 2022. Teste: 2023.
Dataset: V44.
Obs: ajuste de seed

Hyperparams:
input_size: 9h: 1lr: 1.62949878692161e-05batch: 32encoder n layers: 1decoder layers: 1",2026-01-07T21:25:41
2022_cluster_0,Perdoes,2022-12-31T00:00:00,1.259859154929577,1.5224762,20.84,validacao,V44,LSTM,"/media/marcos/Marcos/Codigos/Predicao_Cafe_Arabica/Teste_2_reuniao_16_dez_ajuste_seed/temp_models/trial_301
Modelo LSTM. Treino: 2012 a 2021. Validação: 2022. Teste: 2023.
Dataset: V44.
Obs: ajuste de seed

Hyperparams:
input_size: 9h: 1lr: 1.62949878692161e-05batch: 32encoder n layers: 1decoder layers: 1",2026-01-07T21:25:41
2022_cluster_0,Pimenta,2022-12-31T00:00:00,1.3502325581395351,1.5951033,18.14,validacao,V44,LSTM,"/media/marcos/Marcos/Codigos/Predicao_Cafe_Arabica/Teste_2_reuniao_16_dez_ajuste_seed/temp_models/trial_301
Modelo LSTM. Treino: 2012 a 2021. Validação: 2022. Teste: 2023.
Dataset: V44.
Obs: ajuste de seed

Hyperparams:
input_size: 9h: 1lr: 1.62949878692161e-05batch: 32encoder n layers: 1decoder layers: 1",2026-01-07T21:25:41
2022_cluster_0,Piranga,2022-12-31T00:00:00,1.8000000000000003,1.5930412,11.5,validacao,V44,LSTM,"/media/marcos/Marcos/Codigos/Predicao_Cafe_Arabica/Teste_2_reuniao_16_dez_ajuste_seed/temp_models/trial_301
Modelo LSTM. Treino: 2012 a 2021. Validação: 2022. Teste: 2023.
Dataset: V44.
Obs: ajuste de seed

Hyperparams:
input_size: 9h: 1lr: 1.62949878692161e-05batch: 32encoder n layers: 1decoder layers: 1",2026-01-07T21:25:41
2022_cluster_0,Piumhi,2022-12-31T00:00:00,1.2,1.4110744,17.59,validacao,V44,LSTM,"/media/marcos/Marcos/Codigos/Predicao_Cafe_Arabica/Teste_2_reuniao_16_dez_ajuste_seed/temp_models/trial_301
Modelo LSTM. Treino: 2012 a 2021. Validação: 2022. Teste: 2023.
Dataset: V44.
Obs: ajuste de seed

Hyperparams:
input_size: 9h: 1lr: 1.62949878692161e-05batch: 32encoder n layers: 1decoder layers: 1",2026-01-07T21:25:41
2022_cluster_0,Ponte_Nova,2022-12-31T00:00:00,1.25,1.1903156,4.77,validacao,V44,LSTM,"/media/marcos/Marcos/Codigos/Predicao_Cafe_Arabica/Teste_2_reuniao_16_dez_ajuste_seed/temp_models/trial_301
Modelo LSTM. Treino: 2012 a 2021. Validação: 2022. Teste: 2023.
Dataset: V44.
Obs: ajuste de seed

Hyperparams:
input_size: 9h: 1lr: 1.62949878692161e-05batch: 32encoder n layers: 1decoder layers: 1",2026-01-07T21:25:41
2022_cluster_0,Porto_Firme,2022-12-31T00:00:00,1.32,1.1873447,10.05,validacao,V44,LSTM,"/media/marcos/Marcos/Codigos/Predicao_Cafe_Arabica/Teste_2_reuniao_16_dez_ajuste_seed/temp_models/trial_301
Modelo LSTM. Treino: 2012 a 2021. Validação: 2022. Teste: 2023.
Dataset: V44.
Obs: ajuste de seed

Hyperparams:
input_size: 9h: 1lr: 1.62949878692161e-05batch: 32encoder n layers: 1decoder layers: 1",2026-01-07T21:25:41
2022_cluster_0,Raul_Soares,2022-12-31T00:00:00,0.8399548532731377,1.0166271,21.03,validacao,V44,LSTM,"/media/marcos/Marcos/Codigos/Predicao_Cafe_Arabica/Teste_2_reuniao_16_dez_ajuste_seed/temp_models/trial_301
Modelo LSTM. Treino: 2012 a 2021. Validação: 2022. Teste: 2023.
Dataset: V44.
Obs: ajuste de seed

Hyperparams:
input_size: 9h: 1lr: 1.62949878692161e-05batch: 32encoder n layers: 1decoder layers: 1",2026-01-07T21:25:41
2022_cluster_0,Reduto,2022-12-31T00:00:00,1.260059171597633,1.3328964,5.78,validacao,V44,LSTM,"/media/marcos/Marcos/Codigos/Predicao_Cafe_Arabica/Teste_2_reuniao_16_dez_ajuste_seed/temp_models/trial_301
Modelo LSTM. Treino: 2012 a 2021. Validação: 2022. Teste: 2023.
Dataset: V44.
Obs: ajuste de seed

Hyperparams:
input_size: 9h: 1lr: 1.62949878692161e-05batch: 32encoder n layers: 1decoder layers: 1",2026-01-07T21:25:41
2022_cluster_0,Ribeirao_Vermelho,2022-12-31T00:00:00,1.32,1.4370749,8.87,validacao,V44,LSTM,"/media/marcos/Marcos/Codigos/Predicao_Cafe_Arabica/Teste_2_reuniao_16_dez_ajuste_seed/temp_models/trial_301
Modelo LSTM. Treino: 2012 a 2021. Validação: 2022. Teste: 2023.
Dataset: V44.
Obs: ajuste de seed

Hyperparams:
input_size: 9h: 1lr: 1.62949878692161e-05batch: 32encoder n layers: 1decoder layers: 1",2026-01-07T21:25:41
2022_cluster_0,Ritapolis,2022-12-31T00:00:00,1.8000000000000003,1.6986108,5.63,validacao,V44,LSTM,"/media/marcos/Marcos/Codigos/Predicao_Cafe_Arabica/Teste_2_reuniao_16_dez_ajuste_seed/temp_models/trial_301
Modelo LSTM. Treino: 2012 a 2021. Validação: 2022. Teste: 2023.
Dataset: V44.
Obs: ajuste de seed

Hyperparams:
input_size: 9h: 1lr: 1.62949878692161e-05batch: 32encoder n layers: 1decoder layers: 1",2026-01-07T21:25:41
2022_cluster_0,Rosario_da_Limeira,2022-12-31T00:00:00,1.02,1.1448661,12.24,validacao,V44,LSTM,"/media/marcos/Marcos/Codigos/Predicao_Cafe_Arabica/Teste_2_reuniao_16_dez_ajuste_seed/temp_models/trial_301
Modelo LSTM. Treino: 2012 a 2021. Validação: 2022. Teste: 2023.
Dataset: V44.
Obs: ajuste de seed

Hyperparams:
input_size: 9h: 1lr: 1.62949878692161e-05batch: 32encoder n layers: 1decoder layers: 1",2026-01-07T21:25:41
2022_cluster_0,Santa_Barbara_do_Leste,2022-12-31T00:00:00,1.05015873015873,1.1069176,5.4,validacao,V44,LSTM,"/media/marcos/Marcos/Codigos/Predicao_Cafe_Arabica/Teste_2_reuniao_16_dez_ajuste_seed/temp_models/trial_301
Modelo LSTM. Treino: 2012 a 2021. Validação: 2022. Teste: 2023.
Dataset: V44.
Obs: ajuste de seed

Hyperparams:
input_size: 9h: 1lr: 1.62949878692161e-05batch: 32encoder n layers: 1decoder layers: 1",2026-01-07T21:25:41
2022_cluster_0,Santa_Margarida,2022-12-31T00:00:00,1.3799999999999997,1.2884444,6.63,validacao,V44,LSTM,"/media/marcos/Marcos/Codigos/Predicao_Cafe_Arabica/Teste_2_reuniao_16_dez_ajuste_seed/temp_models/trial_301
Modelo LSTM. Treino: 2012 a 2021. Validação: 2022. Teste: 2023.
Dataset: V44.
Obs: ajuste de seed

Hyperparams:
input_size: 9h: 1lr: 1.62949878692161e-05batch: 32encoder n layers: 1decoder layers: 1",2026-01-07T21:25:41
2022_cluster_0,Santa_Rita_de_Minas,2022-12-31T00:00:00,1.019909502262443,1.1780566,15.51,validacao,V44,LSTM,"/media/marcos/Marcos/Codigos/Predicao_Cafe_Arabica/Teste_2_reuniao_16_dez_ajuste_seed/temp_models/trial_301
Modelo LSTM. Treino: 2012 a 2021. Validação: 2022. Teste: 2023.
Dataset: V44.
Obs: ajuste de seed

Hyperparams:
input_size: 9h: 1lr: 1.62949878692161e-05batch: 32encoder n layers: 1decoder layers: 1",2026-01-07T21:25:41
2022_cluster_0,Santa_Rita_do_Itueto,2022-12-31T00:00:00,1.6399999999999997,1.2695506,22.59,validacao,V44,LSTM,"/media/marcos/Marcos/Codigos/Predicao_Cafe_Arabica/Teste_2_reuniao_16_dez_ajuste_seed/temp_models/trial_301
Modelo LSTM. Treino: 2012 a 2021. Validação: 2022. Teste: 2023.
Dataset: V44.
Obs: ajuste de seed

Hyperparams:
input_size: 9h: 1lr: 1.62949878692161e-05batch: 32encoder n layers: 1decoder layers: 1",2026-01-07T21:25:41
2022_cluster_0,Santana_da_Vargem,2022-12-31T00:00:00,0.9900921658986176,1.4853137,50.02,validacao,V44,LSTM,"/media/marcos/Marcos/Codigos/Predicao_Cafe_Arabica/Teste_2_reuniao_16_dez_ajuste_seed/temp_models/trial_301
Modelo LSTM. Treino: 2012 a 2021. Validação: 2022. Teste: 2023.
Dataset: V44.
Obs: ajuste de seed

Hyperparams:
input_size: 9h: 1lr: 1.62949878692161e-05batch: 32encoder n layers: 1decoder layers: 1",2026-01-07T21:25:41
2022_cluster_0,Santana_do_Jacare,2022-12-31T00:00:00,1.5,1.2995479,13.36,validacao,V44,LSTM,"/media/marcos/Marcos/Codigos/Predicao_Cafe_Arabica/Teste_2_reuniao_16_dez_ajuste_seed/temp_models/trial_301
Modelo LSTM. Treino: 2012 a 2021. Validação: 2022. Teste: 2023.
Dataset: V44.
Obs: ajuste de seed

Hyperparams:
input_size: 9h: 1lr: 1.62949878692161e-05batch: 32encoder n layers: 1decoder layers: 1",2026-01-07T21:25:41
2022_cluster_0,Santana_do_Manhuacu,2022-12-31T00:00:00,1.26,1.3704355,8.76,validacao,V44,LSTM,"/media/marcos/Marcos/Codigos/Predicao_Cafe_Arabica/Teste_2_reuniao_16_dez_ajuste_seed/temp_models/trial_301
Modelo LSTM. Treino: 2012 a 2021. Validação: 2022. Teste: 2023.
Dataset: V44.
Obs: ajuste de seed

Hyperparams:
input_size: 9h: 1lr: 1.62949878692161e-05batch: 32encoder n layers: 1decoder layers: 1",2026-01-07T21:25:41
2022_cluster_0,Sao_Domingos_das_Dores,2022-12-31T00:00:00,1.2,1.5138481,26.15,validacao,V44,LSTM,"/media/marcos/Marcos/Codigos/Predicao_Cafe_Arabica/Teste_2_reuniao_16_dez_ajuste_seed/temp_models/trial_301
Modelo LSTM. Treino: 2012 a 2021. Validação: 2022. Teste: 2023.
Dataset: V44.
Obs: ajuste de seed

Hyperparams:
input_size: 9h: 1lr: 1.62949878692161e-05batch: 32encoder n layers: 1decoder layers: 1",2026-01-07T21:25:41
2022_cluster_0,Sao_Francisco_de_Paula,2022-12-31T00:00:00,1.62,1.3004373,19.73,validacao,V44,LSTM,"/media/marcos/Marcos/Codigos/Predicao_Cafe_Arabica/Teste_2_reuniao_16_dez_ajuste_seed/temp_models/trial_301
Modelo LSTM. Treino: 2012 a 2021. Validação: 2022. Teste: 2023.
Dataset: V44.
Obs: ajuste de seed

Hyperparams:
input_size: 9h: 1lr: 1.62949878692161e-05batch: 32encoder n layers: 1decoder layers: 1",2026-01-07T21:25:41
2022_cluster_0,Sao_Francisco_do_Gloria,2022-12-31T00:00:00,0.9601476014760146,1.109764,15.58,validacao,V44,LSTM,"/media/marcos/Marcos/Codigos/Predicao_Cafe_Arabica/Teste_2_reuniao_16_dez_ajuste_seed/temp_models/trial_301
Modelo LSTM. Treino: 2012 a 2021. Validação: 2022. Teste: 2023.
Dataset: V44.
Obs: ajuste de seed

Hyperparams:
input_size: 9h: 1lr: 1.62949878692161e-05batch: 32encoder n layers: 1decoder layers: 1",2026-01-07T21:25:41
2022_cluster_0,Sao_Joao_do_Manhuacu,2022-12-31T00:00:00,1.2,1.316147,9.68,validacao,V44,LSTM,"/media/marcos/Marcos/Codigos/Predicao_Cafe_Arabica/Teste_2_reuniao_16_dez_ajuste_seed/temp_models/trial_301
Modelo LSTM. Treino: 2012 a 2021. Validação: 2022. Teste: 2023.
Dataset: V44.
Obs: ajuste de seed

Hyperparams:
input_size: 9h: 1lr: 1.62949878692161e-05batch: 32encoder n layers: 1decoder layers: 1",2026-01-07T21:25:41
2022_cluster_0,Sao_Jose_do_Mantimento,2022-12-31T00:00:00,1.499236641221374,1.3615806,9.18,validacao,V44,LSTM,"/media/marcos/Marcos/Codigos/Predicao_Cafe_Arabica/Teste_2_reuniao_16_dez_ajuste_seed/temp_models/trial_301
Modelo LSTM. Treino: 2012 a 2021. Validação: 2022. Teste: 2023.
Dataset: V44.
Obs: ajuste de seed

Hyperparams:
input_size: 9h: 1lr: 1.62949878692161e-05batch: 32encoder n layers: 1decoder layers: 1",2026-01-07T21:25:41
2022_cluster_0,Sao_Roque_de_Minas,2022-12-31T00:00:00,1.32,1.3291124,0.69,validacao,V44,LSTM,"/media/marcos/Marcos/Codigos/Predicao_Cafe_Arabica/Teste_2_reuniao_16_dez_ajuste_seed/temp_models/trial_301
Modelo LSTM. Treino: 2012 a 2021. Validação: 2022. Teste: 2023.
Dataset: V44.
Obs: ajuste de seed

Hyperparams:
input_size: 9h: 1lr: 1.62949878692161e-05batch: 32encoder n layers: 1decoder layers: 1",2026-01-07T21:25:41
2022_cluster_0,Sao_Tiago,2022-12-31T00:00:00,1.3210526315789468,1.7045724,29.03,validacao,V44,LSTM,"/media/marcos/Marcos/Codigos/Predicao_Cafe_Arabica/Teste_2_reuniao_16_dez_ajuste_seed/temp_models/trial_301
Modelo LSTM. Treino: 2012 a 2021. Validação: 2022. Teste: 2023.
Dataset: V44.
Obs: ajuste de seed

Hyperparams:
input_size: 9h: 1lr: 1.62949878692161e-05batch: 32encoder n layers: 1decoder layers: 1",2026-01-07T21:25:41
2022_cluster_0,Sao_Tomas_de_Aquino,2022-12-31T00:00:00,1.2,1.3867946,15.57,validacao,V44,LSTM,"/media/marcos/Marcos/Codigos/Predicao_Cafe_Arabica/Teste_2_reuniao_16_dez_ajuste_seed/temp_models/trial_301
Modelo LSTM. Treino: 2012 a 2021. Validação: 2022. Teste: 2023.
Dataset: V44.
Obs: ajuste de seed

Hyperparams:
input_size: 9h: 1lr: 1.62949878692161e-05batch: 32encoder n layers: 1decoder layers: 1",2026-01-07T21:25:41
2022_cluster_0,Senador_Firmino,2022-12-31T00:00:00,1.565217391304348,1.5089282,3.6,validacao,V44,LSTM,"/media/marcos/Marcos/Codigos/Predicao_Cafe_Arabica/Teste_2_reuniao_16_dez_ajuste_seed/temp_models/trial_301
Modelo LSTM. Treino: 2012 a 2021. Validação: 2022. Teste: 2023.
Dataset: V44.
Obs: ajuste de seed

Hyperparams:
input_size: 9h: 1lr: 1.62949878692161e-05batch: 32encoder n layers: 1decoder layers: 1",2026-01-07T21:25:41
2022_cluster_0,Senhora_de_Oliveira,2022-12-31T00:00:00,1.5,1.4579213,2.81,validacao,V44,LSTM,"/media/marcos/Marcos/Codigos/Predicao_Cafe_Arabica/Teste_2_reuniao_16_dez_ajuste_seed/temp_models/trial_301
Modelo LSTM. Treino: 2012 a 2021. Validação: 2022. Teste: 2023.
Dataset: V44.
Obs: ajuste de seed

Hyperparams:
input_size: 9h: 1lr: 1.62949878692161e-05batch: 32encoder n layers: 1decoder layers: 1",2026-01-07T21:25:41
2022_cluster_0,Sericita,2022-12-31T00:00:00,1.3799999999999997,1.1730273,15.0,validacao,V44,LSTM,"/media/marcos/Marcos/Codigos/Predicao_Cafe_Arabica/Teste_2_reuniao_16_dez_ajuste_seed/temp_models/trial_301
Modelo LSTM. Treino: 2012 a 2021. Validação: 2022. Teste: 2023.
Dataset: V44.
Obs: ajuste de seed

Hyperparams:
input_size: 9h: 1lr: 1.62949878692161e-05batch: 32encoder n layers: 1decoder layers: 1",2026-01-07T21:25:41
2022_cluster_0,Simonesia,2022-12-31T00:00:00,1.8000000000000003,1.2580844,30.11,validacao,V44,LSTM,"/media/marcos/Marcos/Codigos/Predicao_Cafe_Arabica/Teste_2_reuniao_16_dez_ajuste_seed/temp_models/trial_301
Modelo LSTM. Treino: 2012 a 2021. Validação: 2022. Teste: 2023.
Dataset: V44.
Obs: ajuste de seed

Hyperparams:
input_size: 9h: 1lr: 1.62949878692161e-05batch: 32encoder n layers: 1decoder layers: 1",2026-01-07T21:25:41
2022_cluster_0,Tapirai,2022-12-31T00:00:00,1.324520819563781,1.6072035,21.34,validacao,V44,LSTM,"/media/marcos/Marcos/Codigos/Predicao_Cafe_Arabica/Teste_2_reuniao_16_dez_ajuste_seed/temp_models/trial_301
Modelo LSTM. Treino: 2012 a 2021. Validação: 2022. Teste: 2023.
Dataset: V44.
Obs: ajuste de seed

Hyperparams:
input_size: 9h: 1lr: 1.62949878692161e-05batch: 32encoder n layers: 1decoder layers: 1",2026-01-07T21:25:41
2022_cluster_0,Tombos,2022-12-31T00:00:00,1.2,1.0967736,8.6,validacao,V44,LSTM,"/media/marcos/Marcos/Codigos/Predicao_Cafe_Arabica/Teste_2_reuniao_16_dez_ajuste_seed/temp_models/trial_301
Modelo LSTM. Treino: 2012 a 2021. Validação: 2022. Teste: 2023.
Dataset: V44.
Obs: ajuste de seed

Hyperparams:
input_size: 9h: 1lr: 1.62949878692161e-05batch: 32encoder n layers: 1decoder layers: 1",2026-01-07T21:25:41
2022_cluster_0,Tres_Pontas,2022-12-31T00:00:00,0.9750236518448441,1.4954271,53.37,validacao,V44,LSTM,"/media/marcos/Marcos/Codigos/Predicao_Cafe_Arabica/Teste_2_reuniao_16_dez_ajuste_seed/temp_models/trial_301
Modelo LSTM. Treino: 2012 a 2021. Validação: 2022. Teste: 2023.
Dataset: V44.
Obs: ajuste de seed

Hyperparams:
input_size: 9h: 1lr: 1.62949878692161e-05batch: 32encoder n layers: 1decoder layers: 1",2026-01-07T21:25:41
2022_cluster_0,Ubaporanga,2022-12-31T00:00:00,1.2,1.2166692,1.39,validacao,V44,LSTM,"/media/marcos/Marcos/Codigos/Predicao_Cafe_Arabica/Teste_2_reuniao_16_dez_ajuste_seed/temp_models/trial_301
Modelo LSTM. Treino: 2012 a 2021. Validação: 2022. Teste: 2023.
Dataset: V44.
Obs: ajuste de seed

Hyperparams:
input_size: 9h: 1lr: 1.62949878692161e-05batch: 32encoder n layers: 1decoder layers: 1",2026-01-07T21:25:41
2022_cluster_0,Vargem_Bonita,2022-12-31T00:00:00,1.235217391304348,1.472187,19.18,validacao,V44,LSTM,"/media/marcos/Marcos/Codigos/Predicao_Cafe_Arabica/Teste_2_reuniao_16_dez_ajuste_seed/temp_models/trial_301
Modelo LSTM. Treino: 2012 a 2021. Validação: 2022. Teste: 2023.
Dataset: V44.
Obs: ajuste de seed

Hyperparams:
input_size: 9h: 1lr: 1.62949878692161e-05batch: 32encoder n layers: 1decoder layers: 1",2026-01-07T21:25:41
2022_cluster_0,Vermelho_Novo,2022-12-31T00:00:00,0.9598214285714286,1.0350901,7.84,validacao,V44,LSTM,"/media/marcos/Marcos/Codigos/Predicao_Cafe_Arabica/Teste_2_reuniao_16_dez_ajuste_seed/temp_models/trial_301
Modelo LSTM. Treino: 2012 a 2021. Validação: 2022. Teste: 2023.
Dataset: V44.
Obs: ajuste de seed

Hyperparams:
input_size: 9h: 1lr: 1.62949878692161e-05batch: 32encoder n layers: 1decoder layers: 1",2026-01-07T21:25:41
2022_cluster_0,Vicosa,2022-12-31T00:00:00,1.079768786127168,1.2277031,13.7,validacao,V44,LSTM,"/media/marcos/Marcos/Codigos/Predicao_Cafe_Arabica/Teste_2_reuniao_16_dez_ajuste_seed/temp_models/trial_301
Modelo LSTM. Treino: 2012 a 2021. Validação: 2022. Teste: 2023.
Dataset: V44.
Obs: ajuste de seed

Hyperparams:
input_size: 9h: 1lr: 1.62949878692161e-05batch: 32encoder n layers: 1decoder layers: 1",2026-01-07T21:25:41
2022_cluster_0,Vieiras,2022-12-31T00:00:00,1.32,1.2537636,5.02,validacao,V44,LSTM,"/media/marcos/Marcos/Codigos/Predicao_Cafe_Arabica/Teste_2_reuniao_16_dez_ajuste_seed/temp_models/trial_301
Modelo LSTM. Treino: 2012 a 2021. Validação: 2022. Teste: 2023.
Dataset: V44.
Obs: ajuste de seed

Hyperparams:
input_size: 9h: 1lr: 1.62949878692161e-05batch: 32encoder n layers: 1decoder layers: 1",2026-01-07T21:25:41
2022_cluster_0,Aguanil,2023-12-31T00:00:00,1.717774762550882,1.5201569,11.5,teste,V44,LSTM,"/media/marcos/Marcos/Codigos/Predicao_Cafe_Arabica/Teste_2_reuniao_16_dez_ajuste_seed/temp_models/trial_301
Modelo LSTM. Treino: 2012 a 2021. Validação: 2022. Teste: 2023.
Dataset: V44.
Obs: ajuste de seed

Hyperparams:
input_size: 9h: 1lr: 1.62949878692161e-05batch: 32encoder n layers: 1decoder layers: 1",2026-01-07T21:25:41
2022_cluster_0,Alfenas,2023-12-31T00:00:00,1.698430922311519,1.6343429,3.77,teste,V44,LSTM,"/media/marcos/Marcos/Codigos/Predicao_Cafe_Arabica/Teste_2_reuniao_16_dez_ajuste_seed/temp_models/trial_301
Modelo LSTM. Treino: 2012 a 2021. Validação: 2022. Teste: 2023.
Dataset: V44.
Obs: ajuste de seed

Hyperparams:
input_size: 9h: 1lr: 1.62949878692161e-05batch: 32encoder n layers: 1decoder layers: 1",2026-01-07T21:25:41
2022_cluster_0,Alto_Caparao,2023-12-31T00:00:00,1.32,1.3775011,4.36,teste,V44,LSTM,"/media/marcos/Marcos/Codigos/Predicao_Cafe_Arabica/Teste_2_reuniao_16_dez_ajuste_seed/temp_models/trial_301
Modelo LSTM. Treino: 2012 a 2021. Validação: 2022. Teste: 2023.
Dataset: V44.
Obs: ajuste de seed

Hyperparams:
input_size: 9h: 1lr: 1.62949878692161e-05batch: 32encoder n layers: 1decoder layers: 1",2026-01-07T21:25:41
2022_cluster_0,Alto_Jequitiba,2023-12-31T00:00:00,1.08,1.2705977,17.65,teste,V44,LSTM,"/media/marcos/Marcos/Codigos/Predicao_Cafe_Arabica/Teste_2_reuniao_16_dez_ajuste_seed/temp_models/trial_301
Modelo LSTM. Treino: 2012 a 2021. Validação: 2022. Teste: 2023.
Dataset: V44.
Obs: ajuste de seed

Hyperparams:
input_size: 9h: 1lr: 1.62949878692161e-05batch: 32encoder n layers: 1decoder layers: 1",2026-01-07T21:25:41
2022_cluster_0,Amparo_do_Serra,2023-12-31T00:00:00,1.319444444444444,1.2377162,6.19,teste,V44,LSTM,"/media/marcos/Marcos/Codigos/Predicao_Cafe_Arabica/Teste_2_reuniao_16_dez_ajuste_seed/temp_models/trial_301
Modelo LSTM. Treino: 2012 a 2021. Validação: 2022. Teste: 2023.
Dataset: V44.
Obs: ajuste de seed

Hyperparams:
input_size: 9h: 1lr: 1.62949878692161e-05batch: 32encoder n layers: 1decoder layers: 1",2026-01-07T21:25:41
2022_cluster_0,Araponga,2023-12-31T00:00:00,1.5,1.2214237,18.57,teste,V44,LSTM,"/media/marcos/Marcos/Codigos/Predicao_Cafe_Arabica/Teste_2_reuniao_16_dez_ajuste_seed/temp_models/trial_301
Modelo LSTM. Treino: 2012 a 2021. Validação: 2022. Teste: 2023.
Dataset: V44.
Obs: ajuste de seed

Hyperparams:
input_size: 9h: 1lr: 1.62949878692161e-05batch: 32encoder n layers: 1decoder layers: 1",2026-01-07T21:25:41
2022_cluster_0,Astolfo_Dutra,2023-12-31T00:00:00,0.625,1.3023347,108.37,teste,V44,LSTM,"/media/marcos/Marcos/Codigos/Predicao_Cafe_Arabica/Teste_2_reuniao_16_dez_ajuste_seed/temp_models/trial_301
Modelo LSTM. Treino: 2012 a 2021. Validação: 2022. Teste: 2023.
Dataset: V44.
Obs: ajuste de seed

Hyperparams:
input_size: 9h: 1lr: 1.62949878692161e-05batch: 32encoder n layers: 1decoder layers: 1",2026-01-07T21:25:41
2022_cluster_0,Bambui,2023-12-31T00:00:00,1.5,1.5133448,0.89,teste,V44,LSTM,"/media/marcos/Marcos/Codigos/Predicao_Cafe_Arabica/Teste_2_reuniao_16_dez_ajuste_seed/temp_models/trial_301
Modelo LSTM. Treino: 2012 a 2021. Validação: 2022. Teste: 2023.
Dataset: V44.
Obs: ajuste de seed

Hyperparams:
input_size: 9h: 1lr: 1.62949878692161e-05batch: 32encoder n layers: 1decoder layers: 1",2026-01-07T21:25:41
2022_cluster_0,Boa_Esperanca,2023-12-31T00:00:00,1.08,1.5940253,47.59,teste,V44,LSTM,"/media/marcos/Marcos/Codigos/Predicao_Cafe_Arabica/Teste_2_reuniao_16_dez_ajuste_seed/temp_models/trial_301
Modelo LSTM. Treino: 2012 a 2021. Validação: 2022. Teste: 2023.
Dataset: V44.
Obs: ajuste de seed

Hyperparams:
input_size: 9h: 1lr: 1.62949878692161e-05batch: 32encoder n layers: 1decoder layers: 1",2026-01-07T21:25:41
2022_cluster_0,Bom_Jesus_do_Galho,2023-12-31T00:00:00,1.2003192338387871,1.0900582,9.19,teste,V44,LSTM,"/media/marcos/Marcos/Codigos/Predicao_Cafe_Arabica/Teste_2_reuniao_16_dez_ajuste_seed/temp_models/trial_301
Modelo LSTM. Treino: 2012 a 2021. Validação: 2022. Teste: 2023.
Dataset: V44.
Obs: ajuste de seed

Hyperparams:
input_size: 9h: 1lr: 1.62949878692161e-05batch: 32encoder n layers: 1decoder layers: 1",2026-01-07T21:25:41
2022_cluster_0,Bom_Sucesso,2023-12-31T00:00:00,1.5,1.4567382,2.88,teste,V44,LSTM,"/media/marcos/Marcos/Codigos/Predicao_Cafe_Arabica/Teste_2_reuniao_16_dez_ajuste_seed/temp_models/trial_301
Modelo LSTM. Treino: 2012 a 2021. Validação: 2022. Teste: 2023.
Dataset: V44.
Obs: ajuste de seed

Hyperparams:
input_size: 9h: 1lr: 1.62949878692161e-05batch: 32encoder n layers: 1decoder layers: 1",2026-01-07T21:25:41
2022_cluster_0,Caete,2023-12-31T00:00:00,1.166666666666667,1.2330028,5.69,teste,V44,LSTM,"/media/marcos/Marcos/Codigos/Predicao_Cafe_Arabica/Teste_2_reuniao_16_dez_ajuste_seed/temp_models/trial_301
Modelo LSTM. Treino: 2012 a 2021. Validação: 2022. Teste: 2023.
Dataset: V44.
Obs: ajuste de seed

Hyperparams:
input_size: 9h: 1lr: 1.62949878692161e-05batch: 32encoder n layers: 1decoder layers: 1",2026-01-07T21:25:41
2022_cluster_0,Caiana,2023-12-31T00:00:00,1.08,1.1164347,3.37,teste,V44,LSTM,"/media/marcos/Marcos/Codigos/Predicao_Cafe_Arabica/Teste_2_reuniao_16_dez_ajuste_seed/temp_models/trial_301
Modelo LSTM. Treino: 2012 a 2021. Validação: 2022. Teste: 2023.
Dataset: V44.
Obs: ajuste de seed

Hyperparams:
input_size: 9h: 1lr: 1.62949878692161e-05batch: 32encoder n layers: 1decoder layers: 1",2026-01-07T21:25:41
2022_cluster_0,Cajuri,2023-12-31T00:00:00,0.8200000000000001,1.2655929,54.34,teste,V44,LSTM,"/media/marcos/Marcos/Codigos/Predicao_Cafe_Arabica/Teste_2_reuniao_16_dez_ajuste_seed/temp_models/trial_301
Modelo LSTM. Treino: 2012 a 2021. Validação: 2022. Teste: 2023.
Dataset: V44.
Obs: ajuste de seed

Hyperparams:
input_size: 9h: 1lr: 1.62949878692161e-05batch: 32encoder n layers: 1decoder layers: 1",2026-01-07T21:25:41
2022_cluster_0,Camacho,2023-12-31T00:00:00,1.680155642023346,1.348787,19.72,teste,V44,LSTM,"/media/marcos/Marcos/Codigos/Predicao_Cafe_Arabica/Teste_2_reuniao_16_dez_ajuste_seed/temp_models/trial_301
Modelo LSTM. Treino: 2012 a 2021. Validação: 2022. Teste: 2023.
Dataset: V44.
Obs: ajuste de seed

Hyperparams:
input_size: 9h: 1lr: 1.62949878692161e-05batch: 32encoder n layers: 1decoder layers: 1",2026-01-07T21:25:41
2022_cluster_0,Campo_do_Meio,2023-12-31T00:00:00,0.8771626297577856,1.5045202,71.52,teste,V44,LSTM,"/media/marcos/Marcos/Codigos/Predicao_Cafe_Arabica/Teste_2_reuniao_16_dez_ajuste_seed/temp_models/trial_301
Modelo LSTM. Treino: 2012 a 2021. Validação: 2022. Teste: 2023.
Dataset: V44.
Obs: ajuste de seed

Hyperparams:
input_size: 9h: 1lr: 1.62949878692161e-05batch: 32encoder n layers: 1decoder layers: 1",2026-01-07T21:25:41
2022_cluster_0,Campos_Altos,2023-12-31T00:00:00,1.380040526849037,1.6409116,18.9,teste,V44,LSTM,"/media/marcos/Marcos/Codigos/Predicao_Cafe_Arabica/Teste_2_reuniao_16_dez_ajuste_seed/temp_models/trial_301
Modelo LSTM. Treino: 2012 a 2021. Validação: 2022. Teste: 2023.
Dataset: V44.
Obs: ajuste de seed

Hyperparams:
input_size: 9h: 1lr: 1.62949878692161e-05batch: 32encoder n layers: 1decoder layers: 1",2026-01-07T21:25:41
2022_cluster_0,Campos_Gerais,2023-12-31T00:00:00,1.560242401107029,1.7464712,11.94,teste,V44,LSTM,"/media/marcos/Marcos/Codigos/Predicao_Cafe_Arabica/Teste_2_reuniao_16_dez_ajuste_seed/temp_models/trial_301
Modelo LSTM. Treino: 2012 a 2021. Validação: 2022. Teste: 2023.
Dataset: V44.
Obs: ajuste de seed

Hyperparams:
input_size: 9h: 1lr: 1.62949878692161e-05batch: 32encoder n layers: 1decoder layers: 1",2026-01-07T21:25:41
2022_cluster_0,Cana_Verde,2023-12-31T00:00:00,1.3196428571428571,1.2619996,4.37,teste,V44,LSTM,"/media/marcos/Marcos/Codigos/Predicao_Cafe_Arabica/Teste_2_reuniao_16_dez_ajuste_seed/temp_models/trial_301
Modelo LSTM. Treino: 2012 a 2021. Validação: 2022. Teste: 2023.
Dataset: V44.
Obs: ajuste de seed

Hyperparams:
input_size: 9h: 1lr: 1.62949878692161e-05batch: 32encoder n layers: 1decoder layers: 1",2026-01-07T21:25:41
2022_cluster_0,Canaa,2023-12-31T00:00:00,1.560135135135135,1.2591642,19.29,teste,V44,LSTM,"/media/marcos/Marcos/Codigos/Predicao_Cafe_Arabica/Teste_2_reuniao_16_dez_ajuste_seed/temp_models/trial_301
Modelo LSTM. Treino: 2012 a 2021. Validação: 2022. Teste: 2023.
Dataset: V44.
Obs: ajuste de seed

Hyperparams:
input_size: 9h: 1lr: 1.62949878692161e-05batch: 32encoder n layers: 1decoder layers: 1",2026-01-07T21:25:41
2022_cluster_0,Candeias,2023-12-31T00:00:00,1.080032206119163,1.3875492,28.47,teste,V44,LSTM,"/media/marcos/Marcos/Codigos/Predicao_Cafe_Arabica/Teste_2_reuniao_16_dez_ajuste_seed/temp_models/trial_301
Modelo LSTM. Treino: 2012 a 2021. Validação: 2022. Teste: 2023.
Dataset: V44.
Obs: ajuste de seed

Hyperparams:
input_size: 9h: 1lr: 1.62949878692161e-05batch: 32encoder n layers: 1decoder layers: 1",2026-01-07T21:25:41
2022_cluster_0,Caparao,2023-12-31T00:00:00,1.32,1.3311211,0.84,teste,V44,LSTM,"/media/marcos/Marcos/Codigos/Predicao_Cafe_Arabica/Teste_2_reuniao_16_dez_ajuste_seed/temp_models/trial_301
Modelo LSTM. Treino: 2012 a 2021. Validação: 2022. Teste: 2023.
Dataset: V44.
Obs: ajuste de seed

Hyperparams:
input_size: 9h: 1lr: 1.62949878692161e-05batch: 32encoder n layers: 1decoder layers: 1",2026-01-07T21:25:41
2022_cluster_0,Capitolio,2023-12-31T00:00:00,1.32,1.3582786,2.9,teste,V44,LSTM,"/media/marcos/Marcos/Codigos/Predicao_Cafe_Arabica/Teste_2_reuniao_16_dez_ajuste_seed/temp_models/trial_301
Modelo LSTM. Treino: 2012 a 2021. Validação: 2022. Teste: 2023.
Dataset: V44.
Obs: ajuste de seed

Hyperparams:
input_size: 9h: 1lr: 1.62949878692161e-05batch: 32encoder n layers: 1decoder layers: 1",2026-01-07T21:25:41
2022_cluster_0,Caputira,2023-12-31T00:00:00,1.380065005417118,1.2518516,9.29,teste,V44,LSTM,"/media/marcos/Marcos/Codigos/Predicao_Cafe_Arabica/Teste_2_reuniao_16_dez_ajuste_seed/temp_models/trial_301
Modelo LSTM. Treino: 2012 a 2021. Validação: 2022. Teste: 2023.
Dataset: V44.
Obs: ajuste de seed

Hyperparams:
input_size: 9h: 1lr: 1.62949878692161e-05batch: 32encoder n layers: 1decoder layers: 1",2026-01-07T21:25:41
2022_cluster_0,Carangola,2023-12-31T00:00:00,1.140118343195266,1.1176937,1.97,teste,V44,LSTM,"/media/marcos/Marcos/Codigos/Predicao_Cafe_Arabica/Teste_2_reuniao_16_dez_ajuste_seed/temp_models/trial_301
Modelo LSTM. Treino: 2012 a 2021. Validação: 2022. Teste: 2023.
Dataset: V44.
Obs: ajuste de seed

Hyperparams:
input_size: 9h: 1lr: 1.62949878692161e-05batch: 32encoder n layers: 1decoder layers: 1",2026-01-07T21:25:41
2022_cluster_0,Caratinga,2023-12-31T00:00:00,1.3799999999999997,1.3589149,1.53,teste,V44,LSTM,"/media/marcos/Marcos/Codigos/Predicao_Cafe_Arabica/Teste_2_reuniao_16_dez_ajuste_seed/temp_models/trial_301
Modelo LSTM. Treino: 2012 a 2021. Validação: 2022. Teste: 2023.
Dataset: V44.
Obs: ajuste de seed

Hyperparams:
input_size: 9h: 1lr: 1.62949878692161e-05batch: 32encoder n layers: 1decoder layers: 1",2026-01-07T21:25:41
2022_cluster_0,Carmo_da_Mata,2023-12-31T00:00:00,1.2,1.3110607,9.26,teste,V44,LSTM,"/media/marcos/Marcos/Codigos/Predicao_Cafe_Arabica/Teste_2_reuniao_16_dez_ajuste_seed/temp_models/trial_301
Modelo LSTM. Treino: 2012 a 2021. Validação: 2022. Teste: 2023.
Dataset: V44.
Obs: ajuste de seed

Hyperparams:
input_size: 9h: 1lr: 1.62949878692161e-05batch: 32encoder n layers: 1decoder layers: 1",2026-01-07T21:25:41
2022_cluster_0,Carmo_do_Rio_Claro,2023-12-31T00:00:00,1.816856256463288,1.8632996,2.56,teste,V44,LSTM,"/media/marcos/Marcos/Codigos/Predicao_Cafe_Arabica/Teste_2_reuniao_16_dez_ajuste_seed/temp_models/trial_301
Modelo LSTM. Treino: 2012 a 2021. Validação: 2022. Teste: 2023.
Dataset: V44.
Obs: ajuste de seed

Hyperparams:
input_size: 9h: 1lr: 1.62949878692161e-05batch: 32encoder n layers: 1decoder layers: 1",2026-01-07T21:25:41
2022_cluster_0,Carmopolis_de_Minas,2023-12-31T00:00:00,1.5,1.6255128,8.37,teste,V44,LSTM,"/media/marcos/Marcos/Codigos/Predicao_Cafe_Arabica/Teste_2_reuniao_16_dez_ajuste_seed/temp_models/trial_301
Modelo LSTM. Treino: 2012 a 2021. Validação: 2022. Teste: 2023.
Dataset: V44.
Obs: ajuste de seed

Hyperparams:
input_size: 9h: 1lr: 1.62949878692161e-05batch: 32encoder n layers: 1decoder layers: 1",2026-01-07T21:25:41
2022_cluster_0,Cassia,2023-12-31T00:00:00,1.6377649325626198,1.4913735,8.94,teste,V44,LSTM,"/media/marcos/Marcos/Codigos/Predicao_Cafe_Arabica/Teste_2_reuniao_16_dez_ajuste_seed/temp_models/trial_301
Modelo LSTM. Treino: 2012 a 2021. Validação: 2022. Teste: 2023.
Dataset: V44.
Obs: ajuste de seed

Hyperparams:
input_size: 9h: 1lr: 1.62949878692161e-05batch: 32encoder n layers: 1decoder layers: 1",2026-01-07T21:25:41
2022_cluster_0,Catas_Altas_da_Noruega,2023-12-31T00:00:00,1.1,0.91212624,17.08,teste,V44,LSTM,"/media/marcos/Marcos/Codigos/Predicao_Cafe_Arabica/Teste_2_reuniao_16_dez_ajuste_seed/temp_models/trial_301
Modelo LSTM. Treino: 2012 a 2021. Validação: 2022. Teste: 2023.
Dataset: V44.
Obs: ajuste de seed

Hyperparams:
input_size: 9h: 1lr: 1.62949878692161e-05batch: 32encoder n layers: 1decoder layers: 1",2026-01-07T21:25:41
2022_cluster_0,Chale,2023-12-31T00:00:00,1.3799999999999997,1.3356906,3.21,teste,V44,LSTM,"/media/marcos/Marcos/Codigos/Predicao_Cafe_Arabica/Teste_2_reuniao_16_dez_ajuste_seed/temp_models/trial_301
Modelo LSTM. Treino: 2012 a 2021. Validação: 2022. Teste: 2023.
Dataset: V44.
Obs: ajuste de seed

Hyperparams:
input_size: 9h: 1lr: 1.62949878692161e-05batch: 32encoder n layers: 1decoder layers: 1",2026-01-07T21:25:41
2022_cluster_0,Claudio,2023-12-31T00:00:00,2.398692810457516,1.3704023,42.87,teste,V44,LSTM,"/media/marcos/Marcos/Codigos/Predicao_Cafe_Arabica/Teste_2_reuniao_16_dez_ajuste_seed/temp_models/trial_301
Modelo LSTM. Treino: 2012 a 2021. Validação: 2022. Teste: 2023.
Dataset: V44.
Obs: ajuste de seed

Hyperparams:
input_size: 9h: 1lr: 1.62949878692161e-05batch: 32encoder n layers: 1decoder layers: 1",2026-01-07T21:25:41
2022_cluster_0,Conceicao_da_Barra_de_Minas,2023-12-31T00:00:00,1.680769230769231,1.6936407,0.77,teste,V44,LSTM,"/media/marcos/Marcos/Codigos/Predicao_Cafe_Arabica/Teste_2_reuniao_16_dez_ajuste_seed/temp_models/trial_301
Modelo LSTM. Treino: 2012 a 2021. Validação: 2022. Teste: 2023.
Dataset: V44.
Obs: ajuste de seed

Hyperparams:
input_size: 9h: 1lr: 1.62949878692161e-05batch: 32encoder n layers: 1decoder layers: 1",2026-01-07T21:25:41
2022_cluster_0,Conceicao_de_Ipanema,2023-12-31T00:00:00,1.5,1.3351743,10.99,teste,V44,LSTM,"/media/marcos/Marcos/Codigos/Predicao_Cafe_Arabica/Teste_2_reuniao_16_dez_ajuste_seed/temp_models/trial_301
Modelo LSTM. Treino: 2012 a 2021. Validação: 2022. Teste: 2023.
Dataset: V44.
Obs: ajuste de seed

Hyperparams:
input_size: 9h: 1lr: 1.62949878692161e-05batch: 32encoder n layers: 1decoder layers: 1",2026-01-07T21:25:41
2022_cluster_0,Coqueiral,2023-12-31T00:00:00,1.32,1.5106702,14.44,teste,V44,LSTM,"/media/marcos/Marcos/Codigos/Predicao_Cafe_Arabica/Teste_2_reuniao_16_dez_ajuste_seed/temp_models/trial_301
Modelo LSTM. Treino: 2012 a 2021. Validação: 2022. Teste: 2023.
Dataset: V44.
Obs: ajuste de seed

Hyperparams:
input_size: 9h: 1lr: 1.62949878692161e-05batch: 32encoder n layers: 1decoder layers: 1",2026-01-07T21:25:41
2022_cluster_0,Corrego_Danta,2023-12-31T00:00:00,1.44,1.474247,2.38,teste,V44,LSTM,"/media/marcos/Marcos/Codigos/Predicao_Cafe_Arabica/Teste_2_reuniao_16_dez_ajuste_seed/temp_models/trial_301
Modelo LSTM. Treino: 2012 a 2021. Validação: 2022. Teste: 2023.
Dataset: V44.
Obs: ajuste de seed

Hyperparams:
input_size: 9h: 1lr: 1.62949878692161e-05batch: 32encoder n layers: 1decoder layers: 1",2026-01-07T21:25:41
2022_cluster_0,Cristais,2023-12-31T00:00:00,1.5631111111111111,1.5034759,3.82,teste,V44,LSTM,"/media/marcos/Marcos/Codigos/Predicao_Cafe_Arabica/Teste_2_reuniao_16_dez_ajuste_seed/temp_models/trial_301
Modelo LSTM. Treino: 2012 a 2021. Validação: 2022. Teste: 2023.
Dataset: V44.
Obs: ajuste de seed

Hyperparams:
input_size: 9h: 1lr: 1.62949878692161e-05batch: 32encoder n layers: 1decoder layers: 1",2026-01-07T21:25:41
2022_cluster_0,Desterro_de_Entre_Rios,2023-12-31T00:00:00,1.375,1.9752706,43.66,teste,V44,LSTM,"/media/marcos/Marcos/Codigos/Predicao_Cafe_Arabica/Teste_2_reuniao_16_dez_ajuste_seed/temp_models/trial_301
Modelo LSTM. Treino: 2012 a 2021. Validação: 2022. Teste: 2023.
Dataset: V44.
Obs: ajuste de seed

Hyperparams:
input_size: 9h: 1lr: 1.62949878692161e-05batch: 32encoder n layers: 1decoder layers: 1",2026-01-07T21:25:41
2022_cluster_0,Divinesia,2023-12-31T00:00:00,2.1,2.0365767,3.02,teste,V44,LSTM,"/media/marcos/Marcos/Codigos/Predicao_Cafe_Arabica/Teste_2_reuniao_16_dez_ajuste_seed/temp_models/trial_301
Modelo LSTM. Treino: 2012 a 2021. Validação: 2022. Teste: 2023.
Dataset: V44.
Obs: ajuste de seed

Hyperparams:
input_size: 9h: 1lr: 1.62949878692161e-05batch: 32encoder n layers: 1decoder layers: 1",2026-01-07T21:25:41
2022_cluster_0,Divino,2023-12-31T00:00:00,1.02,1.1494825,12.69,teste,V44,LSTM,"/media/marcos/Marcos/Codigos/Predicao_Cafe_Arabica/Teste_2_reuniao_16_dez_ajuste_seed/temp_models/trial_301
Modelo LSTM. Treino: 2012 a 2021. Validação: 2022. Teste: 2023.
Dataset: V44.
Obs: ajuste de seed

Hyperparams:
input_size: 9h: 1lr: 1.62949878692161e-05batch: 32encoder n layers: 1decoder layers: 1",2026-01-07T21:25:41
2022_cluster_0,Doresopolis,2023-12-31T00:00:00,1.501960784313725,1.3871647,7.64,teste,V44,LSTM,"/media/marcos/Marcos/Codigos/Predicao_Cafe_Arabica/Teste_2_reuniao_16_dez_ajuste_seed/temp_models/trial_301
Modelo LSTM. Treino: 2012 a 2021. Validação: 2022. Teste: 2023.
Dataset: V44.
Obs: ajuste de seed

Hyperparams:
input_size: 9h: 1lr: 1.62949878692161e-05batch: 32encoder n layers: 1decoder layers: 1",2026-01-07T21:25:41
2022_cluster_0,Durande,2023-12-31T00:00:00,1.3799999999999997,1.591786,15.35,teste,V44,LSTM,"/media/marcos/Marcos/Codigos/Predicao_Cafe_Arabica/Teste_2_reuniao_16_dez_ajuste_seed/temp_models/trial_301
Modelo LSTM. Treino: 2012 a 2021. Validação: 2022. Teste: 2023.
Dataset: V44.
Obs: ajuste de seed

Hyperparams:
input_size: 9h: 1lr: 1.62949878692161e-05batch: 32encoder n layers: 1decoder layers: 1",2026-01-07T21:25:41
2022_cluster_0,Eloi_Mendes,2023-12-31T00:00:00,1.577412806790921,1.4106219,10.57,teste,V44,LSTM,"/media/marcos/Marcos/Codigos/Predicao_Cafe_Arabica/Teste_2_reuniao_16_dez_ajuste_seed/temp_models/trial_301
Modelo LSTM. Treino: 2012 a 2021. Validação: 2022. Teste: 2023.
Dataset: V44.
Obs: ajuste de seed

Hyperparams:
input_size: 9h: 1lr: 1.62949878692161e-05batch: 32encoder n layers: 1decoder layers: 1",2026-01-07T21:25:41
2022_cluster_0,Entre_Folhas,2023-12-31T00:00:00,1.3210526315789468,0.99804974,24.45,teste,V44,LSTM,"/media/marcos/Marcos/Codigos/Predicao_Cafe_Arabica/Teste_2_reuniao_16_dez_ajuste_seed/temp_models/trial_301
Modelo LSTM. Treino: 2012 a 2021. Validação: 2022. Teste: 2023.
Dataset: V44.
Obs: ajuste de seed

Hyperparams:
input_size: 9h: 1lr: 1.62949878692161e-05batch: 32encoder n layers: 1decoder layers: 1",2026-01-07T21:25:41
2022_cluster_0,Entre_Rios_de_Minas,2023-12-31T00:00:00,1.56,1.8974094,21.63,teste,V44,LSTM,"/media/marcos/Marcos/Codigos/Predicao_Cafe_Arabica/Teste_2_reuniao_16_dez_ajuste_seed/temp_models/trial_301
Modelo LSTM. Treino: 2012 a 2021. Validação: 2022. Teste: 2023.
Dataset: V44.
Obs: ajuste de seed

Hyperparams:
input_size: 9h: 1lr: 1.62949878692161e-05batch: 32encoder n layers: 1decoder layers: 1",2026-01-07T21:25:41
2022_cluster_0,Ervalia,2023-12-31T00:00:00,1.380044843049327,1.3037847,5.53,teste,V44,LSTM,"/media/marcos/Marcos/Codigos/Predicao_Cafe_Arabica/Teste_2_reuniao_16_dez_ajuste_seed/temp_models/trial_301
Modelo LSTM. Treino: 2012 a 2021. Validação: 2022. Teste: 2023.
Dataset: V44.
Obs: ajuste de seed

Hyperparams:
input_size: 9h: 1lr: 1.62949878692161e-05batch: 32encoder n layers: 1decoder layers: 1",2026-01-07T21:25:41
2022_cluster_0,Espera_Feliz,2023-12-31T00:00:00,1.08,1.2646922,17.1,teste,V44,LSTM,"/media/marcos/Marcos/Codigos/Predicao_Cafe_Arabica/Teste_2_reuniao_16_dez_ajuste_seed/temp_models/trial_301
Modelo LSTM. Treino: 2012 a 2021. Validação: 2022. Teste: 2023.
Dataset: V44.
Obs: ajuste de seed

Hyperparams:
input_size: 9h: 1lr: 1.62949878692161e-05batch: 32encoder n layers: 1decoder layers: 1",2026-01-07T21:25:41
2022_cluster_0,Faria_Lemos,2023-12-31T00:00:00,1.380152671755725,1.1081412,19.71,teste,V44,LSTM,"/media/marcos/Marcos/Codigos/Predicao_Cafe_Arabica/Teste_2_reuniao_16_dez_ajuste_seed/temp_models/trial_301
Modelo LSTM. Treino: 2012 a 2021. Validação: 2022. Teste: 2023.
Dataset: V44.
Obs: ajuste de seed

Hyperparams:
input_size: 9h: 1lr: 1.62949878692161e-05batch: 32encoder n layers: 1decoder layers: 1",2026-01-07T21:25:41
2022_cluster_0,Ferros,2023-12-31T00:00:00,1.17948717948718,0.985743,16.43,teste,V44,LSTM,"/media/marcos/Marcos/Codigos/Predicao_Cafe_Arabica/Teste_2_reuniao_16_dez_ajuste_seed/temp_models/trial_301
Modelo LSTM. Treino: 2012 a 2021. Validação: 2022. Teste: 2023.
Dataset: V44.
Obs: ajuste de seed

Hyperparams:
input_size: 9h: 1lr: 1.62949878692161e-05batch: 32encoder n layers: 1decoder layers: 1",2026-01-07T21:25:41
2022_cluster_0,Fervedouro,2023-12-31T00:00:00,1.2,1.1928661,0.59,teste,V44,LSTM,"/media/marcos/Marcos/Codigos/Predicao_Cafe_Arabica/Teste_2_reuniao_16_dez_ajuste_seed/temp_models/trial_301
Modelo LSTM. Treino: 2012 a 2021. Validação: 2022. Teste: 2023.
Dataset: V44.
Obs: ajuste de seed

Hyperparams:
input_size: 9h: 1lr: 1.62949878692161e-05batch: 32encoder n layers: 1decoder layers: 1",2026-01-07T21:25:41
2022_cluster_0,Guape,2023-12-31T00:00:00,1.560674157303371,1.6338496,4.69,teste,V44,LSTM,"/media/marcos/Marcos/Codigos/Predicao_Cafe_Arabica/Teste_2_reuniao_16_dez_ajuste_seed/temp_models/trial_301
Modelo LSTM. Treino: 2012 a 2021. Validação: 2022. Teste: 2023.
Dataset: V44.
Obs: ajuste de seed

Hyperparams:
input_size: 9h: 1lr: 1.62949878692161e-05batch: 32encoder n layers: 1decoder layers: 1",2026-01-07T21:25:41
2022_cluster_0,Ibituruna,2023-12-31T00:00:00,1.8000000000000003,1.4795521,17.8,teste,V44,LSTM,"/media/marcos/Marcos/Codigos/Predicao_Cafe_Arabica/Teste_2_reuniao_16_dez_ajuste_seed/temp_models/trial_301
Modelo LSTM. Treino: 2012 a 2021. Validação: 2022. Teste: 2023.
Dataset: V44.
Obs: ajuste de seed

Hyperparams:
input_size: 9h: 1lr: 1.62949878692161e-05batch: 32encoder n layers: 1decoder layers: 1",2026-01-07T21:25:41
2022_cluster_0,Ilicinea,2023-12-31T00:00:00,1.560032362459547,1.7014818,9.07,teste,V44,LSTM,"/media/marcos/Marcos/Codigos/Predicao_Cafe_Arabica/Teste_2_reuniao_16_dez_ajuste_seed/temp_models/trial_301
Modelo LSTM. Treino: 2012 a 2021. Validação: 2022. Teste: 2023.
Dataset: V44.
Obs: ajuste de seed

Hyperparams:
input_size: 9h: 1lr: 1.62949878692161e-05batch: 32encoder n layers: 1decoder layers: 1",2026-01-07T21:25:41
2022_cluster_0,Itapecerica,2023-12-31T00:00:00,0.9037974683544305,1.2348645,36.63,teste,V44,LSTM,"/media/marcos/Marcos/Codigos/Predicao_Cafe_Arabica/Teste_2_reuniao_16_dez_ajuste_seed/temp_models/trial_301
Modelo LSTM. Treino: 2012 a 2021. Validação: 2022. Teste: 2023.
Dataset: V44.
Obs: ajuste de seed

Hyperparams:
input_size: 9h: 1lr: 1.62949878692161e-05batch: 32encoder n layers: 1decoder layers: 1",2026-01-07T21:25:41
2022_cluster_0,Ituiutaba,2023-12-31T00:00:00,1.0,1.1492449,14.92,teste,V44,LSTM,"/media/marcos/Marcos/Codigos/Predicao_Cafe_Arabica/Teste_2_reuniao_16_dez_ajuste_seed/temp_models/trial_301
Modelo LSTM. Treino: 2012 a 2021. Validação: 2022. Teste: 2023.
Dataset: V44.
Obs: ajuste de seed

Hyperparams:
input_size: 9h: 1lr: 1.62949878692161e-05batch: 32encoder n layers: 1decoder layers: 1",2026-01-07T21:25:41
2022_cluster_0,Itumirim,2023-12-31T00:00:00,1.532033426183844,1.4239933,7.05,teste,V44,LSTM,"/media/marcos/Marcos/Codigos/Predicao_Cafe_Arabica/Teste_2_reuniao_16_dez_ajuste_seed/temp_models/trial_301
Modelo LSTM. Treino: 2012 a 2021. Validação: 2022. Teste: 2023.
Dataset: V44.
Obs: ajuste de seed

Hyperparams:
input_size: 9h: 1lr: 1.62949878692161e-05batch: 32encoder n layers: 1decoder layers: 1",2026-01-07T21:25:41
2022_cluster_0,Lajinha,2023-12-31T00:00:00,1.4399536768963517,1.3299634,7.64,teste,V44,LSTM,"/media/marcos/Marcos/Codigos/Predicao_Cafe_Arabica/Teste_2_reuniao_16_dez_ajuste_seed/temp_models/trial_301
Modelo LSTM. Treino: 2012 a 2021. Validação: 2022. Teste: 2023.
Dataset: V44.
Obs: ajuste de seed

Hyperparams:
input_size: 9h: 1lr: 1.62949878692161e-05batch: 32encoder n layers: 1decoder layers: 1",2026-01-07T21:25:41
2022_cluster_0,Lavras,2023-12-31T00:00:00,1.5,1.4622104,2.52,teste,V44,LSTM,"/media/marcos/Marcos/Codigos/Predicao_Cafe_Arabica/Teste_2_reuniao_16_dez_ajuste_seed/temp_models/trial_301
Modelo LSTM. Treino: 2012 a 2021. Validação: 2022. Teste: 2023.
Dataset: V44.
Obs: ajuste de seed

Hyperparams:
input_size: 9h: 1lr: 1.62949878692161e-05batch: 32encoder n layers: 1decoder layers: 1",2026-01-07T21:25:41
2022_cluster_0,Luisburgo,2023-12-31T00:00:00,1.44,1.4853222,3.15,teste,V44,LSTM,"/media/marcos/Marcos/Codigos/Predicao_Cafe_Arabica/Teste_2_reuniao_16_dez_ajuste_seed/temp_models/trial_301
Modelo LSTM. Treino: 2012 a 2021. Validação: 2022. Teste: 2023.
Dataset: V44.
Obs: ajuste de seed

Hyperparams:
input_size: 9h: 1lr: 1.62949878692161e-05batch: 32encoder n layers: 1decoder layers: 1",2026-01-07T21:25:41
2022_cluster_0,Machado,2023-12-31T00:00:00,1.500560931145702,1.4381481,4.16,teste,V44,LSTM,"/media/marcos/Marcos/Codigos/Predicao_Cafe_Arabica/Teste_2_reuniao_16_dez_ajuste_seed/temp_models/trial_301
Modelo LSTM. Treino: 2012 a 2021. Validação: 2022. Teste: 2023.
Dataset: V44.
Obs: ajuste de seed

Hyperparams:
input_size: 9h: 1lr: 1.62949878692161e-05batch: 32encoder n layers: 1decoder layers: 1",2026-01-07T21:25:41
2022_cluster_0,Manhuacu,2023-12-31T00:00:00,1.2,1.2218728,1.82,teste,V44,LSTM,"/media/marcos/Marcos/Codigos/Predicao_Cafe_Arabica/Teste_2_reuniao_16_dez_ajuste_seed/temp_models/trial_301
Modelo LSTM. Treino: 2012 a 2021. Validação: 2022. Teste: 2023.
Dataset: V44.
Obs: ajuste de seed

Hyperparams:
input_size: 9h: 1lr: 1.62949878692161e-05batch: 32encoder n layers: 1decoder layers: 1",2026-01-07T21:25:41
2022_cluster_0,Manhumirim,2023-12-31T00:00:00,1.44,1.4023331,2.62,teste,V44,LSTM,"/media/marcos/Marcos/Codigos/Predicao_Cafe_Arabica/Teste_2_reuniao_16_dez_ajuste_seed/temp_models/trial_301
Modelo LSTM. Treino: 2012 a 2021. Validação: 2022. Teste: 2023.
Dataset: V44.
Obs: ajuste de seed

Hyperparams:
input_size: 9h: 1lr: 1.62949878692161e-05batch: 32encoder n layers: 1decoder layers: 1",2026-01-07T21:25:41
2022_cluster_0,Martins_Soares,2023-12-31T00:00:00,1.2,1.5365753,28.05,teste,V44,LSTM,"/media/marcos/Marcos/Codigos/Predicao_Cafe_Arabica/Teste_2_reuniao_16_dez_ajuste_seed/temp_models/trial_301
Modelo LSTM. Treino: 2012 a 2021. Validação: 2022. Teste: 2023.
Dataset: V44.
Obs: ajuste de seed

Hyperparams:
input_size: 9h: 1lr: 1.62949878692161e-05batch: 32encoder n layers: 1decoder layers: 1",2026-01-07T21:25:41
2022_cluster_0,Matipo,2023-12-31T00:00:00,1.25990675990676,1.2261426,2.68,teste,V44,LSTM,"/media/marcos/Marcos/Codigos/Predicao_Cafe_Arabica/Teste_2_reuniao_16_dez_ajuste_seed/temp_models/trial_301
Modelo LSTM. Treino: 2012 a 2021. Validação: 2022. Teste: 2023.
Dataset: V44.
Obs: ajuste de seed

Hyperparams:
input_size: 9h: 1lr: 1.62949878692161e-05batch: 32encoder n layers: 1decoder layers: 1",2026-01-07T21:25:41
2022_cluster_0,Medeiros,2023-12-31T00:00:00,1.8599999999999999,1.6163933,13.1,teste,V44,LSTM,"/media/marcos/Marcos/Codigos/Predicao_Cafe_Arabica/Teste_2_reuniao_16_dez_ajuste_seed/temp_models/trial_301
Modelo LSTM. Treino: 2012 a 2021. Validação: 2022. Teste: 2023.
Dataset: V44.
Obs: ajuste de seed

Hyperparams:
input_size: 9h: 1lr: 1.62949878692161e-05batch: 32encoder n layers: 1decoder layers: 1",2026-01-07T21:25:41
2022_cluster_0,Miradouro,2023-12-31T00:00:00,1.140084388185654,1.2697934,11.38,teste,V44,LSTM,"/media/marcos/Marcos/Codigos/Predicao_Cafe_Arabica/Teste_2_reuniao_16_dez_ajuste_seed/temp_models/trial_301
Modelo LSTM. Treino: 2012 a 2021. Validação: 2022. Teste: 2023.
Dataset: V44.
Obs: ajuste de seed

Hyperparams:
input_size: 9h: 1lr: 1.62949878692161e-05batch: 32encoder n layers: 1decoder layers: 1",2026-01-07T21:25:41
2022_cluster_0,Mirai,2023-12-31T00:00:00,1.08,1.109151,2.7,teste,V44,LSTM,"/media/marcos/Marcos/Codigos/Predicao_Cafe_Arabica/Teste_2_reuniao_16_dez_ajuste_seed/temp_models/trial_301
Modelo LSTM. Treino: 2012 a 2021. Validação: 2022. Teste: 2023.
Dataset: V44.
Obs: ajuste de seed

Hyperparams:
input_size: 9h: 1lr: 1.62949878692161e-05batch: 32encoder n layers: 1decoder layers: 1",2026-01-07T21:25:41
2022_cluster_0,Moeda,2023-12-31T00:00:00,1.0,1.1262007,12.62,teste,V44,LSTM,"/media/marcos/Marcos/Codigos/Predicao_Cafe_Arabica/Teste_2_reuniao_16_dez_ajuste_seed/temp_models/trial_301
Modelo LSTM. Treino: 2012 a 2021. Validação: 2022. Teste: 2023.
Dataset: V44.
Obs: ajuste de seed

Hyperparams:
input_size: 9h: 1lr: 1.62949878692161e-05batch: 32encoder n layers: 1decoder layers: 1",2026-01-07T21:25:41
2022_cluster_0,Muriae,2023-12-31T00:00:00,1.057297297297297,1.1666788,10.35,teste,V44,LSTM,"/media/marcos/Marcos/Codigos/Predicao_Cafe_Arabica/Teste_2_reuniao_16_dez_ajuste_seed/temp_models/trial_301
Modelo LSTM. Treino: 2012 a 2021. Validação: 2022. Teste: 2023.
Dataset: V44.
Obs: ajuste de seed

Hyperparams:
input_size: 9h: 1lr: 1.62949878692161e-05batch: 32encoder n layers: 1decoder layers: 1",2026-01-07T21:25:41
2022_cluster_0,Mutum,2023-12-31T00:00:00,1.019985196150999,1.3617964,33.51,teste,V44,LSTM,"/media/marcos/Marcos/Codigos/Predicao_Cafe_Arabica/Teste_2_reuniao_16_dez_ajuste_seed/temp_models/trial_301
Modelo LSTM. Treino: 2012 a 2021. Validação: 2022. Teste: 2023.
Dataset: V44.
Obs: ajuste de seed

Hyperparams:
input_size: 9h: 1lr: 1.62949878692161e-05batch: 32encoder n layers: 1decoder layers: 1",2026-01-07T21:25:41
2022_cluster_0,Nazareno,2023-12-31T00:00:00,1.5599056603773582,1.62732,4.32,teste,V44,LSTM,"/media/marcos/Marcos/Codigos/Predicao_Cafe_Arabica/Teste_2_reuniao_16_dez_ajuste_seed/temp_models/trial_301
Modelo LSTM. Treino: 2012 a 2021. Validação: 2022. Teste: 2023.
Dataset: V44.
Obs: ajuste de seed

Hyperparams:
input_size: 9h: 1lr: 1.62949878692161e-05batch: 32encoder n layers: 1decoder layers: 1",2026-01-07T21:25:41
2022_cluster_0,Nepomuceno,2023-12-31T00:00:00,1.650045578851413,1.4082329,14.65,teste,V44,LSTM,"/media/marcos/Marcos/Codigos/Predicao_Cafe_Arabica/Teste_2_reuniao_16_dez_ajuste_seed/temp_models/trial_301
Modelo LSTM. Treino: 2012 a 2021. Validação: 2022. Teste: 2023.
Dataset: V44.
Obs: ajuste de seed

Hyperparams:
input_size: 9h: 1lr: 1.62949878692161e-05batch: 32encoder n layers: 1decoder layers: 1",2026-01-07T21:25:41
2022_cluster_0,Oliveira,2023-12-31T00:00:00,1.8240227434257288,1.5644561,14.23,teste,V44,LSTM,"/media/marcos/Marcos/Codigos/Predicao_Cafe_Arabica/Teste_2_reuniao_16_dez_ajuste_seed/temp_models/trial_301
Modelo LSTM. Treino: 2012 a 2021. Validação: 2022. Teste: 2023.
Dataset: V44.
Obs: ajuste de seed

Hyperparams:
input_size: 9h: 1lr: 1.62949878692161e-05batch: 32encoder n layers: 1decoder layers: 1",2026-01-07T21:25:41
2022_cluster_0,Orizania,2023-12-31T00:00:00,1.2,1.375803,14.65,teste,V44,LSTM,"/media/marcos/Marcos/Codigos/Predicao_Cafe_Arabica/Teste_2_reuniao_16_dez_ajuste_seed/temp_models/trial_301
Modelo LSTM. Treino: 2012 a 2021. Validação: 2022. Teste: 2023.
Dataset: V44.
Obs: ajuste de seed

Hyperparams:
input_size: 9h: 1lr: 1.62949878692161e-05batch: 32encoder n layers: 1decoder layers: 1",2026-01-07T21:25:41
2022_cluster_0,Paraguacu,2023-12-31T00:00:00,1.2982914572864321,1.4149978,8.99,teste,V44,LSTM,"/media/marcos/Marcos/Codigos/Predicao_Cafe_Arabica/Teste_2_reuniao_16_dez_ajuste_seed/temp_models/trial_301
Modelo LSTM. Treino: 2012 a 2021. Validação: 2022. Teste: 2023.
Dataset: V44.
Obs: ajuste de seed

Hyperparams:
input_size: 9h: 1lr: 1.62949878692161e-05batch: 32encoder n layers: 1decoder layers: 1",2026-01-07T21:25:41
2022_cluster_0,Passa_Tempo,2023-12-31T00:00:00,1.625,1.4960726,7.93,teste,V44,LSTM,"/media/marcos/Marcos/Codigos/Predicao_Cafe_Arabica/Teste_2_reuniao_16_dez_ajuste_seed/temp_models/trial_301
Modelo LSTM. Treino: 2012 a 2021. Validação: 2022. Teste: 2023.
Dataset: V44.
Obs: ajuste de seed

Hyperparams:
input_size: 9h: 1lr: 1.62949878692161e-05batch: 32encoder n layers: 1decoder layers: 1",2026-01-07T21:25:41
2022_cluster_0,Perdoes,2023-12-31T00:00:00,1.6799401197604789,1.5132828,9.92,teste,V44,LSTM,"/media/marcos/Marcos/Codigos/Predicao_Cafe_Arabica/Teste_2_reuniao_16_dez_ajuste_seed/temp_models/trial_301
Modelo LSTM. Treino: 2012 a 2021. Validação: 2022. Teste: 2023.
Dataset: V44.
Obs: ajuste de seed

Hyperparams:
input_size: 9h: 1lr: 1.62949878692161e-05batch: 32encoder n layers: 1decoder layers: 1",2026-01-07T21:25:41
2022_cluster_0,Pimenta,2023-12-31T00:00:00,1.504186046511628,1.592737,5.89,teste,V44,LSTM,"/media/marcos/Marcos/Codigos/Predicao_Cafe_Arabica/Teste_2_reuniao_16_dez_ajuste_seed/temp_models/trial_301
Modelo LSTM. Treino: 2012 a 2021. Validação: 2022. Teste: 2023.
Dataset: V44.
Obs: ajuste de seed

Hyperparams:
input_size: 9h: 1lr: 1.62949878692161e-05batch: 32encoder n layers: 1decoder layers: 1",2026-01-07T21:25:41
2022_cluster_0,Piranga,2023-12-31T00:00:00,2.1,1.762383,16.08,teste,V44,LSTM,"/media/marcos/Marcos/Codigos/Predicao_Cafe_Arabica/Teste_2_reuniao_16_dez_ajuste_seed/temp_models/trial_301
Modelo LSTM. Treino: 2012 a 2021. Validação: 2022. Teste: 2023.
Dataset: V44.
Obs: ajuste de seed

Hyperparams:
input_size: 9h: 1lr: 1.62949878692161e-05batch: 32encoder n layers: 1decoder layers: 1",2026-01-07T21:25:41
2022_cluster_0,Piumhi,2023-12-31T00:00:00,1.7399633363886338,1.396663,19.73,teste,V44,LSTM,"/media/marcos/Marcos/Codigos/Predicao_Cafe_Arabica/Teste_2_reuniao_16_dez_ajuste_seed/temp_models/trial_301
Modelo LSTM. Treino: 2012 a 2021. Validação: 2022. Teste: 2023.
Dataset: V44.
Obs: ajuste de seed

Hyperparams:
input_size: 9h: 1lr: 1.62949878692161e-05batch: 32encoder n layers: 1decoder layers: 1",2026-01-07T21:25:41
2022_cluster_0,Ponte_Nova,2023-12-31T00:00:00,1.333333333333333,1.221498,8.39,teste,V44,LSTM,"/media/marcos/Marcos/Codigos/Predicao_Cafe_Arabica/Teste_2_reuniao_16_dez_ajuste_seed/temp_models/trial_301
Modelo LSTM. Treino: 2012 a 2021. Validação: 2022. Teste: 2023.
Dataset: V44.
Obs: ajuste de seed

Hyperparams:
input_size: 9h: 1lr: 1.62949878692161e-05batch: 32encoder n layers: 1decoder layers: 1",2026-01-07T21:25:41
2022_cluster_0,Porto_Firme,2023-12-31T00:00:00,1.200764818355641,1.226055,2.11,teste,V44,LSTM,"/media/marcos/Marcos/Codigos/Predicao_Cafe_Arabica/Teste_2_reuniao_16_dez_ajuste_seed/temp_models/trial_301
Modelo LSTM. Treino: 2012 a 2021. Validação: 2022. Teste: 2023.
Dataset: V44.
Obs: ajuste de seed

Hyperparams:
input_size: 9h: 1lr: 1.62949878692161e-05batch: 32encoder n layers: 1decoder layers: 1",2026-01-07T21:25:41
2022_cluster_0,Raul_Soares,2023-12-31T00:00:00,1.5,1.0592985,29.38,teste,V44,LSTM,"/media/marcos/Marcos/Codigos/Predicao_Cafe_Arabica/Teste_2_reuniao_16_dez_ajuste_seed/temp_models/trial_301
Modelo LSTM. Treino: 2012 a 2021. Validação: 2022. Teste: 2023.
Dataset: V44.
Obs: ajuste de seed

Hyperparams:
input_size: 9h: 1lr: 1.62949878692161e-05batch: 32encoder n layers: 1decoder layers: 1",2026-01-07T21:25:41
2022_cluster_0,Reduto,2023-12-31T00:00:00,0.9,1.337521,48.61,teste,V44,LSTM,"/media/marcos/Marcos/Codigos/Predicao_Cafe_Arabica/Teste_2_reuniao_16_dez_ajuste_seed/temp_models/trial_301
Modelo LSTM. Treino: 2012 a 2021. Validação: 2022. Teste: 2023.
Dataset: V44.
Obs: ajuste de seed

Hyperparams:
input_size: 9h: 1lr: 1.62949878692161e-05batch: 32encoder n layers: 1decoder layers: 1",2026-01-07T21:25:41
2022_cluster_0,Ribeirao_Vermelho,2023-12-31T00:00:00,1.5,1.4556816,2.95,teste,V44,LSTM,"/media/marcos/Marcos/Codigos/Predicao_Cafe_Arabica/Teste_2_reuniao_16_dez_ajuste_seed/temp_models/trial_301
Modelo LSTM. Treino: 2012 a 2021. Validação: 2022. Teste: 2023.
Dataset: V44.
Obs: ajuste de seed

Hyperparams:
input_size: 9h: 1lr: 1.62949878692161e-05batch: 32encoder n layers: 1decoder layers: 1",2026-01-07T21:25:41
2022_cluster_0,Ritapolis,2023-12-31T00:00:00,2.102222222222222,1.739948,17.23,teste,V44,LSTM,"/media/marcos/Marcos/Codigos/Predicao_Cafe_Arabica/Teste_2_reuniao_16_dez_ajuste_seed/temp_models/trial_301
Modelo LSTM. Treino: 2012 a 2021. Validação: 2022. Teste: 2023.
Dataset: V44.
Obs: ajuste de seed

Hyperparams:
input_size: 9h: 1lr: 1.62949878692161e-05batch: 32encoder n layers: 1decoder layers: 1",2026-01-07T21:25:41
2022_cluster_0,Rosario_da_Limeira,2023-12-31T00:00:00,1.2,1.1384073,5.13,teste,V44,LSTM,"/media/marcos/Marcos/Codigos/Predicao_Cafe_Arabica/Teste_2_reuniao_16_dez_ajuste_seed/temp_models/trial_301
Modelo LSTM. Treino: 2012 a 2021. Validação: 2022. Teste: 2023.
Dataset: V44.
Obs: ajuste de seed

Hyperparams:
input_size: 9h: 1lr: 1.62949878692161e-05batch: 32encoder n layers: 1decoder layers: 1",2026-01-07T21:25:41
2022_cluster_0,Santa_Barbara_do_Leste,2023-12-31T00:00:00,1.08,1.1461459,6.12,teste,V44,LSTM,"/media/marcos/Marcos/Codigos/Predicao_Cafe_Arabica/Teste_2_reuniao_16_dez_ajuste_seed/temp_models/trial_301
Modelo LSTM. Treino: 2012 a 2021. Validação: 2022. Teste: 2023.
Dataset: V44.
Obs: ajuste de seed

Hyperparams:
input_size: 9h: 1lr: 1.62949878692161e-05batch: 32encoder n layers: 1decoder layers: 1",2026-01-07T21:25:41
2022_cluster_0,Santa_Margarida,2023-12-31T00:00:00,1.32,1.298887,1.6,teste,V44,LSTM,"/media/marcos/Marcos/Codigos/Predicao_Cafe_Arabica/Teste_2_reuniao_16_dez_ajuste_seed/temp_models/trial_301
Modelo LSTM. Treino: 2012 a 2021. Validação: 2022. Teste: 2023.
Dataset: V44.
Obs: ajuste de seed

Hyperparams:
input_size: 9h: 1lr: 1.62949878692161e-05batch: 32encoder n layers: 1decoder layers: 1",2026-01-07T21:25:41
2022_cluster_0,Santa_Rita_de_Minas,2023-12-31T00:00:00,1.019930675909879,1.193257,16.99,teste,V44,LSTM,"/media/marcos/Marcos/Codigos/Predicao_Cafe_Arabica/Teste_2_reuniao_16_dez_ajuste_seed/temp_models/trial_301
Modelo LSTM. Treino: 2012 a 2021. Validação: 2022. Teste: 2023.
Dataset: V44.
Obs: ajuste de seed

Hyperparams:
input_size: 9h: 1lr: 1.62949878692161e-05batch: 32encoder n layers: 1decoder layers: 1",2026-01-07T21:25:41
2022_cluster_0,Santa_Rita_do_Itueto,2023-12-31T00:00:00,1.2,1.3156651,9.64,teste,V44,LSTM,"/media/marcos/Marcos/Codigos/Predicao_Cafe_Arabica/Teste_2_reuniao_16_dez_ajuste_seed/temp_models/trial_301
Modelo LSTM. Treino: 2012 a 2021. Validação: 2022. Teste: 2023.
Dataset: V44.
Obs: ajuste de seed

Hyperparams:
input_size: 9h: 1lr: 1.62949878692161e-05batch: 32encoder n layers: 1decoder layers: 1",2026-01-07T21:25:41
2022_cluster_0,Santana_da_Vargem,2023-12-31T00:00:00,1.5593593593593589,1.5375123,1.4,teste,V44,LSTM,"/media/marcos/Marcos/Codigos/Predicao_Cafe_Arabica/Teste_2_reuniao_16_dez_ajuste_seed/temp_models/trial_301
Modelo LSTM. Treino: 2012 a 2021. Validação: 2022. Teste: 2023.
Dataset: V44.
Obs: ajuste de seed

Hyperparams:
input_size: 9h: 1lr: 1.62949878692161e-05batch: 32encoder n layers: 1decoder layers: 1",2026-01-07T21:25:41
2022_cluster_0,Santana_do_Jacare,2023-12-31T00:00:00,0.9011235955056182,1.3636609,51.33,teste,V44,LSTM,"/media/marcos/Marcos/Codigos/Predicao_Cafe_Arabica/Teste_2_reuniao_16_dez_ajuste_seed/temp_models/trial_301
Modelo LSTM. Treino: 2012 a 2021. Validação: 2022. Teste: 2023.
Dataset: V44.
Obs: ajuste de seed

Hyperparams:
input_size: 9h: 1lr: 1.62949878692161e-05batch: 32encoder n layers: 1decoder layers: 1",2026-01-07T21:25:41
2022_cluster_0,Santana_do_Manhuacu,2023-12-31T00:00:00,1.32,1.377645,4.37,teste,V44,LSTM,"/media/marcos/Marcos/Codigos/Predicao_Cafe_Arabica/Teste_2_reuniao_16_dez_ajuste_seed/temp_models/trial_301
Modelo LSTM. Treino: 2012 a 2021. Validação: 2022. Teste: 2023.
Dataset: V44.
Obs: ajuste de seed

Hyperparams:
input_size: 9h: 1lr: 1.62949878692161e-05batch: 32encoder n layers: 1decoder layers: 1",2026-01-07T21:25:41
2022_cluster_0,Sao_Domingos_das_Dores,2023-12-31T00:00:00,1.296078431372549,1.4553401,12.29,teste,V44,LSTM,"/media/marcos/Marcos/Codigos/Predicao_Cafe_Arabica/Teste_2_reuniao_16_dez_ajuste_seed/temp_models/trial_301
Modelo LSTM. Treino: 2012 a 2021. Validação: 2022. Teste: 2023.
Dataset: V44.
Obs: ajuste de seed

Hyperparams:
input_size: 9h: 1lr: 1.62949878692161e-05batch: 32encoder n layers: 1decoder layers: 1",2026-01-07T21:25:41
2022_cluster_0,Sao_Francisco_de_Paula,2023-12-31T00:00:00,1.56,1.3767369,11.75,teste,V44,LSTM,"/media/marcos/Marcos/Codigos/Predicao_Cafe_Arabica/Teste_2_reuniao_16_dez_ajuste_seed/temp_models/trial_301
Modelo LSTM. Treino: 2012 a 2021. Validação: 2022. Teste: 2023.
Dataset: V44.
Obs: ajuste de seed

Hyperparams:
input_size: 9h: 1lr: 1.62949878692161e-05batch: 32encoder n layers: 1decoder layers: 1",2026-01-07T21:25:41
2022_cluster_0,Sao_Francisco_do_Gloria,2023-12-31T00:00:00,1.08,1.0860462,0.56,teste,V44,LSTM,"/media/marcos/Marcos/Codigos/Predicao_Cafe_Arabica/Teste_2_reuniao_16_dez_ajuste_seed/temp_models/trial_301
Modelo LSTM. Treino: 2012 a 2021. Validação: 2022. Teste: 2023.
Dataset: V44.
Obs: ajuste de seed

Hyperparams:
input_size: 9h: 1lr: 1.62949878692161e-05batch: 32encoder n layers: 1decoder layers: 1",2026-01-07T21:25:41
2022_cluster_0,Sao_Joao_do_Manhuacu,2023-12-31T00:00:00,1.2,1.2979797,8.16,teste,V44,LSTM,"/media/marcos/Marcos/Codigos/Predicao_Cafe_Arabica/Teste_2_reuniao_16_dez_ajuste_seed/temp_models/trial_301
Modelo LSTM. Treino: 2012 a 2021. Validação: 2022. Teste: 2023.
Dataset: V44.
Obs: ajuste de seed

Hyperparams:
input_size: 9h: 1lr: 1.62949878692161e-05batch: 32encoder n layers: 1decoder layers: 1",2026-01-07T21:25:41
2022_cluster_0,Sao_Jose_do_Mantimento,2023-12-31T00:00:00,1.5,1.4068552,6.21,teste,V44,LSTM,"/media/marcos/Marcos/Codigos/Predicao_Cafe_Arabica/Teste_2_reuniao_16_dez_ajuste_seed/temp_models/trial_301
Modelo LSTM. Treino: 2012 a 2021. Validação: 2022. Teste: 2023.
Dataset: V44.
Obs: ajuste de seed

Hyperparams:
input_size: 9h: 1lr: 1.62949878692161e-05batch: 32encoder n layers: 1decoder layers: 1",2026-01-07T21:25:41
2022_cluster_0,Sao_Roque_de_Minas,2023-12-31T00:00:00,1.8000000000000003,1.3448095,25.29,teste,V44,LSTM,"/media/marcos/Marcos/Codigos/Predicao_Cafe_Arabica/Teste_2_reuniao_16_dez_ajuste_seed/temp_models/trial_301
Modelo LSTM. Treino: 2012 a 2021. Validação: 2022. Teste: 2023.
Dataset: V44.
Obs: ajuste de seed

Hyperparams:
input_size: 9h: 1lr: 1.62949878692161e-05batch: 32encoder n layers: 1decoder layers: 1",2026-01-07T21:25:41
2022_cluster_0,Sao_Tiago,2023-12-31T00:00:00,1.560526315789474,1.7669892,13.23,teste,V44,LSTM,"/media/marcos/Marcos/Codigos/Predicao_Cafe_Arabica/Teste_2_reuniao_16_dez_ajuste_seed/temp_models/trial_301
Modelo LSTM. Treino: 2012 a 2021. Validação: 2022. Teste: 2023.
Dataset: V44.
Obs: ajuste de seed

Hyperparams:
input_size: 9h: 1lr: 1.62949878692161e-05batch: 32encoder n layers: 1decoder layers: 1",2026-01-07T21:25:41
2022_cluster_0,Sao_Tomas_de_Aquino,2023-12-31T00:00:00,1.319968346082828,1.4067003,6.57,teste,V44,LSTM,"/media/marcos/Marcos/Codigos/Predicao_Cafe_Arabica/Teste_2_reuniao_16_dez_ajuste_seed/temp_models/trial_301
Modelo LSTM. Treino: 2012 a 2021. Validação: 2022. Teste: 2023.
Dataset: V44.
Obs: ajuste de seed

Hyperparams:
input_size: 9h: 1lr: 1.62949878692161e-05batch: 32encoder n layers: 1decoder layers: 1",2026-01-07T21:25:41
2022_cluster_0,Senador_Firmino,2023-12-31T00:00:00,1.436170212765957,1.5630333,8.83,teste,V44,LSTM,"/media/marcos/Marcos/Codigos/Predicao_Cafe_Arabica/Teste_2_reuniao_16_dez_ajuste_seed/temp_models/trial_301
Modelo LSTM. Treino: 2012 a 2021. Validação: 2022. Teste: 2023.
Dataset: V44.
Obs: ajuste de seed

Hyperparams:
input_size: 9h: 1lr: 1.62949878692161e-05batch: 32encoder n layers: 1decoder layers: 1",2026-01-07T21:25:41
2022_cluster_0,Senhora_de_Oliveira,2023-12-31T00:00:00,1.2,1.5018342,25.15,teste,V44,LSTM,"/media/marcos/Marcos/Codigos/Predicao_Cafe_Arabica/Teste_2_reuniao_16_dez_ajuste_seed/temp_models/trial_301
Modelo LSTM. Treino: 2012 a 2021. Validação: 2022. Teste: 2023.
Dataset: V44.
Obs: ajuste de seed

Hyperparams:
input_size: 9h: 1lr: 1.62949878692161e-05batch: 32encoder n layers: 1decoder layers: 1",2026-01-07T21:25:41
2022_cluster_0,Sericita,2023-12-31T00:00:00,1.26,1.2074975,4.17,teste,V44,LSTM,"/media/marcos/Marcos/Codigos/Predicao_Cafe_Arabica/Teste_2_reuniao_16_dez_ajuste_seed/temp_models/trial_301
Modelo LSTM. Treino: 2012 a 2021. Validação: 2022. Teste: 2023.
Dataset: V44.
Obs: ajuste de seed

Hyperparams:
input_size: 9h: 1lr: 1.62949878692161e-05batch: 32encoder n layers: 1decoder layers: 1",2026-01-07T21:25:41
2022_cluster_0,Simonesia,2023-12-31T00:00:00,1.5,1.3171148,12.19,teste,V44,LSTM,"/media/marcos/Marcos/Codigos/Predicao_Cafe_Arabica/Teste_2_reuniao_16_dez_ajuste_seed/temp_models/trial_301
Modelo LSTM. Treino: 2012 a 2021. Validação: 2022. Teste: 2023.
Dataset: V44.
Obs: ajuste de seed

Hyperparams:
input_size: 9h: 1lr: 1.62949878692161e-05batch: 32encoder n layers: 1decoder layers: 1",2026-01-07T21:25:41
2022_cluster_0,Tapirai,2023-12-31T00:00:00,1.5579665220086798,1.610791,3.39,teste,V44,LSTM,"/media/marcos/Marcos/Codigos/Predicao_Cafe_Arabica/Teste_2_reuniao_16_dez_ajuste_seed/temp_models/trial_301
Modelo LSTM. Treino: 2012 a 2021. Validação: 2022. Teste: 2023.
Dataset: V44.
Obs: ajuste de seed

Hyperparams:
input_size: 9h: 1lr: 1.62949878692161e-05batch: 32encoder n layers: 1decoder layers: 1",2026-01-07T21:25:41
2022_cluster_0,Tombos,2023-12-31T00:00:00,1.32,1.115881,15.46,teste,V44,LSTM,"/media/marcos/Marcos/Codigos/Predicao_Cafe_Arabica/Teste_2_reuniao_16_dez_ajuste_seed/temp_models/trial_301
Modelo LSTM. Treino: 2012 a 2021. Validação: 2022. Teste: 2023.
Dataset: V44.
Obs: ajuste de seed

Hyperparams:
input_size: 9h: 1lr: 1.62949878692161e-05batch: 32encoder n layers: 1decoder layers: 1",2026-01-07T21:25:41
2022_cluster_0,Tres_Pontas,2023-12-31T00:00:00,1.5900000000000003,1.5311558,3.7,teste,V44,LSTM,"/media/marcos/Marcos/Codigos/Predicao_Cafe_Arabica/Teste_2_reuniao_16_dez_ajuste_seed/temp_models/trial_301
Modelo LSTM. Treino: 2012 a 2021. Validação: 2022. Teste: 2023.
Dataset: V44.
Obs: ajuste de seed

Hyperparams:
input_size: 9h: 1lr: 1.62949878692161e-05batch: 32encoder n layers: 1decoder layers: 1",2026-01-07T21:25:41
2022_cluster_0,Ubaporanga,2023-12-31T00:00:00,1.5,1.2094538,19.37,teste,V44,LSTM,"/media/marcos/Marcos/Codigos/Predicao_Cafe_Arabica/Teste_2_reuniao_16_dez_ajuste_seed/temp_models/trial_301
Modelo LSTM. Treino: 2012 a 2021. Validação: 2022. Teste: 2023.
Dataset: V44.
Obs: ajuste de seed

Hyperparams:
input_size: 9h: 1lr: 1.62949878692161e-05batch: 32encoder n layers: 1decoder layers: 1",2026-01-07T21:25:41
2022_cluster_0,Vargem_Bonita,2023-12-31T00:00:00,1.487234042553192,1.4885999,0.09,teste,V44,LSTM,"/media/marcos/Marcos/Codigos/Predicao_Cafe_Arabica/Teste_2_reuniao_16_dez_ajuste_seed/temp_models/trial_301
Modelo LSTM. Treino: 2012 a 2021. Validação: 2022. Teste: 2023.
Dataset: V44.
Obs: ajuste de seed

Hyperparams:
input_size: 9h: 1lr: 1.62949878692161e-05batch: 32encoder n layers: 1decoder layers: 1",2026-01-07T21:25:41
2022_cluster_0,Vermelho_Novo,2023-12-31T00:00:00,1.5,1.0739048,28.41,teste,V44,LSTM,"/media/marcos/Marcos/Codigos/Predicao_Cafe_Arabica/Teste_2_reuniao_16_dez_ajuste_seed/temp_models/trial_301
Modelo LSTM. Treino: 2012 a 2021. Validação: 2022. Teste: 2023.
Dataset: V44.
Obs: ajuste de seed

Hyperparams:
input_size: 9h: 1lr: 1.62949878692161e-05batch: 32encoder n layers: 1decoder layers: 1",2026-01-07T21:25:41
2022_cluster_0,Vicosa,2023-12-31T00:00:00,1.5004329004329,1.1968184,20.24,teste,V44,LSTM,"/media/marcos/Marcos/Codigos/Predicao_Cafe_Arabica/Teste_2_reuniao_16_dez_ajuste_seed/temp_models/trial_301
Modelo LSTM. Treino: 2012 a 2021. Validação: 2022. Teste: 2023.
Dataset: V44.
Obs: ajuste de seed

Hyperparams:
input_size: 9h: 1lr: 1.62949878692161e-05batch: 32encoder n layers: 1decoder layers: 1",2026-01-07T21:25:41
2022_cluster_0,Vieiras,2023-12-31T00:00:00,1.5,1.2223163,18.51,teste,V44,LSTM,"/media/marcos/Marcos/Codigos/Predicao_Cafe_Arabica/Teste_2_reuniao_16_dez_ajuste_seed/temp_models/trial_301
Modelo LSTM. Treino: 2012 a 2021. Validação: 2022. Teste: 2023.
Dataset: V44.
Obs: ajuste de seed

Hyperparams:
input_size: 9h: 1lr: 1.62949878692161e-05batch: 32encoder n layers: 1decoder layers: 1",2026-01-07T21:25:41
