treino_id,unique_id,ds,y,y_pred,diferença_%,flag,dataset,modelo,comentario,data_treino
2024_cluster_0,Aguanil,2024-12-31T00:00:00,2.025039123630673,1.5960242,21.19,validacao,V44,LSTM,"/media/marcos/Marcos/Codigos/Predicao_Cafe_Arabica/Teste_2_reuniao_16_dez_ajuste_seed/temp_models/trial_292
Modelo LSTM. Treino: 2012 a 2023. Validação: 2024. Teste: 2025.
Dataset: V44.
Obs: ajuste de seed

Hyperparams:
input_size: 11h: 1lr: 0.00011838868929629905batch: 32encoder n layers: 2decoder layers: 2",2026-01-07T20:50:37
2024_cluster_0,Alfenas,2024-12-31T00:00:00,1.635197497066875,1.6216924,0.83,validacao,V44,LSTM,"/media/marcos/Marcos/Codigos/Predicao_Cafe_Arabica/Teste_2_reuniao_16_dez_ajuste_seed/temp_models/trial_292
Modelo LSTM. Treino: 2012 a 2023. Validação: 2024. Teste: 2025.
Dataset: V44.
Obs: ajuste de seed

Hyperparams:
input_size: 11h: 1lr: 0.00011838868929629905batch: 32encoder n layers: 2decoder layers: 2",2026-01-07T20:50:37
2024_cluster_0,Alto_Caparao,2024-12-31T00:00:00,1.14,1.3667521,19.89,validacao,V44,LSTM,"/media/marcos/Marcos/Codigos/Predicao_Cafe_Arabica/Teste_2_reuniao_16_dez_ajuste_seed/temp_models/trial_292
Modelo LSTM. Treino: 2012 a 2023. Validação: 2024. Teste: 2025.
Dataset: V44.
Obs: ajuste de seed

Hyperparams:
input_size: 11h: 1lr: 0.00011838868929629905batch: 32encoder n layers: 2decoder layers: 2",2026-01-07T20:50:37
2024_cluster_0,Alto_Jequitiba,2024-12-31T00:00:00,1.02,1.1028422,8.12,validacao,V44,LSTM,"/media/marcos/Marcos/Codigos/Predicao_Cafe_Arabica/Teste_2_reuniao_16_dez_ajuste_seed/temp_models/trial_292
Modelo LSTM. Treino: 2012 a 2023. Validação: 2024. Teste: 2025.
Dataset: V44.
Obs: ajuste de seed

Hyperparams:
input_size: 11h: 1lr: 0.00011838868929629905batch: 32encoder n layers: 2decoder layers: 2",2026-01-07T20:50:37
2024_cluster_0,Amparo_do_Serra,2024-12-31T00:00:00,1.680555555555556,1.3499469,19.67,validacao,V44,LSTM,"/media/marcos/Marcos/Codigos/Predicao_Cafe_Arabica/Teste_2_reuniao_16_dez_ajuste_seed/temp_models/trial_292
Modelo LSTM. Treino: 2012 a 2023. Validação: 2024. Teste: 2025.
Dataset: V44.
Obs: ajuste de seed

Hyperparams:
input_size: 11h: 1lr: 0.00011838868929629905batch: 32encoder n layers: 2decoder layers: 2",2026-01-07T20:50:37
2024_cluster_0,Araponga,2024-12-31T00:00:00,1.5,1.3121239,12.53,validacao,V44,LSTM,"/media/marcos/Marcos/Codigos/Predicao_Cafe_Arabica/Teste_2_reuniao_16_dez_ajuste_seed/temp_models/trial_292
Modelo LSTM. Treino: 2012 a 2023. Validação: 2024. Teste: 2025.
Dataset: V44.
Obs: ajuste de seed

Hyperparams:
input_size: 11h: 1lr: 0.00011838868929629905batch: 32encoder n layers: 2decoder layers: 2",2026-01-07T20:50:37
2024_cluster_0,Astolfo_Dutra,2024-12-31T00:00:00,0.8749999999999999,0.8003764,8.53,validacao,V44,LSTM,"/media/marcos/Marcos/Codigos/Predicao_Cafe_Arabica/Teste_2_reuniao_16_dez_ajuste_seed/temp_models/trial_292
Modelo LSTM. Treino: 2012 a 2023. Validação: 2024. Teste: 2025.
Dataset: V44.
Obs: ajuste de seed

Hyperparams:
input_size: 11h: 1lr: 0.00011838868929629905batch: 32encoder n layers: 2decoder layers: 2",2026-01-07T20:50:37
2024_cluster_0,Bambui,2024-12-31T00:00:00,1.8000000000000003,1.5101302,16.1,validacao,V44,LSTM,"/media/marcos/Marcos/Codigos/Predicao_Cafe_Arabica/Teste_2_reuniao_16_dez_ajuste_seed/temp_models/trial_292
Modelo LSTM. Treino: 2012 a 2023. Validação: 2024. Teste: 2025.
Dataset: V44.
Obs: ajuste de seed

Hyperparams:
input_size: 11h: 1lr: 0.00011838868929629905batch: 32encoder n layers: 2decoder layers: 2",2026-01-07T20:50:37
2024_cluster_0,Boa_Esperanca,2024-12-31T00:00:00,1.083893395133256,1.2506884,15.39,validacao,V44,LSTM,"/media/marcos/Marcos/Codigos/Predicao_Cafe_Arabica/Teste_2_reuniao_16_dez_ajuste_seed/temp_models/trial_292
Modelo LSTM. Treino: 2012 a 2023. Validação: 2024. Teste: 2025.
Dataset: V44.
Obs: ajuste de seed

Hyperparams:
input_size: 11h: 1lr: 0.00011838868929629905batch: 32encoder n layers: 2decoder layers: 2",2026-01-07T20:50:37
2024_cluster_0,Bom_Jesus_do_Galho,2024-12-31T00:00:00,0.9,1.113546,23.73,validacao,V44,LSTM,"/media/marcos/Marcos/Codigos/Predicao_Cafe_Arabica/Teste_2_reuniao_16_dez_ajuste_seed/temp_models/trial_292
Modelo LSTM. Treino: 2012 a 2023. Validação: 2024. Teste: 2025.
Dataset: V44.
Obs: ajuste de seed

Hyperparams:
input_size: 11h: 1lr: 0.00011838868929629905batch: 32encoder n layers: 2decoder layers: 2",2026-01-07T20:50:37
2024_cluster_0,Bom_Sucesso,2024-12-31T00:00:00,1.6799426934097417,1.4704593,12.47,validacao,V44,LSTM,"/media/marcos/Marcos/Codigos/Predicao_Cafe_Arabica/Teste_2_reuniao_16_dez_ajuste_seed/temp_models/trial_292
Modelo LSTM. Treino: 2012 a 2023. Validação: 2024. Teste: 2025.
Dataset: V44.
Obs: ajuste de seed

Hyperparams:
input_size: 11h: 1lr: 0.00011838868929629905batch: 32encoder n layers: 2decoder layers: 2",2026-01-07T20:50:37
2024_cluster_0,Caete,2024-12-31T00:00:00,1.8000000000000003,1.153121,35.94,validacao,V44,LSTM,"/media/marcos/Marcos/Codigos/Predicao_Cafe_Arabica/Teste_2_reuniao_16_dez_ajuste_seed/temp_models/trial_292
Modelo LSTM. Treino: 2012 a 2023. Validação: 2024. Teste: 2025.
Dataset: V44.
Obs: ajuste de seed

Hyperparams:
input_size: 11h: 1lr: 0.00011838868929629905batch: 32encoder n layers: 2decoder layers: 2",2026-01-07T20:50:37
2024_cluster_0,Caiana,2024-12-31T00:00:00,1.14,1.0210621,10.43,validacao,V44,LSTM,"/media/marcos/Marcos/Codigos/Predicao_Cafe_Arabica/Teste_2_reuniao_16_dez_ajuste_seed/temp_models/trial_292
Modelo LSTM. Treino: 2012 a 2023. Validação: 2024. Teste: 2025.
Dataset: V44.
Obs: ajuste de seed

Hyperparams:
input_size: 11h: 1lr: 0.00011838868929629905batch: 32encoder n layers: 2decoder layers: 2",2026-01-07T20:50:37
2024_cluster_0,Cajuri,2024-12-31T00:00:00,1.32,1.1656961,11.69,validacao,V44,LSTM,"/media/marcos/Marcos/Codigos/Predicao_Cafe_Arabica/Teste_2_reuniao_16_dez_ajuste_seed/temp_models/trial_292
Modelo LSTM. Treino: 2012 a 2023. Validação: 2024. Teste: 2025.
Dataset: V44.
Obs: ajuste de seed

Hyperparams:
input_size: 11h: 1lr: 0.00011838868929629905batch: 32encoder n layers: 2decoder layers: 2",2026-01-07T20:50:37
2024_cluster_0,Camacho,2024-12-31T00:00:00,1.5,1.4437141,3.75,validacao,V44,LSTM,"/media/marcos/Marcos/Codigos/Predicao_Cafe_Arabica/Teste_2_reuniao_16_dez_ajuste_seed/temp_models/trial_292
Modelo LSTM. Treino: 2012 a 2023. Validação: 2024. Teste: 2025.
Dataset: V44.
Obs: ajuste de seed

Hyperparams:
input_size: 11h: 1lr: 0.00011838868929629905batch: 32encoder n layers: 2decoder layers: 2",2026-01-07T20:50:37
2024_cluster_0,Campo_do_Meio,2024-12-31T00:00:00,1.372340425531915,1.2046332,12.22,validacao,V44,LSTM,"/media/marcos/Marcos/Codigos/Predicao_Cafe_Arabica/Teste_2_reuniao_16_dez_ajuste_seed/temp_models/trial_292
Modelo LSTM. Treino: 2012 a 2023. Validação: 2024. Teste: 2025.
Dataset: V44.
Obs: ajuste de seed

Hyperparams:
input_size: 11h: 1lr: 0.00011838868929629905batch: 32encoder n layers: 2decoder layers: 2",2026-01-07T20:50:37
2024_cluster_0,Campos_Altos,2024-12-31T00:00:00,1.5,1.4472535,3.52,validacao,V44,LSTM,"/media/marcos/Marcos/Codigos/Predicao_Cafe_Arabica/Teste_2_reuniao_16_dez_ajuste_seed/temp_models/trial_292
Modelo LSTM. Treino: 2012 a 2023. Validação: 2024. Teste: 2025.
Dataset: V44.
Obs: ajuste de seed

Hyperparams:
input_size: 11h: 1lr: 0.00011838868929629905batch: 32encoder n layers: 2decoder layers: 2",2026-01-07T20:50:37
2024_cluster_0,Campos_Gerais,2024-12-31T00:00:00,1.611315789473684,1.467434,8.93,validacao,V44,LSTM,"/media/marcos/Marcos/Codigos/Predicao_Cafe_Arabica/Teste_2_reuniao_16_dez_ajuste_seed/temp_models/trial_292
Modelo LSTM. Treino: 2012 a 2023. Validação: 2024. Teste: 2025.
Dataset: V44.
Obs: ajuste de seed

Hyperparams:
input_size: 11h: 1lr: 0.00011838868929629905batch: 32encoder n layers: 2decoder layers: 2",2026-01-07T20:50:37
2024_cluster_0,Cana_Verde,2024-12-31T00:00:00,1.2,1.2364,3.03,validacao,V44,LSTM,"/media/marcos/Marcos/Codigos/Predicao_Cafe_Arabica/Teste_2_reuniao_16_dez_ajuste_seed/temp_models/trial_292
Modelo LSTM. Treino: 2012 a 2023. Validação: 2024. Teste: 2025.
Dataset: V44.
Obs: ajuste de seed

Hyperparams:
input_size: 11h: 1lr: 0.00011838868929629905batch: 32encoder n layers: 2decoder layers: 2",2026-01-07T20:50:37
2024_cluster_0,Canaa,2024-12-31T00:00:00,1.319791666666667,1.33482,1.14,validacao,V44,LSTM,"/media/marcos/Marcos/Codigos/Predicao_Cafe_Arabica/Teste_2_reuniao_16_dez_ajuste_seed/temp_models/trial_292
Modelo LSTM. Treino: 2012 a 2023. Validação: 2024. Teste: 2025.
Dataset: V44.
Obs: ajuste de seed

Hyperparams:
input_size: 11h: 1lr: 0.00011838868929629905batch: 32encoder n layers: 2decoder layers: 2",2026-01-07T20:50:37
2024_cluster_0,Candeias,2024-12-31T00:00:00,1.14003294892916,1.2325476,8.12,validacao,V44,LSTM,"/media/marcos/Marcos/Codigos/Predicao_Cafe_Arabica/Teste_2_reuniao_16_dez_ajuste_seed/temp_models/trial_292
Modelo LSTM. Treino: 2012 a 2023. Validação: 2024. Teste: 2025.
Dataset: V44.
Obs: ajuste de seed

Hyperparams:
input_size: 11h: 1lr: 0.00011838868929629905batch: 32encoder n layers: 2decoder layers: 2",2026-01-07T20:50:37
2024_cluster_0,Caparao,2024-12-31T00:00:00,1.6799283154121862,1.2103639,27.95,validacao,V44,LSTM,"/media/marcos/Marcos/Codigos/Predicao_Cafe_Arabica/Teste_2_reuniao_16_dez_ajuste_seed/temp_models/trial_292
Modelo LSTM. Treino: 2012 a 2023. Validação: 2024. Teste: 2025.
Dataset: V44.
Obs: ajuste de seed

Hyperparams:
input_size: 11h: 1lr: 0.00011838868929629905batch: 32encoder n layers: 2decoder layers: 2",2026-01-07T20:50:37
2024_cluster_0,Capitolio,2024-12-31T00:00:00,1.32,1.3146194,0.41,validacao,V44,LSTM,"/media/marcos/Marcos/Codigos/Predicao_Cafe_Arabica/Teste_2_reuniao_16_dez_ajuste_seed/temp_models/trial_292
Modelo LSTM. Treino: 2012 a 2023. Validação: 2024. Teste: 2025.
Dataset: V44.
Obs: ajuste de seed

Hyperparams:
input_size: 11h: 1lr: 0.00011838868929629905batch: 32encoder n layers: 2decoder layers: 2",2026-01-07T20:50:37
2024_cluster_0,Caputira,2024-12-31T00:00:00,1.38008658008658,1.3418566,2.77,validacao,V44,LSTM,"/media/marcos/Marcos/Codigos/Predicao_Cafe_Arabica/Teste_2_reuniao_16_dez_ajuste_seed/temp_models/trial_292
Modelo LSTM. Treino: 2012 a 2023. Validação: 2024. Teste: 2025.
Dataset: V44.
Obs: ajuste de seed

Hyperparams:
input_size: 11h: 1lr: 0.00011838868929629905batch: 32encoder n layers: 2decoder layers: 2",2026-01-07T20:50:37
2024_cluster_0,Carangola,2024-12-31T00:00:00,1.44,1.0605278,26.35,validacao,V44,LSTM,"/media/marcos/Marcos/Codigos/Predicao_Cafe_Arabica/Teste_2_reuniao_16_dez_ajuste_seed/temp_models/trial_292
Modelo LSTM. Treino: 2012 a 2023. Validação: 2024. Teste: 2025.
Dataset: V44.
Obs: ajuste de seed

Hyperparams:
input_size: 11h: 1lr: 0.00011838868929629905batch: 32encoder n layers: 2decoder layers: 2",2026-01-07T20:50:37
2024_cluster_0,Caratinga,2024-12-31T00:00:00,1.6200335289186922,1.3597432,16.07,validacao,V44,LSTM,"/media/marcos/Marcos/Codigos/Predicao_Cafe_Arabica/Teste_2_reuniao_16_dez_ajuste_seed/temp_models/trial_292
Modelo LSTM. Treino: 2012 a 2023. Validação: 2024. Teste: 2025.
Dataset: V44.
Obs: ajuste de seed

Hyperparams:
input_size: 11h: 1lr: 0.00011838868929629905batch: 32encoder n layers: 2decoder layers: 2",2026-01-07T20:50:37
2024_cluster_0,Carmo_da_Mata,2024-12-31T00:00:00,1.62,1.3563467,16.27,validacao,V44,LSTM,"/media/marcos/Marcos/Codigos/Predicao_Cafe_Arabica/Teste_2_reuniao_16_dez_ajuste_seed/temp_models/trial_292
Modelo LSTM. Treino: 2012 a 2023. Validação: 2024. Teste: 2025.
Dataset: V44.
Obs: ajuste de seed

Hyperparams:
input_size: 11h: 1lr: 0.00011838868929629905batch: 32encoder n layers: 2decoder layers: 2",2026-01-07T20:50:37
2024_cluster_0,Carmo_do_Rio_Claro,2024-12-31T00:00:00,1.7634782608695652,1.8608226,5.52,validacao,V44,LSTM,"/media/marcos/Marcos/Codigos/Predicao_Cafe_Arabica/Teste_2_reuniao_16_dez_ajuste_seed/temp_models/trial_292
Modelo LSTM. Treino: 2012 a 2023. Validação: 2024. Teste: 2025.
Dataset: V44.
Obs: ajuste de seed

Hyperparams:
input_size: 11h: 1lr: 0.00011838868929629905batch: 32encoder n layers: 2decoder layers: 2",2026-01-07T20:50:37
2024_cluster_0,Carmopolis_de_Minas,2024-12-31T00:00:00,1.9799999999999998,1.6921297,14.54,validacao,V44,LSTM,"/media/marcos/Marcos/Codigos/Predicao_Cafe_Arabica/Teste_2_reuniao_16_dez_ajuste_seed/temp_models/trial_292
Modelo LSTM. Treino: 2012 a 2023. Validação: 2024. Teste: 2025.
Dataset: V44.
Obs: ajuste de seed

Hyperparams:
input_size: 11h: 1lr: 0.00011838868929629905batch: 32encoder n layers: 2decoder layers: 2",2026-01-07T20:50:37
2024_cluster_0,Cassia,2024-12-31T00:00:00,1.7162790697674417,1.5283748,10.95,validacao,V44,LSTM,"/media/marcos/Marcos/Codigos/Predicao_Cafe_Arabica/Teste_2_reuniao_16_dez_ajuste_seed/temp_models/trial_292
Modelo LSTM. Treino: 2012 a 2023. Validação: 2024. Teste: 2025.
Dataset: V44.
Obs: ajuste de seed

Hyperparams:
input_size: 11h: 1lr: 0.00011838868929629905batch: 32encoder n layers: 2decoder layers: 2",2026-01-07T20:50:37
2024_cluster_0,Catas_Altas_da_Noruega,2024-12-31T00:00:00,0.9,0.97182673,7.98,validacao,V44,LSTM,"/media/marcos/Marcos/Codigos/Predicao_Cafe_Arabica/Teste_2_reuniao_16_dez_ajuste_seed/temp_models/trial_292
Modelo LSTM. Treino: 2012 a 2023. Validação: 2024. Teste: 2025.
Dataset: V44.
Obs: ajuste de seed

Hyperparams:
input_size: 11h: 1lr: 0.00011838868929629905batch: 32encoder n layers: 2decoder layers: 2",2026-01-07T20:50:37
2024_cluster_0,Chale,2024-12-31T00:00:00,1.320168067226891,1.3751087,4.16,validacao,V44,LSTM,"/media/marcos/Marcos/Codigos/Predicao_Cafe_Arabica/Teste_2_reuniao_16_dez_ajuste_seed/temp_models/trial_292
Modelo LSTM. Treino: 2012 a 2023. Validação: 2024. Teste: 2025.
Dataset: V44.
Obs: ajuste de seed

Hyperparams:
input_size: 11h: 1lr: 0.00011838868929629905batch: 32encoder n layers: 2decoder layers: 2",2026-01-07T20:50:37
2024_cluster_0,Claudio,2024-12-31T00:00:00,2.699367088607595,1.6805453,37.74,validacao,V44,LSTM,"/media/marcos/Marcos/Codigos/Predicao_Cafe_Arabica/Teste_2_reuniao_16_dez_ajuste_seed/temp_models/trial_292
Modelo LSTM. Treino: 2012 a 2023. Validação: 2024. Teste: 2025.
Dataset: V44.
Obs: ajuste de seed

Hyperparams:
input_size: 11h: 1lr: 0.00011838868929629905batch: 32encoder n layers: 2decoder layers: 2",2026-01-07T20:50:37
2024_cluster_0,Conceicao_da_Barra_de_Minas,2024-12-31T00:00:00,1.8000000000000003,1.5394986,14.47,validacao,V44,LSTM,"/media/marcos/Marcos/Codigos/Predicao_Cafe_Arabica/Teste_2_reuniao_16_dez_ajuste_seed/temp_models/trial_292
Modelo LSTM. Treino: 2012 a 2023. Validação: 2024. Teste: 2025.
Dataset: V44.
Obs: ajuste de seed

Hyperparams:
input_size: 11h: 1lr: 0.00011838868929629905batch: 32encoder n layers: 2decoder layers: 2",2026-01-07T20:50:37
2024_cluster_0,Conceicao_de_Ipanema,2024-12-31T00:00:00,1.2901734104046243,1.3179293,2.15,validacao,V44,LSTM,"/media/marcos/Marcos/Codigos/Predicao_Cafe_Arabica/Teste_2_reuniao_16_dez_ajuste_seed/temp_models/trial_292
Modelo LSTM. Treino: 2012 a 2023. Validação: 2024. Teste: 2025.
Dataset: V44.
Obs: ajuste de seed

Hyperparams:
input_size: 11h: 1lr: 0.00011838868929629905batch: 32encoder n layers: 2decoder layers: 2",2026-01-07T20:50:37
2024_cluster_0,Coqueiral,2024-12-31T00:00:00,0.9,1.3358449,48.43,validacao,V44,LSTM,"/media/marcos/Marcos/Codigos/Predicao_Cafe_Arabica/Teste_2_reuniao_16_dez_ajuste_seed/temp_models/trial_292
Modelo LSTM. Treino: 2012 a 2023. Validação: 2024. Teste: 2025.
Dataset: V44.
Obs: ajuste de seed

Hyperparams:
input_size: 11h: 1lr: 0.00011838868929629905batch: 32encoder n layers: 2decoder layers: 2",2026-01-07T20:50:37
2024_cluster_0,Corrego_Danta,2024-12-31T00:00:00,1.5,1.4199511,5.34,validacao,V44,LSTM,"/media/marcos/Marcos/Codigos/Predicao_Cafe_Arabica/Teste_2_reuniao_16_dez_ajuste_seed/temp_models/trial_292
Modelo LSTM. Treino: 2012 a 2023. Validação: 2024. Teste: 2025.
Dataset: V44.
Obs: ajuste de seed

Hyperparams:
input_size: 11h: 1lr: 0.00011838868929629905batch: 32encoder n layers: 2decoder layers: 2",2026-01-07T20:50:37
2024_cluster_0,Cristais,2024-12-31T00:00:00,1.439664804469274,1.412868,1.86,validacao,V44,LSTM,"/media/marcos/Marcos/Codigos/Predicao_Cafe_Arabica/Teste_2_reuniao_16_dez_ajuste_seed/temp_models/trial_292
Modelo LSTM. Treino: 2012 a 2023. Validação: 2024. Teste: 2025.
Dataset: V44.
Obs: ajuste de seed

Hyperparams:
input_size: 11h: 1lr: 0.00011838868929629905batch: 32encoder n layers: 2decoder layers: 2",2026-01-07T20:50:37
2024_cluster_0,Desterro_de_Entre_Rios,2024-12-31T00:00:00,1.3780487804878048,1.5640346,13.5,validacao,V44,LSTM,"/media/marcos/Marcos/Codigos/Predicao_Cafe_Arabica/Teste_2_reuniao_16_dez_ajuste_seed/temp_models/trial_292
Modelo LSTM. Treino: 2012 a 2023. Validação: 2024. Teste: 2025.
Dataset: V44.
Obs: ajuste de seed

Hyperparams:
input_size: 11h: 1lr: 0.00011838868929629905batch: 32encoder n layers: 2decoder layers: 2",2026-01-07T20:50:37
2024_cluster_0,Divinesia,2024-12-31T00:00:00,1.3166666666666673,1.8181684,38.09,validacao,V44,LSTM,"/media/marcos/Marcos/Codigos/Predicao_Cafe_Arabica/Teste_2_reuniao_16_dez_ajuste_seed/temp_models/trial_292
Modelo LSTM. Treino: 2012 a 2023. Validação: 2024. Teste: 2025.
Dataset: V44.
Obs: ajuste de seed

Hyperparams:
input_size: 11h: 1lr: 0.00011838868929629905batch: 32encoder n layers: 2decoder layers: 2",2026-01-07T20:50:37
2024_cluster_0,Divino,2024-12-31T00:00:00,1.2,1.115261,7.06,validacao,V44,LSTM,"/media/marcos/Marcos/Codigos/Predicao_Cafe_Arabica/Teste_2_reuniao_16_dez_ajuste_seed/temp_models/trial_292
Modelo LSTM. Treino: 2012 a 2023. Validação: 2024. Teste: 2025.
Dataset: V44.
Obs: ajuste de seed

Hyperparams:
input_size: 11h: 1lr: 0.00011838868929629905batch: 32encoder n layers: 2decoder layers: 2",2026-01-07T20:50:37
2024_cluster_0,Doresopolis,2024-12-31T00:00:00,1.5615384615384622,1.3863533,11.22,validacao,V44,LSTM,"/media/marcos/Marcos/Codigos/Predicao_Cafe_Arabica/Teste_2_reuniao_16_dez_ajuste_seed/temp_models/trial_292
Modelo LSTM. Treino: 2012 a 2023. Validação: 2024. Teste: 2025.
Dataset: V44.
Obs: ajuste de seed

Hyperparams:
input_size: 11h: 1lr: 0.00011838868929629905batch: 32encoder n layers: 2decoder layers: 2",2026-01-07T20:50:37
2024_cluster_0,Durande,2024-12-31T00:00:00,1.380095693779904,1.5094459,9.37,validacao,V44,LSTM,"/media/marcos/Marcos/Codigos/Predicao_Cafe_Arabica/Teste_2_reuniao_16_dez_ajuste_seed/temp_models/trial_292
Modelo LSTM. Treino: 2012 a 2023. Validação: 2024. Teste: 2025.
Dataset: V44.
Obs: ajuste de seed

Hyperparams:
input_size: 11h: 1lr: 0.00011838868929629905batch: 32encoder n layers: 2decoder layers: 2",2026-01-07T20:50:37
2024_cluster_0,Eloi_Mendes,2024-12-31T00:00:00,1.421623345558922,1.4247656,0.22,validacao,V44,LSTM,"/media/marcos/Marcos/Codigos/Predicao_Cafe_Arabica/Teste_2_reuniao_16_dez_ajuste_seed/temp_models/trial_292
Modelo LSTM. Treino: 2012 a 2023. Validação: 2024. Teste: 2025.
Dataset: V44.
Obs: ajuste de seed

Hyperparams:
input_size: 11h: 1lr: 0.00011838868929629905batch: 32encoder n layers: 2decoder layers: 2",2026-01-07T20:50:37
2024_cluster_0,Entre_Folhas,2024-12-31T00:00:00,1.2,1.0901834,9.15,validacao,V44,LSTM,"/media/marcos/Marcos/Codigos/Predicao_Cafe_Arabica/Teste_2_reuniao_16_dez_ajuste_seed/temp_models/trial_292
Modelo LSTM. Treino: 2012 a 2023. Validação: 2024. Teste: 2025.
Dataset: V44.
Obs: ajuste de seed

Hyperparams:
input_size: 11h: 1lr: 0.00011838868929629905batch: 32encoder n layers: 2decoder layers: 2",2026-01-07T20:50:37
2024_cluster_0,Entre_Rios_de_Minas,2024-12-31T00:00:00,1.88,1.5589579,17.08,validacao,V44,LSTM,"/media/marcos/Marcos/Codigos/Predicao_Cafe_Arabica/Teste_2_reuniao_16_dez_ajuste_seed/temp_models/trial_292
Modelo LSTM. Treino: 2012 a 2023. Validação: 2024. Teste: 2025.
Dataset: V44.
Obs: ajuste de seed

Hyperparams:
input_size: 11h: 1lr: 0.00011838868929629905batch: 32encoder n layers: 2decoder layers: 2",2026-01-07T20:50:37
2024_cluster_0,Ervalia,2024-12-31T00:00:00,1.32,1.3099542,0.76,validacao,V44,LSTM,"/media/marcos/Marcos/Codigos/Predicao_Cafe_Arabica/Teste_2_reuniao_16_dez_ajuste_seed/temp_models/trial_292
Modelo LSTM. Treino: 2012 a 2023. Validação: 2024. Teste: 2025.
Dataset: V44.
Obs: ajuste de seed

Hyperparams:
input_size: 11h: 1lr: 0.00011838868929629905batch: 32encoder n layers: 2decoder layers: 2",2026-01-07T20:50:37
2024_cluster_0,Espera_Feliz,2024-12-31T00:00:00,1.44,1.1759343,18.34,validacao,V44,LSTM,"/media/marcos/Marcos/Codigos/Predicao_Cafe_Arabica/Teste_2_reuniao_16_dez_ajuste_seed/temp_models/trial_292
Modelo LSTM. Treino: 2012 a 2023. Validação: 2024. Teste: 2025.
Dataset: V44.
Obs: ajuste de seed

Hyperparams:
input_size: 11h: 1lr: 0.00011838868929629905batch: 32encoder n layers: 2decoder layers: 2",2026-01-07T20:50:37
2024_cluster_0,Faria_Lemos,2024-12-31T00:00:00,1.37956204379562,1.1228044,18.61,validacao,V44,LSTM,"/media/marcos/Marcos/Codigos/Predicao_Cafe_Arabica/Teste_2_reuniao_16_dez_ajuste_seed/temp_models/trial_292
Modelo LSTM. Treino: 2012 a 2023. Validação: 2024. Teste: 2025.
Dataset: V44.
Obs: ajuste de seed

Hyperparams:
input_size: 11h: 1lr: 0.00011838868929629905batch: 32encoder n layers: 2decoder layers: 2",2026-01-07T20:50:37
2024_cluster_0,Ferros,2024-12-31T00:00:00,1.205128205128205,1.0997827,8.74,validacao,V44,LSTM,"/media/marcos/Marcos/Codigos/Predicao_Cafe_Arabica/Teste_2_reuniao_16_dez_ajuste_seed/temp_models/trial_292
Modelo LSTM. Treino: 2012 a 2023. Validação: 2024. Teste: 2025.
Dataset: V44.
Obs: ajuste de seed

Hyperparams:
input_size: 11h: 1lr: 0.00011838868929629905batch: 32encoder n layers: 2decoder layers: 2",2026-01-07T20:50:37
2024_cluster_0,Fervedouro,2024-12-31T00:00:00,1.56,1.2610064,19.17,validacao,V44,LSTM,"/media/marcos/Marcos/Codigos/Predicao_Cafe_Arabica/Teste_2_reuniao_16_dez_ajuste_seed/temp_models/trial_292
Modelo LSTM. Treino: 2012 a 2023. Validação: 2024. Teste: 2025.
Dataset: V44.
Obs: ajuste de seed

Hyperparams:
input_size: 11h: 1lr: 0.00011838868929629905batch: 32encoder n layers: 2decoder layers: 2",2026-01-07T20:50:37
2024_cluster_0,Guape,2024-12-31T00:00:00,1.7459340659340663,1.5301288,12.36,validacao,V44,LSTM,"/media/marcos/Marcos/Codigos/Predicao_Cafe_Arabica/Teste_2_reuniao_16_dez_ajuste_seed/temp_models/trial_292
Modelo LSTM. Treino: 2012 a 2023. Validação: 2024. Teste: 2025.
Dataset: V44.
Obs: ajuste de seed

Hyperparams:
input_size: 11h: 1lr: 0.00011838868929629905batch: 32encoder n layers: 2decoder layers: 2",2026-01-07T20:50:37
2024_cluster_0,Ibituruna,2024-12-31T00:00:00,1.8000000000000003,1.4527187,19.29,validacao,V44,LSTM,"/media/marcos/Marcos/Codigos/Predicao_Cafe_Arabica/Teste_2_reuniao_16_dez_ajuste_seed/temp_models/trial_292
Modelo LSTM. Treino: 2012 a 2023. Validação: 2024. Teste: 2025.
Dataset: V44.
Obs: ajuste de seed

Hyperparams:
input_size: 11h: 1lr: 0.00011838868929629905batch: 32encoder n layers: 2decoder layers: 2",2026-01-07T20:50:37
2024_cluster_0,Ilicinea,2024-12-31T00:00:00,1.5,1.4582899,2.78,validacao,V44,LSTM,"/media/marcos/Marcos/Codigos/Predicao_Cafe_Arabica/Teste_2_reuniao_16_dez_ajuste_seed/temp_models/trial_292
Modelo LSTM. Treino: 2012 a 2023. Validação: 2024. Teste: 2025.
Dataset: V44.
Obs: ajuste de seed

Hyperparams:
input_size: 11h: 1lr: 0.00011838868929629905batch: 32encoder n layers: 2decoder layers: 2",2026-01-07T20:50:37
2024_cluster_0,Itapecerica,2024-12-31T00:00:00,1.615189873417721,1.0459927,35.24,validacao,V44,LSTM,"/media/marcos/Marcos/Codigos/Predicao_Cafe_Arabica/Teste_2_reuniao_16_dez_ajuste_seed/temp_models/trial_292
Modelo LSTM. Treino: 2012 a 2023. Validação: 2024. Teste: 2025.
Dataset: V44.
Obs: ajuste de seed

Hyperparams:
input_size: 11h: 1lr: 0.00011838868929629905batch: 32encoder n layers: 2decoder layers: 2",2026-01-07T20:50:37
2024_cluster_0,Ituiutaba,2024-12-31T00:00:00,1.0,1.1574845,15.75,validacao,V44,LSTM,"/media/marcos/Marcos/Codigos/Predicao_Cafe_Arabica/Teste_2_reuniao_16_dez_ajuste_seed/temp_models/trial_292
Modelo LSTM. Treino: 2012 a 2023. Validação: 2024. Teste: 2025.
Dataset: V44.
Obs: ajuste de seed

Hyperparams:
input_size: 11h: 1lr: 0.00011838868929629905batch: 32encoder n layers: 2decoder layers: 2",2026-01-07T20:50:37
2024_cluster_0,Itumirim,2024-12-31T00:00:00,1.62116991643454,1.472247,9.19,validacao,V44,LSTM,"/media/marcos/Marcos/Codigos/Predicao_Cafe_Arabica/Teste_2_reuniao_16_dez_ajuste_seed/temp_models/trial_292
Modelo LSTM. Treino: 2012 a 2023. Validação: 2024. Teste: 2025.
Dataset: V44.
Obs: ajuste de seed

Hyperparams:
input_size: 11h: 1lr: 0.00011838868929629905batch: 32encoder n layers: 2decoder layers: 2",2026-01-07T20:50:37
2024_cluster_0,Lajinha,2024-12-31T00:00:00,1.564997053624043,1.3266495,15.23,validacao,V44,LSTM,"/media/marcos/Marcos/Codigos/Predicao_Cafe_Arabica/Teste_2_reuniao_16_dez_ajuste_seed/temp_models/trial_292
Modelo LSTM. Treino: 2012 a 2023. Validação: 2024. Teste: 2025.
Dataset: V44.
Obs: ajuste de seed

Hyperparams:
input_size: 11h: 1lr: 0.00011838868929629905batch: 32encoder n layers: 2decoder layers: 2",2026-01-07T20:50:37
2024_cluster_0,Lavras,2024-12-31T00:00:00,1.55996015936255,1.3555974,13.1,validacao,V44,LSTM,"/media/marcos/Marcos/Codigos/Predicao_Cafe_Arabica/Teste_2_reuniao_16_dez_ajuste_seed/temp_models/trial_292
Modelo LSTM. Treino: 2012 a 2023. Validação: 2024. Teste: 2025.
Dataset: V44.
Obs: ajuste de seed

Hyperparams:
input_size: 11h: 1lr: 0.00011838868929629905batch: 32encoder n layers: 2decoder layers: 2",2026-01-07T20:50:37
2024_cluster_0,Luisburgo,2024-12-31T00:00:00,1.2,1.4282303,19.02,validacao,V44,LSTM,"/media/marcos/Marcos/Codigos/Predicao_Cafe_Arabica/Teste_2_reuniao_16_dez_ajuste_seed/temp_models/trial_292
Modelo LSTM. Treino: 2012 a 2023. Validação: 2024. Teste: 2025.
Dataset: V44.
Obs: ajuste de seed

Hyperparams:
input_size: 11h: 1lr: 0.00011838868929629905batch: 32encoder n layers: 2decoder layers: 2",2026-01-07T20:50:37
2024_cluster_0,Machado,2024-12-31T00:00:00,1.3347736360118658,1.517972,13.73,validacao,V44,LSTM,"/media/marcos/Marcos/Codigos/Predicao_Cafe_Arabica/Teste_2_reuniao_16_dez_ajuste_seed/temp_models/trial_292
Modelo LSTM. Treino: 2012 a 2023. Validação: 2024. Teste: 2025.
Dataset: V44.
Obs: ajuste de seed

Hyperparams:
input_size: 11h: 1lr: 0.00011838868929629905batch: 32encoder n layers: 2decoder layers: 2",2026-01-07T20:50:37
2024_cluster_0,Manhuacu,2024-12-31T00:00:00,1.5,1.1553341,22.98,validacao,V44,LSTM,"/media/marcos/Marcos/Codigos/Predicao_Cafe_Arabica/Teste_2_reuniao_16_dez_ajuste_seed/temp_models/trial_292
Modelo LSTM. Treino: 2012 a 2023. Validação: 2024. Teste: 2025.
Dataset: V44.
Obs: ajuste de seed

Hyperparams:
input_size: 11h: 1lr: 0.00011838868929629905batch: 32encoder n layers: 2decoder layers: 2",2026-01-07T20:50:37
2024_cluster_0,Manhumirim,2024-12-31T00:00:00,1.56,1.3329434,14.55,validacao,V44,LSTM,"/media/marcos/Marcos/Codigos/Predicao_Cafe_Arabica/Teste_2_reuniao_16_dez_ajuste_seed/temp_models/trial_292
Modelo LSTM. Treino: 2012 a 2023. Validação: 2024. Teste: 2025.
Dataset: V44.
Obs: ajuste de seed

Hyperparams:
input_size: 11h: 1lr: 0.00011838868929629905batch: 32encoder n layers: 2decoder layers: 2",2026-01-07T20:50:37
2024_cluster_0,Martins_Soares,2024-12-31T00:00:00,1.2,1.3726103,14.38,validacao,V44,LSTM,"/media/marcos/Marcos/Codigos/Predicao_Cafe_Arabica/Teste_2_reuniao_16_dez_ajuste_seed/temp_models/trial_292
Modelo LSTM. Treino: 2012 a 2023. Validação: 2024. Teste: 2025.
Dataset: V44.
Obs: ajuste de seed

Hyperparams:
input_size: 11h: 1lr: 0.00011838868929629905batch: 32encoder n layers: 2decoder layers: 2",2026-01-07T20:50:37
2024_cluster_0,Matipo,2024-12-31T00:00:00,1.2,1.239921,3.33,validacao,V44,LSTM,"/media/marcos/Marcos/Codigos/Predicao_Cafe_Arabica/Teste_2_reuniao_16_dez_ajuste_seed/temp_models/trial_292
Modelo LSTM. Treino: 2012 a 2023. Validação: 2024. Teste: 2025.
Dataset: V44.
Obs: ajuste de seed

Hyperparams:
input_size: 11h: 1lr: 0.00011838868929629905batch: 32encoder n layers: 2decoder layers: 2",2026-01-07T20:50:37
2024_cluster_0,Medeiros,2024-12-31T00:00:00,1.8600609756097564,1.6431329,11.66,validacao,V44,LSTM,"/media/marcos/Marcos/Codigos/Predicao_Cafe_Arabica/Teste_2_reuniao_16_dez_ajuste_seed/temp_models/trial_292
Modelo LSTM. Treino: 2012 a 2023. Validação: 2024. Teste: 2025.
Dataset: V44.
Obs: ajuste de seed

Hyperparams:
input_size: 11h: 1lr: 0.00011838868929629905batch: 32encoder n layers: 2decoder layers: 2",2026-01-07T20:50:37
2024_cluster_0,Miradouro,2024-12-31T00:00:00,1.13996383363472,1.2185998,6.9,validacao,V44,LSTM,"/media/marcos/Marcos/Codigos/Predicao_Cafe_Arabica/Teste_2_reuniao_16_dez_ajuste_seed/temp_models/trial_292
Modelo LSTM. Treino: 2012 a 2023. Validação: 2024. Teste: 2025.
Dataset: V44.
Obs: ajuste de seed

Hyperparams:
input_size: 11h: 1lr: 0.00011838868929629905batch: 32encoder n layers: 2decoder layers: 2",2026-01-07T20:50:37
2024_cluster_0,Mirai,2024-12-31T00:00:00,1.2,1.068399,10.97,validacao,V44,LSTM,"/media/marcos/Marcos/Codigos/Predicao_Cafe_Arabica/Teste_2_reuniao_16_dez_ajuste_seed/temp_models/trial_292
Modelo LSTM. Treino: 2012 a 2023. Validação: 2024. Teste: 2025.
Dataset: V44.
Obs: ajuste de seed

Hyperparams:
input_size: 11h: 1lr: 0.00011838868929629905batch: 32encoder n layers: 2decoder layers: 2",2026-01-07T20:50:37
2024_cluster_0,Moeda,2024-12-31T00:00:00,1.5,1.0006561,33.29,validacao,V44,LSTM,"/media/marcos/Marcos/Codigos/Predicao_Cafe_Arabica/Teste_2_reuniao_16_dez_ajuste_seed/temp_models/trial_292
Modelo LSTM. Treino: 2012 a 2023. Validação: 2024. Teste: 2025.
Dataset: V44.
Obs: ajuste de seed

Hyperparams:
input_size: 11h: 1lr: 0.00011838868929629905batch: 32encoder n layers: 2decoder layers: 2",2026-01-07T20:50:37
2024_cluster_0,Muriae,2024-12-31T00:00:00,1.170285714285714,1.0487648,10.38,validacao,V44,LSTM,"/media/marcos/Marcos/Codigos/Predicao_Cafe_Arabica/Teste_2_reuniao_16_dez_ajuste_seed/temp_models/trial_292
Modelo LSTM. Treino: 2012 a 2023. Validação: 2024. Teste: 2025.
Dataset: V44.
Obs: ajuste de seed

Hyperparams:
input_size: 11h: 1lr: 0.00011838868929629905batch: 32encoder n layers: 2decoder layers: 2",2026-01-07T20:50:37
2024_cluster_0,Mutum,2024-12-31T00:00:00,1.15997150997151,1.2281123,5.87,validacao,V44,LSTM,"/media/marcos/Marcos/Codigos/Predicao_Cafe_Arabica/Teste_2_reuniao_16_dez_ajuste_seed/temp_models/trial_292
Modelo LSTM. Treino: 2012 a 2023. Validação: 2024. Teste: 2025.
Dataset: V44.
Obs: ajuste de seed

Hyperparams:
input_size: 11h: 1lr: 0.00011838868929629905batch: 32encoder n layers: 2decoder layers: 2",2026-01-07T20:50:37
2024_cluster_0,Nazareno,2024-12-31T00:00:00,1.619811320754717,1.5592784,3.74,validacao,V44,LSTM,"/media/marcos/Marcos/Codigos/Predicao_Cafe_Arabica/Teste_2_reuniao_16_dez_ajuste_seed/temp_models/trial_292
Modelo LSTM. Treino: 2012 a 2023. Validação: 2024. Teste: 2025.
Dataset: V44.
Obs: ajuste de seed

Hyperparams:
input_size: 11h: 1lr: 0.00011838868929629905batch: 32encoder n layers: 2decoder layers: 2",2026-01-07T20:50:37
2024_cluster_0,Nepomuceno,2024-12-31T00:00:00,1.3800383877159308,1.3113828,4.97,validacao,V44,LSTM,"/media/marcos/Marcos/Codigos/Predicao_Cafe_Arabica/Teste_2_reuniao_16_dez_ajuste_seed/temp_models/trial_292
Modelo LSTM. Treino: 2012 a 2023. Validação: 2024. Teste: 2025.
Dataset: V44.
Obs: ajuste de seed

Hyperparams:
input_size: 11h: 1lr: 0.00011838868929629905batch: 32encoder n layers: 2decoder layers: 2",2026-01-07T20:50:37
2024_cluster_0,Oliveira,2024-12-31T00:00:00,1.8240227434257288,1.5920063,12.72,validacao,V44,LSTM,"/media/marcos/Marcos/Codigos/Predicao_Cafe_Arabica/Teste_2_reuniao_16_dez_ajuste_seed/temp_models/trial_292
Modelo LSTM. Treino: 2012 a 2023. Validação: 2024. Teste: 2025.
Dataset: V44.
Obs: ajuste de seed

Hyperparams:
input_size: 11h: 1lr: 0.00011838868929629905batch: 32encoder n layers: 2decoder layers: 2",2026-01-07T20:50:37
2024_cluster_0,Orizania,2024-12-31T00:00:00,1.5,1.2811472,14.59,validacao,V44,LSTM,"/media/marcos/Marcos/Codigos/Predicao_Cafe_Arabica/Teste_2_reuniao_16_dez_ajuste_seed/temp_models/trial_292
Modelo LSTM. Treino: 2012 a 2023. Validação: 2024. Teste: 2025.
Dataset: V44.
Obs: ajuste de seed

Hyperparams:
input_size: 11h: 1lr: 0.00011838868929629905batch: 32encoder n layers: 2decoder layers: 2",2026-01-07T20:50:37
2024_cluster_0,Paraguacu,2024-12-31T00:00:00,1.323316582914573,1.3259331,0.2,validacao,V44,LSTM,"/media/marcos/Marcos/Codigos/Predicao_Cafe_Arabica/Teste_2_reuniao_16_dez_ajuste_seed/temp_models/trial_292
Modelo LSTM. Treino: 2012 a 2023. Validação: 2024. Teste: 2025.
Dataset: V44.
Obs: ajuste de seed

Hyperparams:
input_size: 11h: 1lr: 0.00011838868929629905batch: 32encoder n layers: 2decoder layers: 2",2026-01-07T20:50:37
2024_cluster_0,Passa_Tempo,2024-12-31T00:00:00,1.5,1.5065737,0.44,validacao,V44,LSTM,"/media/marcos/Marcos/Codigos/Predicao_Cafe_Arabica/Teste_2_reuniao_16_dez_ajuste_seed/temp_models/trial_292
Modelo LSTM. Treino: 2012 a 2023. Validação: 2024. Teste: 2025.
Dataset: V44.
Obs: ajuste de seed

Hyperparams:
input_size: 11h: 1lr: 0.00011838868929629905batch: 32encoder n layers: 2decoder layers: 2",2026-01-07T20:50:37
2024_cluster_0,Perdoes,2024-12-31T00:00:00,1.6799401197604789,1.5128036,9.95,validacao,V44,LSTM,"/media/marcos/Marcos/Codigos/Predicao_Cafe_Arabica/Teste_2_reuniao_16_dez_ajuste_seed/temp_models/trial_292
Modelo LSTM. Treino: 2012 a 2023. Validação: 2024. Teste: 2025.
Dataset: V44.
Obs: ajuste de seed

Hyperparams:
input_size: 11h: 1lr: 0.00011838868929629905batch: 32encoder n layers: 2decoder layers: 2",2026-01-07T20:50:37
2024_cluster_0,Pimenta,2024-12-31T00:00:00,1.715219421101774,1.4691218,14.35,validacao,V44,LSTM,"/media/marcos/Marcos/Codigos/Predicao_Cafe_Arabica/Teste_2_reuniao_16_dez_ajuste_seed/temp_models/trial_292
Modelo LSTM. Treino: 2012 a 2023. Validação: 2024. Teste: 2025.
Dataset: V44.
Obs: ajuste de seed

Hyperparams:
input_size: 11h: 1lr: 0.00011838868929629905batch: 32encoder n layers: 2decoder layers: 2",2026-01-07T20:50:37
2024_cluster_0,Piranga,2024-12-31T00:00:00,1.8000000000000003,1.7715994,1.58,validacao,V44,LSTM,"/media/marcos/Marcos/Codigos/Predicao_Cafe_Arabica/Teste_2_reuniao_16_dez_ajuste_seed/temp_models/trial_292
Modelo LSTM. Treino: 2012 a 2023. Validação: 2024. Teste: 2025.
Dataset: V44.
Obs: ajuste de seed

Hyperparams:
input_size: 11h: 1lr: 0.00011838868929629905batch: 32encoder n layers: 2decoder layers: 2",2026-01-07T20:50:37
2024_cluster_0,Piumhi,2024-12-31T00:00:00,1.3800316957210783,1.4379132,4.19,validacao,V44,LSTM,"/media/marcos/Marcos/Codigos/Predicao_Cafe_Arabica/Teste_2_reuniao_16_dez_ajuste_seed/temp_models/trial_292
Modelo LSTM. Treino: 2012 a 2023. Validação: 2024. Teste: 2025.
Dataset: V44.
Obs: ajuste de seed

Hyperparams:
input_size: 11h: 1lr: 0.00011838868929629905batch: 32encoder n layers: 2decoder layers: 2",2026-01-07T20:50:37
2024_cluster_0,Ponte_Nova,2024-12-31T00:00:00,1.9999999999999996,1.2610676,36.95,validacao,V44,LSTM,"/media/marcos/Marcos/Codigos/Predicao_Cafe_Arabica/Teste_2_reuniao_16_dez_ajuste_seed/temp_models/trial_292
Modelo LSTM. Treino: 2012 a 2023. Validação: 2024. Teste: 2025.
Dataset: V44.
Obs: ajuste de seed

Hyperparams:
input_size: 11h: 1lr: 0.00011838868929629905batch: 32encoder n layers: 2decoder layers: 2",2026-01-07T20:50:37
2024_cluster_0,Porto_Firme,2024-12-31T00:00:00,1.3810526315789473,1.287327,6.79,validacao,V44,LSTM,"/media/marcos/Marcos/Codigos/Predicao_Cafe_Arabica/Teste_2_reuniao_16_dez_ajuste_seed/temp_models/trial_292
Modelo LSTM. Treino: 2012 a 2023. Validação: 2024. Teste: 2025.
Dataset: V44.
Obs: ajuste de seed

Hyperparams:
input_size: 11h: 1lr: 0.00011838868929629905batch: 32encoder n layers: 2decoder layers: 2",2026-01-07T20:50:37
2024_cluster_0,Raul_Soares,2024-12-31T00:00:00,1.5,1.1715183,21.9,validacao,V44,LSTM,"/media/marcos/Marcos/Codigos/Predicao_Cafe_Arabica/Teste_2_reuniao_16_dez_ajuste_seed/temp_models/trial_292
Modelo LSTM. Treino: 2012 a 2023. Validação: 2024. Teste: 2025.
Dataset: V44.
Obs: ajuste de seed

Hyperparams:
input_size: 11h: 1lr: 0.00011838868929629905batch: 32encoder n layers: 2decoder layers: 2",2026-01-07T20:50:37
2024_cluster_0,Reduto,2024-12-31T00:00:00,1.2,1.1726869,2.28,validacao,V44,LSTM,"/media/marcos/Marcos/Codigos/Predicao_Cafe_Arabica/Teste_2_reuniao_16_dez_ajuste_seed/temp_models/trial_292
Modelo LSTM. Treino: 2012 a 2023. Validação: 2024. Teste: 2025.
Dataset: V44.
Obs: ajuste de seed

Hyperparams:
input_size: 11h: 1lr: 0.00011838868929629905batch: 32encoder n layers: 2decoder layers: 2",2026-01-07T20:50:37
2024_cluster_0,Ribeirao_Vermelho,2024-12-31T00:00:00,1.43859649122807,1.4469562,0.58,validacao,V44,LSTM,"/media/marcos/Marcos/Codigos/Predicao_Cafe_Arabica/Teste_2_reuniao_16_dez_ajuste_seed/temp_models/trial_292
Modelo LSTM. Treino: 2012 a 2023. Validação: 2024. Teste: 2025.
Dataset: V44.
Obs: ajuste de seed

Hyperparams:
input_size: 11h: 1lr: 0.00011838868929629905batch: 32encoder n layers: 2decoder layers: 2",2026-01-07T20:50:37
2024_cluster_0,Ritapolis,2024-12-31T00:00:00,1.8000000000000003,1.842442,2.36,validacao,V44,LSTM,"/media/marcos/Marcos/Codigos/Predicao_Cafe_Arabica/Teste_2_reuniao_16_dez_ajuste_seed/temp_models/trial_292
Modelo LSTM. Treino: 2012 a 2023. Validação: 2024. Teste: 2025.
Dataset: V44.
Obs: ajuste de seed

Hyperparams:
input_size: 11h: 1lr: 0.00011838868929629905batch: 32encoder n layers: 2decoder layers: 2",2026-01-07T20:50:37
2024_cluster_0,Rosario_da_Limeira,2024-12-31T00:00:00,1.259493670886076,1.136999,9.73,validacao,V44,LSTM,"/media/marcos/Marcos/Codigos/Predicao_Cafe_Arabica/Teste_2_reuniao_16_dez_ajuste_seed/temp_models/trial_292
Modelo LSTM. Treino: 2012 a 2023. Validação: 2024. Teste: 2025.
Dataset: V44.
Obs: ajuste de seed

Hyperparams:
input_size: 11h: 1lr: 0.00011838868929629905batch: 32encoder n layers: 2decoder layers: 2",2026-01-07T20:50:37
2024_cluster_0,Santa_Barbara_do_Leste,2024-12-31T00:00:00,1.4101226993865028,1.1351656,19.5,validacao,V44,LSTM,"/media/marcos/Marcos/Codigos/Predicao_Cafe_Arabica/Teste_2_reuniao_16_dez_ajuste_seed/temp_models/trial_292
Modelo LSTM. Treino: 2012 a 2023. Validação: 2024. Teste: 2025.
Dataset: V44.
Obs: ajuste de seed

Hyperparams:
input_size: 11h: 1lr: 0.00011838868929629905batch: 32encoder n layers: 2decoder layers: 2",2026-01-07T20:50:37
2024_cluster_0,Santa_Margarida,2024-12-31T00:00:00,1.5,1.239184,17.39,validacao,V44,LSTM,"/media/marcos/Marcos/Codigos/Predicao_Cafe_Arabica/Teste_2_reuniao_16_dez_ajuste_seed/temp_models/trial_292
Modelo LSTM. Treino: 2012 a 2023. Validação: 2024. Teste: 2025.
Dataset: V44.
Obs: ajuste de seed

Hyperparams:
input_size: 11h: 1lr: 0.00011838868929629905batch: 32encoder n layers: 2decoder layers: 2",2026-01-07T20:50:37
2024_cluster_0,Santa_Rita_de_Minas,2024-12-31T00:00:00,1.200173310225303,1.111699,7.37,validacao,V44,LSTM,"/media/marcos/Marcos/Codigos/Predicao_Cafe_Arabica/Teste_2_reuniao_16_dez_ajuste_seed/temp_models/trial_292
Modelo LSTM. Treino: 2012 a 2023. Validação: 2024. Teste: 2025.
Dataset: V44.
Obs: ajuste de seed

Hyperparams:
input_size: 11h: 1lr: 0.00011838868929629905batch: 32encoder n layers: 2decoder layers: 2",2026-01-07T20:50:37
2024_cluster_0,Santa_Rita_do_Itueto,2024-12-31T00:00:00,1.365238095238095,1.2452748,8.79,validacao,V44,LSTM,"/media/marcos/Marcos/Codigos/Predicao_Cafe_Arabica/Teste_2_reuniao_16_dez_ajuste_seed/temp_models/trial_292
Modelo LSTM. Treino: 2012 a 2023. Validação: 2024. Teste: 2025.
Dataset: V44.
Obs: ajuste de seed

Hyperparams:
input_size: 11h: 1lr: 0.00011838868929629905batch: 32encoder n layers: 2decoder layers: 2",2026-01-07T20:50:37
2024_cluster_0,Santana_da_Vargem,2024-12-31T00:00:00,1.44,1.3327823,7.45,validacao,V44,LSTM,"/media/marcos/Marcos/Codigos/Predicao_Cafe_Arabica/Teste_2_reuniao_16_dez_ajuste_seed/temp_models/trial_292
Modelo LSTM. Treino: 2012 a 2023. Validação: 2024. Teste: 2025.
Dataset: V44.
Obs: ajuste de seed

Hyperparams:
input_size: 11h: 1lr: 0.00011838868929629905batch: 32encoder n layers: 2decoder layers: 2",2026-01-07T20:50:37
2024_cluster_0,Santana_do_Jacare,2024-12-31T00:00:00,1.2,1.2781405,6.51,validacao,V44,LSTM,"/media/marcos/Marcos/Codigos/Predicao_Cafe_Arabica/Teste_2_reuniao_16_dez_ajuste_seed/temp_models/trial_292
Modelo LSTM. Treino: 2012 a 2023. Validação: 2024. Teste: 2025.
Dataset: V44.
Obs: ajuste de seed

Hyperparams:
input_size: 11h: 1lr: 0.00011838868929629905batch: 32encoder n layers: 2decoder layers: 2",2026-01-07T20:50:37
2024_cluster_0,Santana_do_Manhuacu,2024-12-31T00:00:00,1.08,1.3671072,26.58,validacao,V44,LSTM,"/media/marcos/Marcos/Codigos/Predicao_Cafe_Arabica/Teste_2_reuniao_16_dez_ajuste_seed/temp_models/trial_292
Modelo LSTM. Treino: 2012 a 2023. Validação: 2024. Teste: 2025.
Dataset: V44.
Obs: ajuste de seed

Hyperparams:
input_size: 11h: 1lr: 0.00011838868929629905batch: 32encoder n layers: 2decoder layers: 2",2026-01-07T20:50:37
2024_cluster_0,Sao_Domingos_das_Dores,2024-12-31T00:00:00,1.4100000000000001,1.2996762,7.82,validacao,V44,LSTM,"/media/marcos/Marcos/Codigos/Predicao_Cafe_Arabica/Teste_2_reuniao_16_dez_ajuste_seed/temp_models/trial_292
Modelo LSTM. Treino: 2012 a 2023. Validação: 2024. Teste: 2025.
Dataset: V44.
Obs: ajuste de seed

Hyperparams:
input_size: 11h: 1lr: 0.00011838868929629905batch: 32encoder n layers: 2decoder layers: 2",2026-01-07T20:50:37
2024_cluster_0,Sao_Francisco_de_Paula,2024-12-31T00:00:00,1.62,1.4033173,13.38,validacao,V44,LSTM,"/media/marcos/Marcos/Codigos/Predicao_Cafe_Arabica/Teste_2_reuniao_16_dez_ajuste_seed/temp_models/trial_292
Modelo LSTM. Treino: 2012 a 2023. Validação: 2024. Teste: 2025.
Dataset: V44.
Obs: ajuste de seed

Hyperparams:
input_size: 11h: 1lr: 0.00011838868929629905batch: 32encoder n layers: 2decoder layers: 2",2026-01-07T20:50:37
2024_cluster_0,Sao_Francisco_do_Gloria,2024-12-31T00:00:00,1.25,1.0582609,15.34,validacao,V44,LSTM,"/media/marcos/Marcos/Codigos/Predicao_Cafe_Arabica/Teste_2_reuniao_16_dez_ajuste_seed/temp_models/trial_292
Modelo LSTM. Treino: 2012 a 2023. Validação: 2024. Teste: 2025.
Dataset: V44.
Obs: ajuste de seed

Hyperparams:
input_size: 11h: 1lr: 0.00011838868929629905batch: 32encoder n layers: 2decoder layers: 2",2026-01-07T20:50:37
2024_cluster_0,Sao_Joao_do_Manhuacu,2024-12-31T00:00:00,1.32,1.1599463,12.13,validacao,V44,LSTM,"/media/marcos/Marcos/Codigos/Predicao_Cafe_Arabica/Teste_2_reuniao_16_dez_ajuste_seed/temp_models/trial_292
Modelo LSTM. Treino: 2012 a 2023. Validação: 2024. Teste: 2025.
Dataset: V44.
Obs: ajuste de seed

Hyperparams:
input_size: 11h: 1lr: 0.00011838868929629905batch: 32encoder n layers: 2decoder layers: 2",2026-01-07T20:50:37
2024_cluster_0,Sao_Jose_do_Mantimento,2024-12-31T00:00:00,1.44,1.4612195,1.47,validacao,V44,LSTM,"/media/marcos/Marcos/Codigos/Predicao_Cafe_Arabica/Teste_2_reuniao_16_dez_ajuste_seed/temp_models/trial_292
Modelo LSTM. Treino: 2012 a 2023. Validação: 2024. Teste: 2025.
Dataset: V44.
Obs: ajuste de seed

Hyperparams:
input_size: 11h: 1lr: 0.00011838868929629905batch: 32encoder n layers: 2decoder layers: 2",2026-01-07T20:50:37
2024_cluster_0,Sao_Roque_de_Minas,2024-12-31T00:00:00,1.58,1.4183177,10.23,validacao,V44,LSTM,"/media/marcos/Marcos/Codigos/Predicao_Cafe_Arabica/Teste_2_reuniao_16_dez_ajuste_seed/temp_models/trial_292
Modelo LSTM. Treino: 2012 a 2023. Validação: 2024. Teste: 2025.
Dataset: V44.
Obs: ajuste de seed

Hyperparams:
input_size: 11h: 1lr: 0.00011838868929629905batch: 32encoder n layers: 2decoder layers: 2",2026-01-07T20:50:37
2024_cluster_0,Sao_Tiago,2024-12-31T00:00:00,1.621052631578947,1.6229107,0.11,validacao,V44,LSTM,"/media/marcos/Marcos/Codigos/Predicao_Cafe_Arabica/Teste_2_reuniao_16_dez_ajuste_seed/temp_models/trial_292
Modelo LSTM. Treino: 2012 a 2023. Validação: 2024. Teste: 2025.
Dataset: V44.
Obs: ajuste de seed

Hyperparams:
input_size: 11h: 1lr: 0.00011838868929629905batch: 32encoder n layers: 2decoder layers: 2",2026-01-07T20:50:37
2024_cluster_0,Sao_Tomas_de_Aquino,2024-12-31T00:00:00,1.619975932611312,1.3717396,15.32,validacao,V44,LSTM,"/media/marcos/Marcos/Codigos/Predicao_Cafe_Arabica/Teste_2_reuniao_16_dez_ajuste_seed/temp_models/trial_292
Modelo LSTM. Treino: 2012 a 2023. Validação: 2024. Teste: 2025.
Dataset: V44.
Obs: ajuste de seed

Hyperparams:
input_size: 11h: 1lr: 0.00011838868929629905batch: 32encoder n layers: 2decoder layers: 2",2026-01-07T20:50:37
2024_cluster_0,Senador_Firmino,2024-12-31T00:00:00,1.804347826086957,1.43487,20.48,validacao,V44,LSTM,"/media/marcos/Marcos/Codigos/Predicao_Cafe_Arabica/Teste_2_reuniao_16_dez_ajuste_seed/temp_models/trial_292
Modelo LSTM. Treino: 2012 a 2023. Validação: 2024. Teste: 2025.
Dataset: V44.
Obs: ajuste de seed

Hyperparams:
input_size: 11h: 1lr: 0.00011838868929629905batch: 32encoder n layers: 2decoder layers: 2",2026-01-07T20:50:37
2024_cluster_0,Senhora_de_Oliveira,2024-12-31T00:00:00,1.8000000000000003,1.3753488,23.59,validacao,V44,LSTM,"/media/marcos/Marcos/Codigos/Predicao_Cafe_Arabica/Teste_2_reuniao_16_dez_ajuste_seed/temp_models/trial_292
Modelo LSTM. Treino: 2012 a 2023. Validação: 2024. Teste: 2025.
Dataset: V44.
Obs: ajuste de seed

Hyperparams:
input_size: 11h: 1lr: 0.00011838868929629905batch: 32encoder n layers: 2decoder layers: 2",2026-01-07T20:50:37
2024_cluster_0,Sericita,2024-12-31T00:00:00,1.3799999999999997,1.2710042,7.9,validacao,V44,LSTM,"/media/marcos/Marcos/Codigos/Predicao_Cafe_Arabica/Teste_2_reuniao_16_dez_ajuste_seed/temp_models/trial_292
Modelo LSTM. Treino: 2012 a 2023. Validação: 2024. Teste: 2025.
Dataset: V44.
Obs: ajuste de seed

Hyperparams:
input_size: 11h: 1lr: 0.00011838868929629905batch: 32encoder n layers: 2decoder layers: 2",2026-01-07T20:50:37
2024_cluster_0,Simonesia,2024-12-31T00:00:00,1.2,1.4235173,18.63,validacao,V44,LSTM,"/media/marcos/Marcos/Codigos/Predicao_Cafe_Arabica/Teste_2_reuniao_16_dez_ajuste_seed/temp_models/trial_292
Modelo LSTM. Treino: 2012 a 2023. Validação: 2024. Teste: 2025.
Dataset: V44.
Obs: ajuste de seed

Hyperparams:
input_size: 11h: 1lr: 0.00011838868929629905batch: 32encoder n layers: 2decoder layers: 2",2026-01-07T20:50:37
2024_cluster_0,Tapirai,2024-12-31T00:00:00,1.9163050216986979,1.4810433,22.71,validacao,V44,LSTM,"/media/marcos/Marcos/Codigos/Predicao_Cafe_Arabica/Teste_2_reuniao_16_dez_ajuste_seed/temp_models/trial_292
Modelo LSTM. Treino: 2012 a 2023. Validação: 2024. Teste: 2025.
Dataset: V44.
Obs: ajuste de seed

Hyperparams:
input_size: 11h: 1lr: 0.00011838868929629905batch: 32encoder n layers: 2decoder layers: 2",2026-01-07T20:50:37
2024_cluster_0,Tombos,2024-12-31T00:00:00,1.5,1.1219666,25.2,validacao,V44,LSTM,"/media/marcos/Marcos/Codigos/Predicao_Cafe_Arabica/Teste_2_reuniao_16_dez_ajuste_seed/temp_models/trial_292
Modelo LSTM. Treino: 2012 a 2023. Validação: 2024. Teste: 2025.
Dataset: V44.
Obs: ajuste de seed

Hyperparams:
input_size: 11h: 1lr: 0.00011838868929629905batch: 32encoder n layers: 2decoder layers: 2",2026-01-07T20:50:37
2024_cluster_0,Tres_Pontas,2024-12-31T00:00:00,1.387228956803825,1.4236293,2.62,validacao,V44,LSTM,"/media/marcos/Marcos/Codigos/Predicao_Cafe_Arabica/Teste_2_reuniao_16_dez_ajuste_seed/temp_models/trial_292
Modelo LSTM. Treino: 2012 a 2023. Validação: 2024. Teste: 2025.
Dataset: V44.
Obs: ajuste de seed

Hyperparams:
input_size: 11h: 1lr: 0.00011838868929629905batch: 32encoder n layers: 2decoder layers: 2",2026-01-07T20:50:37
2024_cluster_0,Ubaporanga,2024-12-31T00:00:00,1.440056417489422,1.2506195,13.15,validacao,V44,LSTM,"/media/marcos/Marcos/Codigos/Predicao_Cafe_Arabica/Teste_2_reuniao_16_dez_ajuste_seed/temp_models/trial_292
Modelo LSTM. Treino: 2012 a 2023. Validação: 2024. Teste: 2025.
Dataset: V44.
Obs: ajuste de seed

Hyperparams:
input_size: 11h: 1lr: 0.00011838868929629905batch: 32encoder n layers: 2decoder layers: 2",2026-01-07T20:50:37
2024_cluster_0,Vargem_Bonita,2024-12-31T00:00:00,2.1878048780487815,1.3850521,36.69,validacao,V44,LSTM,"/media/marcos/Marcos/Codigos/Predicao_Cafe_Arabica/Teste_2_reuniao_16_dez_ajuste_seed/temp_models/trial_292
Modelo LSTM. Treino: 2012 a 2023. Validação: 2024. Teste: 2025.
Dataset: V44.
Obs: ajuste de seed

Hyperparams:
input_size: 11h: 1lr: 0.00011838868929629905batch: 32encoder n layers: 2decoder layers: 2",2026-01-07T20:50:37
2024_cluster_0,Vermelho_Novo,2024-12-31T00:00:00,1.8000000000000003,1.0877323,39.57,validacao,V44,LSTM,"/media/marcos/Marcos/Codigos/Predicao_Cafe_Arabica/Teste_2_reuniao_16_dez_ajuste_seed/temp_models/trial_292
Modelo LSTM. Treino: 2012 a 2023. Validação: 2024. Teste: 2025.
Dataset: V44.
Obs: ajuste de seed

Hyperparams:
input_size: 11h: 1lr: 0.00011838868929629905batch: 32encoder n layers: 2decoder layers: 2",2026-01-07T20:50:37
2024_cluster_0,Vicosa,2024-12-31T00:00:00,1.32,1.2540781,4.99,validacao,V44,LSTM,"/media/marcos/Marcos/Codigos/Predicao_Cafe_Arabica/Teste_2_reuniao_16_dez_ajuste_seed/temp_models/trial_292
Modelo LSTM. Treino: 2012 a 2023. Validação: 2024. Teste: 2025.
Dataset: V44.
Obs: ajuste de seed

Hyperparams:
input_size: 11h: 1lr: 0.00011838868929629905batch: 32encoder n layers: 2decoder layers: 2",2026-01-07T20:50:37
2024_cluster_0,Vieiras,2024-12-31T00:00:00,1.44,1.2746447,11.48,validacao,V44,LSTM,"/media/marcos/Marcos/Codigos/Predicao_Cafe_Arabica/Teste_2_reuniao_16_dez_ajuste_seed/temp_models/trial_292
Modelo LSTM. Treino: 2012 a 2023. Validação: 2024. Teste: 2025.
Dataset: V44.
Obs: ajuste de seed

Hyperparams:
input_size: 11h: 1lr: 0.00011838868929629905batch: 32encoder n layers: 2decoder layers: 2",2026-01-07T20:50:37
2024_cluster_0,Aguanil,2025-12-31T00:00:00,0.0,1.5719924,,teste,V44,LSTM,"/media/marcos/Marcos/Codigos/Predicao_Cafe_Arabica/Teste_2_reuniao_16_dez_ajuste_seed/temp_models/trial_292
Modelo LSTM. Treino: 2012 a 2023. Validação: 2024. Teste: 2025.
Dataset: V44.
Obs: ajuste de seed

Hyperparams:
input_size: 11h: 1lr: 0.00011838868929629905batch: 32encoder n layers: 2decoder layers: 2",2026-01-07T20:50:37
2024_cluster_0,Alfenas,2025-12-31T00:00:00,0.0,1.5569556,,teste,V44,LSTM,"/media/marcos/Marcos/Codigos/Predicao_Cafe_Arabica/Teste_2_reuniao_16_dez_ajuste_seed/temp_models/trial_292
Modelo LSTM. Treino: 2012 a 2023. Validação: 2024. Teste: 2025.
Dataset: V44.
Obs: ajuste de seed

Hyperparams:
input_size: 11h: 1lr: 0.00011838868929629905batch: 32encoder n layers: 2decoder layers: 2",2026-01-07T20:50:37
2024_cluster_0,Alto_Caparao,2025-12-31T00:00:00,0.0,1.2861769,,teste,V44,LSTM,"/media/marcos/Marcos/Codigos/Predicao_Cafe_Arabica/Teste_2_reuniao_16_dez_ajuste_seed/temp_models/trial_292
Modelo LSTM. Treino: 2012 a 2023. Validação: 2024. Teste: 2025.
Dataset: V44.
Obs: ajuste de seed

Hyperparams:
input_size: 11h: 1lr: 0.00011838868929629905batch: 32encoder n layers: 2decoder layers: 2",2026-01-07T20:50:37
2024_cluster_0,Alto_Jequitiba,2025-12-31T00:00:00,0.0,1.0990968,,teste,V44,LSTM,"/media/marcos/Marcos/Codigos/Predicao_Cafe_Arabica/Teste_2_reuniao_16_dez_ajuste_seed/temp_models/trial_292
Modelo LSTM. Treino: 2012 a 2023. Validação: 2024. Teste: 2025.
Dataset: V44.
Obs: ajuste de seed

Hyperparams:
input_size: 11h: 1lr: 0.00011838868929629905batch: 32encoder n layers: 2decoder layers: 2",2026-01-07T20:50:37
2024_cluster_0,Amparo_do_Serra,2025-12-31T00:00:00,0.0,1.3419267,,teste,V44,LSTM,"/media/marcos/Marcos/Codigos/Predicao_Cafe_Arabica/Teste_2_reuniao_16_dez_ajuste_seed/temp_models/trial_292
Modelo LSTM. Treino: 2012 a 2023. Validação: 2024. Teste: 2025.
Dataset: V44.
Obs: ajuste de seed

Hyperparams:
input_size: 11h: 1lr: 0.00011838868929629905batch: 32encoder n layers: 2decoder layers: 2",2026-01-07T20:50:37
2024_cluster_0,Araponga,2025-12-31T00:00:00,0.0,1.3014991,,teste,V44,LSTM,"/media/marcos/Marcos/Codigos/Predicao_Cafe_Arabica/Teste_2_reuniao_16_dez_ajuste_seed/temp_models/trial_292
Modelo LSTM. Treino: 2012 a 2023. Validação: 2024. Teste: 2025.
Dataset: V44.
Obs: ajuste de seed

Hyperparams:
input_size: 11h: 1lr: 0.00011838868929629905batch: 32encoder n layers: 2decoder layers: 2",2026-01-07T20:50:37
2024_cluster_0,Astolfo_Dutra,2025-12-31T00:00:00,0.0,0.9206139,,teste,V44,LSTM,"/media/marcos/Marcos/Codigos/Predicao_Cafe_Arabica/Teste_2_reuniao_16_dez_ajuste_seed/temp_models/trial_292
Modelo LSTM. Treino: 2012 a 2023. Validação: 2024. Teste: 2025.
Dataset: V44.
Obs: ajuste de seed

Hyperparams:
input_size: 11h: 1lr: 0.00011838868929629905batch: 32encoder n layers: 2decoder layers: 2",2026-01-07T20:50:37
2024_cluster_0,Bambui,2025-12-31T00:00:00,0.0,1.4872807,,teste,V44,LSTM,"/media/marcos/Marcos/Codigos/Predicao_Cafe_Arabica/Teste_2_reuniao_16_dez_ajuste_seed/temp_models/trial_292
Modelo LSTM. Treino: 2012 a 2023. Validação: 2024. Teste: 2025.
Dataset: V44.
Obs: ajuste de seed

Hyperparams:
input_size: 11h: 1lr: 0.00011838868929629905batch: 32encoder n layers: 2decoder layers: 2",2026-01-07T20:50:37
2024_cluster_0,Boa_Esperanca,2025-12-31T00:00:00,0.0,1.2557366,,teste,V44,LSTM,"/media/marcos/Marcos/Codigos/Predicao_Cafe_Arabica/Teste_2_reuniao_16_dez_ajuste_seed/temp_models/trial_292
Modelo LSTM. Treino: 2012 a 2023. Validação: 2024. Teste: 2025.
Dataset: V44.
Obs: ajuste de seed

Hyperparams:
input_size: 11h: 1lr: 0.00011838868929629905batch: 32encoder n layers: 2decoder layers: 2",2026-01-07T20:50:37
2024_cluster_0,Bom_Jesus_do_Galho,2025-12-31T00:00:00,0.0,1.1005343,,teste,V44,LSTM,"/media/marcos/Marcos/Codigos/Predicao_Cafe_Arabica/Teste_2_reuniao_16_dez_ajuste_seed/temp_models/trial_292
Modelo LSTM. Treino: 2012 a 2023. Validação: 2024. Teste: 2025.
Dataset: V44.
Obs: ajuste de seed

Hyperparams:
input_size: 11h: 1lr: 0.00011838868929629905batch: 32encoder n layers: 2decoder layers: 2",2026-01-07T20:50:37
2024_cluster_0,Bom_Sucesso,2025-12-31T00:00:00,0.0,1.4625123,,teste,V44,LSTM,"/media/marcos/Marcos/Codigos/Predicao_Cafe_Arabica/Teste_2_reuniao_16_dez_ajuste_seed/temp_models/trial_292
Modelo LSTM. Treino: 2012 a 2023. Validação: 2024. Teste: 2025.
Dataset: V44.
Obs: ajuste de seed

Hyperparams:
input_size: 11h: 1lr: 0.00011838868929629905batch: 32encoder n layers: 2decoder layers: 2",2026-01-07T20:50:37
2024_cluster_0,Caete,2025-12-31T00:00:00,0.0,1.2612425,,teste,V44,LSTM,"/media/marcos/Marcos/Codigos/Predicao_Cafe_Arabica/Teste_2_reuniao_16_dez_ajuste_seed/temp_models/trial_292
Modelo LSTM. Treino: 2012 a 2023. Validação: 2024. Teste: 2025.
Dataset: V44.
Obs: ajuste de seed

Hyperparams:
input_size: 11h: 1lr: 0.00011838868929629905batch: 32encoder n layers: 2decoder layers: 2",2026-01-07T20:50:37
2024_cluster_0,Caiana,2025-12-31T00:00:00,0.0,1.0263591,,teste,V44,LSTM,"/media/marcos/Marcos/Codigos/Predicao_Cafe_Arabica/Teste_2_reuniao_16_dez_ajuste_seed/temp_models/trial_292
Modelo LSTM. Treino: 2012 a 2023. Validação: 2024. Teste: 2025.
Dataset: V44.
Obs: ajuste de seed

Hyperparams:
input_size: 11h: 1lr: 0.00011838868929629905batch: 32encoder n layers: 2decoder layers: 2",2026-01-07T20:50:37
2024_cluster_0,Cajuri,2025-12-31T00:00:00,0.0,1.125482,,teste,V44,LSTM,"/media/marcos/Marcos/Codigos/Predicao_Cafe_Arabica/Teste_2_reuniao_16_dez_ajuste_seed/temp_models/trial_292
Modelo LSTM. Treino: 2012 a 2023. Validação: 2024. Teste: 2025.
Dataset: V44.
Obs: ajuste de seed

Hyperparams:
input_size: 11h: 1lr: 0.00011838868929629905batch: 32encoder n layers: 2decoder layers: 2",2026-01-07T20:50:37
2024_cluster_0,Camacho,2025-12-31T00:00:00,0.0,1.3998654,,teste,V44,LSTM,"/media/marcos/Marcos/Codigos/Predicao_Cafe_Arabica/Teste_2_reuniao_16_dez_ajuste_seed/temp_models/trial_292
Modelo LSTM. Treino: 2012 a 2023. Validação: 2024. Teste: 2025.
Dataset: V44.
Obs: ajuste de seed

Hyperparams:
input_size: 11h: 1lr: 0.00011838868929629905batch: 32encoder n layers: 2decoder layers: 2",2026-01-07T20:50:37
2024_cluster_0,Campo_do_Meio,2025-12-31T00:00:00,0.0,1.230954,,teste,V44,LSTM,"/media/marcos/Marcos/Codigos/Predicao_Cafe_Arabica/Teste_2_reuniao_16_dez_ajuste_seed/temp_models/trial_292
Modelo LSTM. Treino: 2012 a 2023. Validação: 2024. Teste: 2025.
Dataset: V44.
Obs: ajuste de seed

Hyperparams:
input_size: 11h: 1lr: 0.00011838868929629905batch: 32encoder n layers: 2decoder layers: 2",2026-01-07T20:50:37
2024_cluster_0,Campos_Altos,2025-12-31T00:00:00,0.0,1.4688921,,teste,V44,LSTM,"/media/marcos/Marcos/Codigos/Predicao_Cafe_Arabica/Teste_2_reuniao_16_dez_ajuste_seed/temp_models/trial_292
Modelo LSTM. Treino: 2012 a 2023. Validação: 2024. Teste: 2025.
Dataset: V44.
Obs: ajuste de seed

Hyperparams:
input_size: 11h: 1lr: 0.00011838868929629905batch: 32encoder n layers: 2decoder layers: 2",2026-01-07T20:50:37
2024_cluster_0,Campos_Gerais,2025-12-31T00:00:00,0.0,1.547862,,teste,V44,LSTM,"/media/marcos/Marcos/Codigos/Predicao_Cafe_Arabica/Teste_2_reuniao_16_dez_ajuste_seed/temp_models/trial_292
Modelo LSTM. Treino: 2012 a 2023. Validação: 2024. Teste: 2025.
Dataset: V44.
Obs: ajuste de seed

Hyperparams:
input_size: 11h: 1lr: 0.00011838868929629905batch: 32encoder n layers: 2decoder layers: 2",2026-01-07T20:50:37
2024_cluster_0,Cana_Verde,2025-12-31T00:00:00,0.0,1.2137371,,teste,V44,LSTM,"/media/marcos/Marcos/Codigos/Predicao_Cafe_Arabica/Teste_2_reuniao_16_dez_ajuste_seed/temp_models/trial_292
Modelo LSTM. Treino: 2012 a 2023. Validação: 2024. Teste: 2025.
Dataset: V44.
Obs: ajuste de seed

Hyperparams:
input_size: 11h: 1lr: 0.00011838868929629905batch: 32encoder n layers: 2decoder layers: 2",2026-01-07T20:50:37
2024_cluster_0,Canaa,2025-12-31T00:00:00,0.0,1.2925794,,teste,V44,LSTM,"/media/marcos/Marcos/Codigos/Predicao_Cafe_Arabica/Teste_2_reuniao_16_dez_ajuste_seed/temp_models/trial_292
Modelo LSTM. Treino: 2012 a 2023. Validação: 2024. Teste: 2025.
Dataset: V44.
Obs: ajuste de seed

Hyperparams:
input_size: 11h: 1lr: 0.00011838868929629905batch: 32encoder n layers: 2decoder layers: 2",2026-01-07T20:50:37
2024_cluster_0,Candeias,2025-12-31T00:00:00,0.0,1.16621,,teste,V44,LSTM,"/media/marcos/Marcos/Codigos/Predicao_Cafe_Arabica/Teste_2_reuniao_16_dez_ajuste_seed/temp_models/trial_292
Modelo LSTM. Treino: 2012 a 2023. Validação: 2024. Teste: 2025.
Dataset: V44.
Obs: ajuste de seed

Hyperparams:
input_size: 11h: 1lr: 0.00011838868929629905batch: 32encoder n layers: 2decoder layers: 2",2026-01-07T20:50:37
2024_cluster_0,Caparao,2025-12-31T00:00:00,0.0,1.2689744,,teste,V44,LSTM,"/media/marcos/Marcos/Codigos/Predicao_Cafe_Arabica/Teste_2_reuniao_16_dez_ajuste_seed/temp_models/trial_292
Modelo LSTM. Treino: 2012 a 2023. Validação: 2024. Teste: 2025.
Dataset: V44.
Obs: ajuste de seed

Hyperparams:
input_size: 11h: 1lr: 0.00011838868929629905batch: 32encoder n layers: 2decoder layers: 2",2026-01-07T20:50:37
2024_cluster_0,Capitolio,2025-12-31T00:00:00,0.0,1.233368,,teste,V44,LSTM,"/media/marcos/Marcos/Codigos/Predicao_Cafe_Arabica/Teste_2_reuniao_16_dez_ajuste_seed/temp_models/trial_292
Modelo LSTM. Treino: 2012 a 2023. Validação: 2024. Teste: 2025.
Dataset: V44.
Obs: ajuste de seed

Hyperparams:
input_size: 11h: 1lr: 0.00011838868929629905batch: 32encoder n layers: 2decoder layers: 2",2026-01-07T20:50:37
2024_cluster_0,Caputira,2025-12-31T00:00:00,0.0,1.3592076,,teste,V44,LSTM,"/media/marcos/Marcos/Codigos/Predicao_Cafe_Arabica/Teste_2_reuniao_16_dez_ajuste_seed/temp_models/trial_292
Modelo LSTM. Treino: 2012 a 2023. Validação: 2024. Teste: 2025.
Dataset: V44.
Obs: ajuste de seed

Hyperparams:
input_size: 11h: 1lr: 0.00011838868929629905batch: 32encoder n layers: 2decoder layers: 2",2026-01-07T20:50:37
2024_cluster_0,Carangola,2025-12-31T00:00:00,0.0,1.086,,teste,V44,LSTM,"/media/marcos/Marcos/Codigos/Predicao_Cafe_Arabica/Teste_2_reuniao_16_dez_ajuste_seed/temp_models/trial_292
Modelo LSTM. Treino: 2012 a 2023. Validação: 2024. Teste: 2025.
Dataset: V44.
Obs: ajuste de seed

Hyperparams:
input_size: 11h: 1lr: 0.00011838868929629905batch: 32encoder n layers: 2decoder layers: 2",2026-01-07T20:50:37
2024_cluster_0,Caratinga,2025-12-31T00:00:00,0.0,1.4225235,,teste,V44,LSTM,"/media/marcos/Marcos/Codigos/Predicao_Cafe_Arabica/Teste_2_reuniao_16_dez_ajuste_seed/temp_models/trial_292
Modelo LSTM. Treino: 2012 a 2023. Validação: 2024. Teste: 2025.
Dataset: V44.
Obs: ajuste de seed

Hyperparams:
input_size: 11h: 1lr: 0.00011838868929629905batch: 32encoder n layers: 2decoder layers: 2",2026-01-07T20:50:37
2024_cluster_0,Carmo_da_Mata,2025-12-31T00:00:00,0.0,1.3594898,,teste,V44,LSTM,"/media/marcos/Marcos/Codigos/Predicao_Cafe_Arabica/Teste_2_reuniao_16_dez_ajuste_seed/temp_models/trial_292
Modelo LSTM. Treino: 2012 a 2023. Validação: 2024. Teste: 2025.
Dataset: V44.
Obs: ajuste de seed

Hyperparams:
input_size: 11h: 1lr: 0.00011838868929629905batch: 32encoder n layers: 2decoder layers: 2",2026-01-07T20:50:37
2024_cluster_0,Carmo_do_Rio_Claro,2025-12-31T00:00:00,0.0,1.7996597,,teste,V44,LSTM,"/media/marcos/Marcos/Codigos/Predicao_Cafe_Arabica/Teste_2_reuniao_16_dez_ajuste_seed/temp_models/trial_292
Modelo LSTM. Treino: 2012 a 2023. Validação: 2024. Teste: 2025.
Dataset: V44.
Obs: ajuste de seed

Hyperparams:
input_size: 11h: 1lr: 0.00011838868929629905batch: 32encoder n layers: 2decoder layers: 2",2026-01-07T20:50:37
2024_cluster_0,Carmopolis_de_Minas,2025-12-31T00:00:00,0.0,1.6674169,,teste,V44,LSTM,"/media/marcos/Marcos/Codigos/Predicao_Cafe_Arabica/Teste_2_reuniao_16_dez_ajuste_seed/temp_models/trial_292
Modelo LSTM. Treino: 2012 a 2023. Validação: 2024. Teste: 2025.
Dataset: V44.
Obs: ajuste de seed

Hyperparams:
input_size: 11h: 1lr: 0.00011838868929629905batch: 32encoder n layers: 2decoder layers: 2",2026-01-07T20:50:37
2024_cluster_0,Cassia,2025-12-31T00:00:00,0.0,1.5162914,,teste,V44,LSTM,"/media/marcos/Marcos/Codigos/Predicao_Cafe_Arabica/Teste_2_reuniao_16_dez_ajuste_seed/temp_models/trial_292
Modelo LSTM. Treino: 2012 a 2023. Validação: 2024. Teste: 2025.
Dataset: V44.
Obs: ajuste de seed

Hyperparams:
input_size: 11h: 1lr: 0.00011838868929629905batch: 32encoder n layers: 2decoder layers: 2",2026-01-07T20:50:37
2024_cluster_0,Catas_Altas_da_Noruega,2025-12-31T00:00:00,0.0,0.95152545,,teste,V44,LSTM,"/media/marcos/Marcos/Codigos/Predicao_Cafe_Arabica/Teste_2_reuniao_16_dez_ajuste_seed/temp_models/trial_292
Modelo LSTM. Treino: 2012 a 2023. Validação: 2024. Teste: 2025.
Dataset: V44.
Obs: ajuste de seed

Hyperparams:
input_size: 11h: 1lr: 0.00011838868929629905batch: 32encoder n layers: 2decoder layers: 2",2026-01-07T20:50:37
2024_cluster_0,Chale,2025-12-31T00:00:00,0.0,1.3441213,,teste,V44,LSTM,"/media/marcos/Marcos/Codigos/Predicao_Cafe_Arabica/Teste_2_reuniao_16_dez_ajuste_seed/temp_models/trial_292
Modelo LSTM. Treino: 2012 a 2023. Validação: 2024. Teste: 2025.
Dataset: V44.
Obs: ajuste de seed

Hyperparams:
input_size: 11h: 1lr: 0.00011838868929629905batch: 32encoder n layers: 2decoder layers: 2",2026-01-07T20:50:37
2024_cluster_0,Claudio,2025-12-31T00:00:00,0.0,1.7280083,,teste,V44,LSTM,"/media/marcos/Marcos/Codigos/Predicao_Cafe_Arabica/Teste_2_reuniao_16_dez_ajuste_seed/temp_models/trial_292
Modelo LSTM. Treino: 2012 a 2023. Validação: 2024. Teste: 2025.
Dataset: V44.
Obs: ajuste de seed

Hyperparams:
input_size: 11h: 1lr: 0.00011838868929629905batch: 32encoder n layers: 2decoder layers: 2",2026-01-07T20:50:37
2024_cluster_0,Conceicao_da_Barra_de_Minas,2025-12-31T00:00:00,0.0,1.5737029,,teste,V44,LSTM,"/media/marcos/Marcos/Codigos/Predicao_Cafe_Arabica/Teste_2_reuniao_16_dez_ajuste_seed/temp_models/trial_292
Modelo LSTM. Treino: 2012 a 2023. Validação: 2024. Teste: 2025.
Dataset: V44.
Obs: ajuste de seed

Hyperparams:
input_size: 11h: 1lr: 0.00011838868929629905batch: 32encoder n layers: 2decoder layers: 2",2026-01-07T20:50:37
2024_cluster_0,Conceicao_de_Ipanema,2025-12-31T00:00:00,0.0,1.3232813,,teste,V44,LSTM,"/media/marcos/Marcos/Codigos/Predicao_Cafe_Arabica/Teste_2_reuniao_16_dez_ajuste_seed/temp_models/trial_292
Modelo LSTM. Treino: 2012 a 2023. Validação: 2024. Teste: 2025.
Dataset: V44.
Obs: ajuste de seed

Hyperparams:
input_size: 11h: 1lr: 0.00011838868929629905batch: 32encoder n layers: 2decoder layers: 2",2026-01-07T20:50:37
2024_cluster_0,Coqueiral,2025-12-31T00:00:00,0.0,1.2669846,,teste,V44,LSTM,"/media/marcos/Marcos/Codigos/Predicao_Cafe_Arabica/Teste_2_reuniao_16_dez_ajuste_seed/temp_models/trial_292
Modelo LSTM. Treino: 2012 a 2023. Validação: 2024. Teste: 2025.
Dataset: V44.
Obs: ajuste de seed

Hyperparams:
input_size: 11h: 1lr: 0.00011838868929629905batch: 32encoder n layers: 2decoder layers: 2",2026-01-07T20:50:37
2024_cluster_0,Corrego_Danta,2025-12-31T00:00:00,0.0,1.4055042,,teste,V44,LSTM,"/media/marcos/Marcos/Codigos/Predicao_Cafe_Arabica/Teste_2_reuniao_16_dez_ajuste_seed/temp_models/trial_292
Modelo LSTM. Treino: 2012 a 2023. Validação: 2024. Teste: 2025.
Dataset: V44.
Obs: ajuste de seed

Hyperparams:
input_size: 11h: 1lr: 0.00011838868929629905batch: 32encoder n layers: 2decoder layers: 2",2026-01-07T20:50:37
2024_cluster_0,Cristais,2025-12-31T00:00:00,0.0,1.3760964,,teste,V44,LSTM,"/media/marcos/Marcos/Codigos/Predicao_Cafe_Arabica/Teste_2_reuniao_16_dez_ajuste_seed/temp_models/trial_292
Modelo LSTM. Treino: 2012 a 2023. Validação: 2024. Teste: 2025.
Dataset: V44.
Obs: ajuste de seed

Hyperparams:
input_size: 11h: 1lr: 0.00011838868929629905batch: 32encoder n layers: 2decoder layers: 2",2026-01-07T20:50:37
2024_cluster_0,Desterro_de_Entre_Rios,2025-12-31T00:00:00,0.0,1.6858656,,teste,V44,LSTM,"/media/marcos/Marcos/Codigos/Predicao_Cafe_Arabica/Teste_2_reuniao_16_dez_ajuste_seed/temp_models/trial_292
Modelo LSTM. Treino: 2012 a 2023. Validação: 2024. Teste: 2025.
Dataset: V44.
Obs: ajuste de seed

Hyperparams:
input_size: 11h: 1lr: 0.00011838868929629905batch: 32encoder n layers: 2decoder layers: 2",2026-01-07T20:50:37
2024_cluster_0,Divinesia,2025-12-31T00:00:00,0.0,1.7745016,,teste,V44,LSTM,"/media/marcos/Marcos/Codigos/Predicao_Cafe_Arabica/Teste_2_reuniao_16_dez_ajuste_seed/temp_models/trial_292
Modelo LSTM. Treino: 2012 a 2023. Validação: 2024. Teste: 2025.
Dataset: V44.
Obs: ajuste de seed

Hyperparams:
input_size: 11h: 1lr: 0.00011838868929629905batch: 32encoder n layers: 2decoder layers: 2",2026-01-07T20:50:37
2024_cluster_0,Divino,2025-12-31T00:00:00,0.0,1.0872397,,teste,V44,LSTM,"/media/marcos/Marcos/Codigos/Predicao_Cafe_Arabica/Teste_2_reuniao_16_dez_ajuste_seed/temp_models/trial_292
Modelo LSTM. Treino: 2012 a 2023. Validação: 2024. Teste: 2025.
Dataset: V44.
Obs: ajuste de seed

Hyperparams:
input_size: 11h: 1lr: 0.00011838868929629905batch: 32encoder n layers: 2decoder layers: 2",2026-01-07T20:50:37
2024_cluster_0,Doresopolis,2025-12-31T00:00:00,0.0,1.3515579,,teste,V44,LSTM,"/media/marcos/Marcos/Codigos/Predicao_Cafe_Arabica/Teste_2_reuniao_16_dez_ajuste_seed/temp_models/trial_292
Modelo LSTM. Treino: 2012 a 2023. Validação: 2024. Teste: 2025.
Dataset: V44.
Obs: ajuste de seed

Hyperparams:
input_size: 11h: 1lr: 0.00011838868929629905batch: 32encoder n layers: 2decoder layers: 2",2026-01-07T20:50:37
2024_cluster_0,Durande,2025-12-31T00:00:00,0.0,1.4326122,,teste,V44,LSTM,"/media/marcos/Marcos/Codigos/Predicao_Cafe_Arabica/Teste_2_reuniao_16_dez_ajuste_seed/temp_models/trial_292
Modelo LSTM. Treino: 2012 a 2023. Validação: 2024. Teste: 2025.
Dataset: V44.
Obs: ajuste de seed

Hyperparams:
input_size: 11h: 1lr: 0.00011838868929629905batch: 32encoder n layers: 2decoder layers: 2",2026-01-07T20:50:37
2024_cluster_0,Eloi_Mendes,2025-12-31T00:00:00,0.0,1.3788606,,teste,V44,LSTM,"/media/marcos/Marcos/Codigos/Predicao_Cafe_Arabica/Teste_2_reuniao_16_dez_ajuste_seed/temp_models/trial_292
Modelo LSTM. Treino: 2012 a 2023. Validação: 2024. Teste: 2025.
Dataset: V44.
Obs: ajuste de seed

Hyperparams:
input_size: 11h: 1lr: 0.00011838868929629905batch: 32encoder n layers: 2decoder layers: 2",2026-01-07T20:50:37
2024_cluster_0,Entre_Folhas,2025-12-31T00:00:00,0.0,1.0892265,,teste,V44,LSTM,"/media/marcos/Marcos/Codigos/Predicao_Cafe_Arabica/Teste_2_reuniao_16_dez_ajuste_seed/temp_models/trial_292
Modelo LSTM. Treino: 2012 a 2023. Validação: 2024. Teste: 2025.
Dataset: V44.
Obs: ajuste de seed

Hyperparams:
input_size: 11h: 1lr: 0.00011838868929629905batch: 32encoder n layers: 2decoder layers: 2",2026-01-07T20:50:37
2024_cluster_0,Entre_Rios_de_Minas,2025-12-31T00:00:00,0.0,1.6966689,,teste,V44,LSTM,"/media/marcos/Marcos/Codigos/Predicao_Cafe_Arabica/Teste_2_reuniao_16_dez_ajuste_seed/temp_models/trial_292
Modelo LSTM. Treino: 2012 a 2023. Validação: 2024. Teste: 2025.
Dataset: V44.
Obs: ajuste de seed

Hyperparams:
input_size: 11h: 1lr: 0.00011838868929629905batch: 32encoder n layers: 2decoder layers: 2",2026-01-07T20:50:37
2024_cluster_0,Ervalia,2025-12-31T00:00:00,0.0,1.2568455,,teste,V44,LSTM,"/media/marcos/Marcos/Codigos/Predicao_Cafe_Arabica/Teste_2_reuniao_16_dez_ajuste_seed/temp_models/trial_292
Modelo LSTM. Treino: 2012 a 2023. Validação: 2024. Teste: 2025.
Dataset: V44.
Obs: ajuste de seed

Hyperparams:
input_size: 11h: 1lr: 0.00011838868929629905batch: 32encoder n layers: 2decoder layers: 2",2026-01-07T20:50:37
2024_cluster_0,Espera_Feliz,2025-12-31T00:00:00,0.0,1.1452851,,teste,V44,LSTM,"/media/marcos/Marcos/Codigos/Predicao_Cafe_Arabica/Teste_2_reuniao_16_dez_ajuste_seed/temp_models/trial_292
Modelo LSTM. Treino: 2012 a 2023. Validação: 2024. Teste: 2025.
Dataset: V44.
Obs: ajuste de seed

Hyperparams:
input_size: 11h: 1lr: 0.00011838868929629905batch: 32encoder n layers: 2decoder layers: 2",2026-01-07T20:50:37
2024_cluster_0,Faria_Lemos,2025-12-31T00:00:00,0.0,1.1390287,,teste,V44,LSTM,"/media/marcos/Marcos/Codigos/Predicao_Cafe_Arabica/Teste_2_reuniao_16_dez_ajuste_seed/temp_models/trial_292
Modelo LSTM. Treino: 2012 a 2023. Validação: 2024. Teste: 2025.
Dataset: V44.
Obs: ajuste de seed

Hyperparams:
input_size: 11h: 1lr: 0.00011838868929629905batch: 32encoder n layers: 2decoder layers: 2",2026-01-07T20:50:37
2024_cluster_0,Ferros,2025-12-31T00:00:00,0.0,1.1127392,,teste,V44,LSTM,"/media/marcos/Marcos/Codigos/Predicao_Cafe_Arabica/Teste_2_reuniao_16_dez_ajuste_seed/temp_models/trial_292
Modelo LSTM. Treino: 2012 a 2023. Validação: 2024. Teste: 2025.
Dataset: V44.
Obs: ajuste de seed

Hyperparams:
input_size: 11h: 1lr: 0.00011838868929629905batch: 32encoder n layers: 2decoder layers: 2",2026-01-07T20:50:37
2024_cluster_0,Fervedouro,2025-12-31T00:00:00,0.0,1.2984117,,teste,V44,LSTM,"/media/marcos/Marcos/Codigos/Predicao_Cafe_Arabica/Teste_2_reuniao_16_dez_ajuste_seed/temp_models/trial_292
Modelo LSTM. Treino: 2012 a 2023. Validação: 2024. Teste: 2025.
Dataset: V44.
Obs: ajuste de seed

Hyperparams:
input_size: 11h: 1lr: 0.00011838868929629905batch: 32encoder n layers: 2decoder layers: 2",2026-01-07T20:50:37
2024_cluster_0,Guape,2025-12-31T00:00:00,0.0,1.5531137,,teste,V44,LSTM,"/media/marcos/Marcos/Codigos/Predicao_Cafe_Arabica/Teste_2_reuniao_16_dez_ajuste_seed/temp_models/trial_292
Modelo LSTM. Treino: 2012 a 2023. Validação: 2024. Teste: 2025.
Dataset: V44.
Obs: ajuste de seed

Hyperparams:
input_size: 11h: 1lr: 0.00011838868929629905batch: 32encoder n layers: 2decoder layers: 2",2026-01-07T20:50:37
2024_cluster_0,Ibituruna,2025-12-31T00:00:00,0.0,1.4916837,,teste,V44,LSTM,"/media/marcos/Marcos/Codigos/Predicao_Cafe_Arabica/Teste_2_reuniao_16_dez_ajuste_seed/temp_models/trial_292
Modelo LSTM. Treino: 2012 a 2023. Validação: 2024. Teste: 2025.
Dataset: V44.
Obs: ajuste de seed

Hyperparams:
input_size: 11h: 1lr: 0.00011838868929629905batch: 32encoder n layers: 2decoder layers: 2",2026-01-07T20:50:37
2024_cluster_0,Ilicinea,2025-12-31T00:00:00,0.0,1.5021685,,teste,V44,LSTM,"/media/marcos/Marcos/Codigos/Predicao_Cafe_Arabica/Teste_2_reuniao_16_dez_ajuste_seed/temp_models/trial_292
Modelo LSTM. Treino: 2012 a 2023. Validação: 2024. Teste: 2025.
Dataset: V44.
Obs: ajuste de seed

Hyperparams:
input_size: 11h: 1lr: 0.00011838868929629905batch: 32encoder n layers: 2decoder layers: 2",2026-01-07T20:50:37
2024_cluster_0,Itapecerica,2025-12-31T00:00:00,0.0,1.150496,,teste,V44,LSTM,"/media/marcos/Marcos/Codigos/Predicao_Cafe_Arabica/Teste_2_reuniao_16_dez_ajuste_seed/temp_models/trial_292
Modelo LSTM. Treino: 2012 a 2023. Validação: 2024. Teste: 2025.
Dataset: V44.
Obs: ajuste de seed

Hyperparams:
input_size: 11h: 1lr: 0.00011838868929629905batch: 32encoder n layers: 2decoder layers: 2",2026-01-07T20:50:37
2024_cluster_0,Ituiutaba,2025-12-31T00:00:00,0.0,1.2393004,,teste,V44,LSTM,"/media/marcos/Marcos/Codigos/Predicao_Cafe_Arabica/Teste_2_reuniao_16_dez_ajuste_seed/temp_models/trial_292
Modelo LSTM. Treino: 2012 a 2023. Validação: 2024. Teste: 2025.
Dataset: V44.
Obs: ajuste de seed

Hyperparams:
input_size: 11h: 1lr: 0.00011838868929629905batch: 32encoder n layers: 2decoder layers: 2",2026-01-07T20:50:37
2024_cluster_0,Itumirim,2025-12-31T00:00:00,0.0,1.4259325,,teste,V44,LSTM,"/media/marcos/Marcos/Codigos/Predicao_Cafe_Arabica/Teste_2_reuniao_16_dez_ajuste_seed/temp_models/trial_292
Modelo LSTM. Treino: 2012 a 2023. Validação: 2024. Teste: 2025.
Dataset: V44.
Obs: ajuste de seed

Hyperparams:
input_size: 11h: 1lr: 0.00011838868929629905batch: 32encoder n layers: 2decoder layers: 2",2026-01-07T20:50:37
2024_cluster_0,Lajinha,2025-12-31T00:00:00,0.0,1.2968389,,teste,V44,LSTM,"/media/marcos/Marcos/Codigos/Predicao_Cafe_Arabica/Teste_2_reuniao_16_dez_ajuste_seed/temp_models/trial_292
Modelo LSTM. Treino: 2012 a 2023. Validação: 2024. Teste: 2025.
Dataset: V44.
Obs: ajuste de seed

Hyperparams:
input_size: 11h: 1lr: 0.00011838868929629905batch: 32encoder n layers: 2decoder layers: 2",2026-01-07T20:50:37
2024_cluster_0,Lavras,2025-12-31T00:00:00,0.0,1.3503144,,teste,V44,LSTM,"/media/marcos/Marcos/Codigos/Predicao_Cafe_Arabica/Teste_2_reuniao_16_dez_ajuste_seed/temp_models/trial_292
Modelo LSTM. Treino: 2012 a 2023. Validação: 2024. Teste: 2025.
Dataset: V44.
Obs: ajuste de seed

Hyperparams:
input_size: 11h: 1lr: 0.00011838868929629905batch: 32encoder n layers: 2decoder layers: 2",2026-01-07T20:50:37
2024_cluster_0,Luisburgo,2025-12-31T00:00:00,0.0,1.3957206,,teste,V44,LSTM,"/media/marcos/Marcos/Codigos/Predicao_Cafe_Arabica/Teste_2_reuniao_16_dez_ajuste_seed/temp_models/trial_292
Modelo LSTM. Treino: 2012 a 2023. Validação: 2024. Teste: 2025.
Dataset: V44.
Obs: ajuste de seed

Hyperparams:
input_size: 11h: 1lr: 0.00011838868929629905batch: 32encoder n layers: 2decoder layers: 2",2026-01-07T20:50:37
2024_cluster_0,Machado,2025-12-31T00:00:00,0.0,1.4073815,,teste,V44,LSTM,"/media/marcos/Marcos/Codigos/Predicao_Cafe_Arabica/Teste_2_reuniao_16_dez_ajuste_seed/temp_models/trial_292
Modelo LSTM. Treino: 2012 a 2023. Validação: 2024. Teste: 2025.
Dataset: V44.
Obs: ajuste de seed

Hyperparams:
input_size: 11h: 1lr: 0.00011838868929629905batch: 32encoder n layers: 2decoder layers: 2",2026-01-07T20:50:37
2024_cluster_0,Manhuacu,2025-12-31T00:00:00,0.0,1.2317704,,teste,V44,LSTM,"/media/marcos/Marcos/Codigos/Predicao_Cafe_Arabica/Teste_2_reuniao_16_dez_ajuste_seed/temp_models/trial_292
Modelo LSTM. Treino: 2012 a 2023. Validação: 2024. Teste: 2025.
Dataset: V44.
Obs: ajuste de seed

Hyperparams:
input_size: 11h: 1lr: 0.00011838868929629905batch: 32encoder n layers: 2decoder layers: 2",2026-01-07T20:50:37
2024_cluster_0,Manhumirim,2025-12-31T00:00:00,0.0,1.368895,,teste,V44,LSTM,"/media/marcos/Marcos/Codigos/Predicao_Cafe_Arabica/Teste_2_reuniao_16_dez_ajuste_seed/temp_models/trial_292
Modelo LSTM. Treino: 2012 a 2023. Validação: 2024. Teste: 2025.
Dataset: V44.
Obs: ajuste de seed

Hyperparams:
input_size: 11h: 1lr: 0.00011838868929629905batch: 32encoder n layers: 2decoder layers: 2",2026-01-07T20:50:37
2024_cluster_0,Martins_Soares,2025-12-31T00:00:00,0.0,1.3525524,,teste,V44,LSTM,"/media/marcos/Marcos/Codigos/Predicao_Cafe_Arabica/Teste_2_reuniao_16_dez_ajuste_seed/temp_models/trial_292
Modelo LSTM. Treino: 2012 a 2023. Validação: 2024. Teste: 2025.
Dataset: V44.
Obs: ajuste de seed

Hyperparams:
input_size: 11h: 1lr: 0.00011838868929629905batch: 32encoder n layers: 2decoder layers: 2",2026-01-07T20:50:37
2024_cluster_0,Matipo,2025-12-31T00:00:00,0.0,1.2438803,,teste,V44,LSTM,"/media/marcos/Marcos/Codigos/Predicao_Cafe_Arabica/Teste_2_reuniao_16_dez_ajuste_seed/temp_models/trial_292
Modelo LSTM. Treino: 2012 a 2023. Validação: 2024. Teste: 2025.
Dataset: V44.
Obs: ajuste de seed

Hyperparams:
input_size: 11h: 1lr: 0.00011838868929629905batch: 32encoder n layers: 2decoder layers: 2",2026-01-07T20:50:37
2024_cluster_0,Medeiros,2025-12-31T00:00:00,0.0,1.6234,,teste,V44,LSTM,"/media/marcos/Marcos/Codigos/Predicao_Cafe_Arabica/Teste_2_reuniao_16_dez_ajuste_seed/temp_models/trial_292
Modelo LSTM. Treino: 2012 a 2023. Validação: 2024. Teste: 2025.
Dataset: V44.
Obs: ajuste de seed

Hyperparams:
input_size: 11h: 1lr: 0.00011838868929629905batch: 32encoder n layers: 2decoder layers: 2",2026-01-07T20:50:37
2024_cluster_0,Miradouro,2025-12-31T00:00:00,0.0,1.1670202,,teste,V44,LSTM,"/media/marcos/Marcos/Codigos/Predicao_Cafe_Arabica/Teste_2_reuniao_16_dez_ajuste_seed/temp_models/trial_292
Modelo LSTM. Treino: 2012 a 2023. Validação: 2024. Teste: 2025.
Dataset: V44.
Obs: ajuste de seed

Hyperparams:
input_size: 11h: 1lr: 0.00011838868929629905batch: 32encoder n layers: 2decoder layers: 2",2026-01-07T20:50:37
2024_cluster_0,Mirai,2025-12-31T00:00:00,0.0,1.0658361,,teste,V44,LSTM,"/media/marcos/Marcos/Codigos/Predicao_Cafe_Arabica/Teste_2_reuniao_16_dez_ajuste_seed/temp_models/trial_292
Modelo LSTM. Treino: 2012 a 2023. Validação: 2024. Teste: 2025.
Dataset: V44.
Obs: ajuste de seed

Hyperparams:
input_size: 11h: 1lr: 0.00011838868929629905batch: 32encoder n layers: 2decoder layers: 2",2026-01-07T20:50:37
2024_cluster_0,Moeda,2025-12-31T00:00:00,0.0,1.1170746,,teste,V44,LSTM,"/media/marcos/Marcos/Codigos/Predicao_Cafe_Arabica/Teste_2_reuniao_16_dez_ajuste_seed/temp_models/trial_292
Modelo LSTM. Treino: 2012 a 2023. Validação: 2024. Teste: 2025.
Dataset: V44.
Obs: ajuste de seed

Hyperparams:
input_size: 11h: 1lr: 0.00011838868929629905batch: 32encoder n layers: 2decoder layers: 2",2026-01-07T20:50:37
2024_cluster_0,Muriae,2025-12-31T00:00:00,0.0,1.0409606,,teste,V44,LSTM,"/media/marcos/Marcos/Codigos/Predicao_Cafe_Arabica/Teste_2_reuniao_16_dez_ajuste_seed/temp_models/trial_292
Modelo LSTM. Treino: 2012 a 2023. Validação: 2024. Teste: 2025.
Dataset: V44.
Obs: ajuste de seed

Hyperparams:
input_size: 11h: 1lr: 0.00011838868929629905batch: 32encoder n layers: 2decoder layers: 2",2026-01-07T20:50:37
2024_cluster_0,Mutum,2025-12-31T00:00:00,0.0,1.1972191,,teste,V44,LSTM,"/media/marcos/Marcos/Codigos/Predicao_Cafe_Arabica/Teste_2_reuniao_16_dez_ajuste_seed/temp_models/trial_292
Modelo LSTM. Treino: 2012 a 2023. Validação: 2024. Teste: 2025.
Dataset: V44.
Obs: ajuste de seed

Hyperparams:
input_size: 11h: 1lr: 0.00011838868929629905batch: 32encoder n layers: 2decoder layers: 2",2026-01-07T20:50:37
2024_cluster_0,Nazareno,2025-12-31T00:00:00,0.0,1.554445,,teste,V44,LSTM,"/media/marcos/Marcos/Codigos/Predicao_Cafe_Arabica/Teste_2_reuniao_16_dez_ajuste_seed/temp_models/trial_292
Modelo LSTM. Treino: 2012 a 2023. Validação: 2024. Teste: 2025.
Dataset: V44.
Obs: ajuste de seed

Hyperparams:
input_size: 11h: 1lr: 0.00011838868929629905batch: 32encoder n layers: 2decoder layers: 2",2026-01-07T20:50:37
2024_cluster_0,Nepomuceno,2025-12-31T00:00:00,0.0,1.3020165,,teste,V44,LSTM,"/media/marcos/Marcos/Codigos/Predicao_Cafe_Arabica/Teste_2_reuniao_16_dez_ajuste_seed/temp_models/trial_292
Modelo LSTM. Treino: 2012 a 2023. Validação: 2024. Teste: 2025.
Dataset: V44.
Obs: ajuste de seed

Hyperparams:
input_size: 11h: 1lr: 0.00011838868929629905batch: 32encoder n layers: 2decoder layers: 2",2026-01-07T20:50:37
2024_cluster_0,Oliveira,2025-12-31T00:00:00,0.0,1.6024675,,teste,V44,LSTM,"/media/marcos/Marcos/Codigos/Predicao_Cafe_Arabica/Teste_2_reuniao_16_dez_ajuste_seed/temp_models/trial_292
Modelo LSTM. Treino: 2012 a 2023. Validação: 2024. Teste: 2025.
Dataset: V44.
Obs: ajuste de seed

Hyperparams:
input_size: 11h: 1lr: 0.00011838868929629905batch: 32encoder n layers: 2decoder layers: 2",2026-01-07T20:50:37
2024_cluster_0,Orizania,2025-12-31T00:00:00,0.0,1.3133378,,teste,V44,LSTM,"/media/marcos/Marcos/Codigos/Predicao_Cafe_Arabica/Teste_2_reuniao_16_dez_ajuste_seed/temp_models/trial_292
Modelo LSTM. Treino: 2012 a 2023. Validação: 2024. Teste: 2025.
Dataset: V44.
Obs: ajuste de seed

Hyperparams:
input_size: 11h: 1lr: 0.00011838868929629905batch: 32encoder n layers: 2decoder layers: 2",2026-01-07T20:50:37
2024_cluster_0,Paraguacu,2025-12-31T00:00:00,0.0,1.2889204,,teste,V44,LSTM,"/media/marcos/Marcos/Codigos/Predicao_Cafe_Arabica/Teste_2_reuniao_16_dez_ajuste_seed/temp_models/trial_292
Modelo LSTM. Treino: 2012 a 2023. Validação: 2024. Teste: 2025.
Dataset: V44.
Obs: ajuste de seed

Hyperparams:
input_size: 11h: 1lr: 0.00011838868929629905batch: 32encoder n layers: 2decoder layers: 2",2026-01-07T20:50:37
2024_cluster_0,Passa_Tempo,2025-12-31T00:00:00,0.0,1.4707433,,teste,V44,LSTM,"/media/marcos/Marcos/Codigos/Predicao_Cafe_Arabica/Teste_2_reuniao_16_dez_ajuste_seed/temp_models/trial_292
Modelo LSTM. Treino: 2012 a 2023. Validação: 2024. Teste: 2025.
Dataset: V44.
Obs: ajuste de seed

Hyperparams:
input_size: 11h: 1lr: 0.00011838868929629905batch: 32encoder n layers: 2decoder layers: 2",2026-01-07T20:50:37
2024_cluster_0,Perdoes,2025-12-31T00:00:00,0.0,1.4846041,,teste,V44,LSTM,"/media/marcos/Marcos/Codigos/Predicao_Cafe_Arabica/Teste_2_reuniao_16_dez_ajuste_seed/temp_models/trial_292
Modelo LSTM. Treino: 2012 a 2023. Validação: 2024. Teste: 2025.
Dataset: V44.
Obs: ajuste de seed

Hyperparams:
input_size: 11h: 1lr: 0.00011838868929629905batch: 32encoder n layers: 2decoder layers: 2",2026-01-07T20:50:37
2024_cluster_0,Pimenta,2025-12-31T00:00:00,0.0,1.4813341,,teste,V44,LSTM,"/media/marcos/Marcos/Codigos/Predicao_Cafe_Arabica/Teste_2_reuniao_16_dez_ajuste_seed/temp_models/trial_292
Modelo LSTM. Treino: 2012 a 2023. Validação: 2024. Teste: 2025.
Dataset: V44.
Obs: ajuste de seed

Hyperparams:
input_size: 11h: 1lr: 0.00011838868929629905batch: 32encoder n layers: 2decoder layers: 2",2026-01-07T20:50:37
2024_cluster_0,Piranga,2025-12-31T00:00:00,0.0,1.7610013,,teste,V44,LSTM,"/media/marcos/Marcos/Codigos/Predicao_Cafe_Arabica/Teste_2_reuniao_16_dez_ajuste_seed/temp_models/trial_292
Modelo LSTM. Treino: 2012 a 2023. Validação: 2024. Teste: 2025.
Dataset: V44.
Obs: ajuste de seed

Hyperparams:
input_size: 11h: 1lr: 0.00011838868929629905batch: 32encoder n layers: 2decoder layers: 2",2026-01-07T20:50:37
2024_cluster_0,Piumhi,2025-12-31T00:00:00,0.0,1.377759,,teste,V44,LSTM,"/media/marcos/Marcos/Codigos/Predicao_Cafe_Arabica/Teste_2_reuniao_16_dez_ajuste_seed/temp_models/trial_292
Modelo LSTM. Treino: 2012 a 2023. Validação: 2024. Teste: 2025.
Dataset: V44.
Obs: ajuste de seed

Hyperparams:
input_size: 11h: 1lr: 0.00011838868929629905batch: 32encoder n layers: 2decoder layers: 2",2026-01-07T20:50:37
2024_cluster_0,Ponte_Nova,2025-12-31T00:00:00,0.0,1.3247389,,teste,V44,LSTM,"/media/marcos/Marcos/Codigos/Predicao_Cafe_Arabica/Teste_2_reuniao_16_dez_ajuste_seed/temp_models/trial_292
Modelo LSTM. Treino: 2012 a 2023. Validação: 2024. Teste: 2025.
Dataset: V44.
Obs: ajuste de seed

Hyperparams:
input_size: 11h: 1lr: 0.00011838868929629905batch: 32encoder n layers: 2decoder layers: 2",2026-01-07T20:50:37
2024_cluster_0,Porto_Firme,2025-12-31T00:00:00,0.0,1.263476,,teste,V44,LSTM,"/media/marcos/Marcos/Codigos/Predicao_Cafe_Arabica/Teste_2_reuniao_16_dez_ajuste_seed/temp_models/trial_292
Modelo LSTM. Treino: 2012 a 2023. Validação: 2024. Teste: 2025.
Dataset: V44.
Obs: ajuste de seed

Hyperparams:
input_size: 11h: 1lr: 0.00011838868929629905batch: 32encoder n layers: 2decoder layers: 2",2026-01-07T20:50:37
2024_cluster_0,Raul_Soares,2025-12-31T00:00:00,0.0,1.1884848,,teste,V44,LSTM,"/media/marcos/Marcos/Codigos/Predicao_Cafe_Arabica/Teste_2_reuniao_16_dez_ajuste_seed/temp_models/trial_292
Modelo LSTM. Treino: 2012 a 2023. Validação: 2024. Teste: 2025.
Dataset: V44.
Obs: ajuste de seed

Hyperparams:
input_size: 11h: 1lr: 0.00011838868929629905batch: 32encoder n layers: 2decoder layers: 2",2026-01-07T20:50:37
2024_cluster_0,Reduto,2025-12-31T00:00:00,0.0,1.1872456,,teste,V44,LSTM,"/media/marcos/Marcos/Codigos/Predicao_Cafe_Arabica/Teste_2_reuniao_16_dez_ajuste_seed/temp_models/trial_292
Modelo LSTM. Treino: 2012 a 2023. Validação: 2024. Teste: 2025.
Dataset: V44.
Obs: ajuste de seed

Hyperparams:
input_size: 11h: 1lr: 0.00011838868929629905batch: 32encoder n layers: 2decoder layers: 2",2026-01-07T20:50:37
2024_cluster_0,Ribeirao_Vermelho,2025-12-31T00:00:00,0.0,1.3971907,,teste,V44,LSTM,"/media/marcos/Marcos/Codigos/Predicao_Cafe_Arabica/Teste_2_reuniao_16_dez_ajuste_seed/temp_models/trial_292
Modelo LSTM. Treino: 2012 a 2023. Validação: 2024. Teste: 2025.
Dataset: V44.
Obs: ajuste de seed

Hyperparams:
input_size: 11h: 1lr: 0.00011838868929629905batch: 32encoder n layers: 2decoder layers: 2",2026-01-07T20:50:37
2024_cluster_0,Ritapolis,2025-12-31T00:00:00,0.0,1.8161178,,teste,V44,LSTM,"/media/marcos/Marcos/Codigos/Predicao_Cafe_Arabica/Teste_2_reuniao_16_dez_ajuste_seed/temp_models/trial_292
Modelo LSTM. Treino: 2012 a 2023. Validação: 2024. Teste: 2025.
Dataset: V44.
Obs: ajuste de seed

Hyperparams:
input_size: 11h: 1lr: 0.00011838868929629905batch: 32encoder n layers: 2decoder layers: 2",2026-01-07T20:50:37
2024_cluster_0,Rosario_da_Limeira,2025-12-31T00:00:00,0.0,1.1199609,,teste,V44,LSTM,"/media/marcos/Marcos/Codigos/Predicao_Cafe_Arabica/Teste_2_reuniao_16_dez_ajuste_seed/temp_models/trial_292
Modelo LSTM. Treino: 2012 a 2023. Validação: 2024. Teste: 2025.
Dataset: V44.
Obs: ajuste de seed

Hyperparams:
input_size: 11h: 1lr: 0.00011838868929629905batch: 32encoder n layers: 2decoder layers: 2",2026-01-07T20:50:37
2024_cluster_0,Santa_Barbara_do_Leste,2025-12-31T00:00:00,0.0,1.1777585,,teste,V44,LSTM,"/media/marcos/Marcos/Codigos/Predicao_Cafe_Arabica/Teste_2_reuniao_16_dez_ajuste_seed/temp_models/trial_292
Modelo LSTM. Treino: 2012 a 2023. Validação: 2024. Teste: 2025.
Dataset: V44.
Obs: ajuste de seed

Hyperparams:
input_size: 11h: 1lr: 0.00011838868929629905batch: 32encoder n layers: 2decoder layers: 2",2026-01-07T20:50:37
2024_cluster_0,Santa_Margarida,2025-12-31T00:00:00,0.0,1.2951106,,teste,V44,LSTM,"/media/marcos/Marcos/Codigos/Predicao_Cafe_Arabica/Teste_2_reuniao_16_dez_ajuste_seed/temp_models/trial_292
Modelo LSTM. Treino: 2012 a 2023. Validação: 2024. Teste: 2025.
Dataset: V44.
Obs: ajuste de seed

Hyperparams:
input_size: 11h: 1lr: 0.00011838868929629905batch: 32encoder n layers: 2decoder layers: 2",2026-01-07T20:50:37
2024_cluster_0,Santa_Rita_de_Minas,2025-12-31T00:00:00,0.0,1.1378609,,teste,V44,LSTM,"/media/marcos/Marcos/Codigos/Predicao_Cafe_Arabica/Teste_2_reuniao_16_dez_ajuste_seed/temp_models/trial_292
Modelo LSTM. Treino: 2012 a 2023. Validação: 2024. Teste: 2025.
Dataset: V44.
Obs: ajuste de seed

Hyperparams:
input_size: 11h: 1lr: 0.00011838868929629905batch: 32encoder n layers: 2decoder layers: 2",2026-01-07T20:50:37
2024_cluster_0,Santa_Rita_do_Itueto,2025-12-31T00:00:00,0.0,1.2319359,,teste,V44,LSTM,"/media/marcos/Marcos/Codigos/Predicao_Cafe_Arabica/Teste_2_reuniao_16_dez_ajuste_seed/temp_models/trial_292
Modelo LSTM. Treino: 2012 a 2023. Validação: 2024. Teste: 2025.
Dataset: V44.
Obs: ajuste de seed

Hyperparams:
input_size: 11h: 1lr: 0.00011838868929629905batch: 32encoder n layers: 2decoder layers: 2",2026-01-07T20:50:37
2024_cluster_0,Santana_da_Vargem,2025-12-31T00:00:00,0.0,1.3628207,,teste,V44,LSTM,"/media/marcos/Marcos/Codigos/Predicao_Cafe_Arabica/Teste_2_reuniao_16_dez_ajuste_seed/temp_models/trial_292
Modelo LSTM. Treino: 2012 a 2023. Validação: 2024. Teste: 2025.
Dataset: V44.
Obs: ajuste de seed

Hyperparams:
input_size: 11h: 1lr: 0.00011838868929629905batch: 32encoder n layers: 2decoder layers: 2",2026-01-07T20:50:37
2024_cluster_0,Santana_do_Jacare,2025-12-31T00:00:00,0.0,1.2305068,,teste,V44,LSTM,"/media/marcos/Marcos/Codigos/Predicao_Cafe_Arabica/Teste_2_reuniao_16_dez_ajuste_seed/temp_models/trial_292
Modelo LSTM. Treino: 2012 a 2023. Validação: 2024. Teste: 2025.
Dataset: V44.
Obs: ajuste de seed

Hyperparams:
input_size: 11h: 1lr: 0.00011838868929629905batch: 32encoder n layers: 2decoder layers: 2",2026-01-07T20:50:37
2024_cluster_0,Santana_do_Manhuacu,2025-12-31T00:00:00,0.0,1.3015304,,teste,V44,LSTM,"/media/marcos/Marcos/Codigos/Predicao_Cafe_Arabica/Teste_2_reuniao_16_dez_ajuste_seed/temp_models/trial_292
Modelo LSTM. Treino: 2012 a 2023. Validação: 2024. Teste: 2025.
Dataset: V44.
Obs: ajuste de seed

Hyperparams:
input_size: 11h: 1lr: 0.00011838868929629905batch: 32encoder n layers: 2decoder layers: 2",2026-01-07T20:50:37
2024_cluster_0,Sao_Domingos_das_Dores,2025-12-31T00:00:00,0.0,1.349242,,teste,V44,LSTM,"/media/marcos/Marcos/Codigos/Predicao_Cafe_Arabica/Teste_2_reuniao_16_dez_ajuste_seed/temp_models/trial_292
Modelo LSTM. Treino: 2012 a 2023. Validação: 2024. Teste: 2025.
Dataset: V44.
Obs: ajuste de seed

Hyperparams:
input_size: 11h: 1lr: 0.00011838868929629905batch: 32encoder n layers: 2decoder layers: 2",2026-01-07T20:50:37
2024_cluster_0,Sao_Francisco_de_Paula,2025-12-31T00:00:00,0.0,1.4020151,,teste,V44,LSTM,"/media/marcos/Marcos/Codigos/Predicao_Cafe_Arabica/Teste_2_reuniao_16_dez_ajuste_seed/temp_models/trial_292
Modelo LSTM. Treino: 2012 a 2023. Validação: 2024. Teste: 2025.
Dataset: V44.
Obs: ajuste de seed

Hyperparams:
input_size: 11h: 1lr: 0.00011838868929629905batch: 32encoder n layers: 2decoder layers: 2",2026-01-07T20:50:37
2024_cluster_0,Sao_Francisco_do_Gloria,2025-12-31T00:00:00,0.0,1.0313114,,teste,V44,LSTM,"/media/marcos/Marcos/Codigos/Predicao_Cafe_Arabica/Teste_2_reuniao_16_dez_ajuste_seed/temp_models/trial_292
Modelo LSTM. Treino: 2012 a 2023. Validação: 2024. Teste: 2025.
Dataset: V44.
Obs: ajuste de seed

Hyperparams:
input_size: 11h: 1lr: 0.00011838868929629905batch: 32encoder n layers: 2decoder layers: 2",2026-01-07T20:50:37
2024_cluster_0,Sao_Joao_do_Manhuacu,2025-12-31T00:00:00,0.0,1.21469,,teste,V44,LSTM,"/media/marcos/Marcos/Codigos/Predicao_Cafe_Arabica/Teste_2_reuniao_16_dez_ajuste_seed/temp_models/trial_292
Modelo LSTM. Treino: 2012 a 2023. Validação: 2024. Teste: 2025.
Dataset: V44.
Obs: ajuste de seed

Hyperparams:
input_size: 11h: 1lr: 0.00011838868929629905batch: 32encoder n layers: 2decoder layers: 2",2026-01-07T20:50:37
2024_cluster_0,Sao_Jose_do_Mantimento,2025-12-31T00:00:00,0.0,1.447084,,teste,V44,LSTM,"/media/marcos/Marcos/Codigos/Predicao_Cafe_Arabica/Teste_2_reuniao_16_dez_ajuste_seed/temp_models/trial_292
Modelo LSTM. Treino: 2012 a 2023. Validação: 2024. Teste: 2025.
Dataset: V44.
Obs: ajuste de seed

Hyperparams:
input_size: 11h: 1lr: 0.00011838868929629905batch: 32encoder n layers: 2decoder layers: 2",2026-01-07T20:50:37
2024_cluster_0,Sao_Roque_de_Minas,2025-12-31T00:00:00,0.0,1.3955396,,teste,V44,LSTM,"/media/marcos/Marcos/Codigos/Predicao_Cafe_Arabica/Teste_2_reuniao_16_dez_ajuste_seed/temp_models/trial_292
Modelo LSTM. Treino: 2012 a 2023. Validação: 2024. Teste: 2025.
Dataset: V44.
Obs: ajuste de seed

Hyperparams:
input_size: 11h: 1lr: 0.00011838868929629905batch: 32encoder n layers: 2decoder layers: 2",2026-01-07T20:50:37
2024_cluster_0,Sao_Tiago,2025-12-31T00:00:00,0.0,1.6231608,,teste,V44,LSTM,"/media/marcos/Marcos/Codigos/Predicao_Cafe_Arabica/Teste_2_reuniao_16_dez_ajuste_seed/temp_models/trial_292
Modelo LSTM. Treino: 2012 a 2023. Validação: 2024. Teste: 2025.
Dataset: V44.
Obs: ajuste de seed

Hyperparams:
input_size: 11h: 1lr: 0.00011838868929629905batch: 32encoder n layers: 2decoder layers: 2",2026-01-07T20:50:37
2024_cluster_0,Sao_Tomas_de_Aquino,2025-12-31T00:00:00,0.0,1.404633,,teste,V44,LSTM,"/media/marcos/Marcos/Codigos/Predicao_Cafe_Arabica/Teste_2_reuniao_16_dez_ajuste_seed/temp_models/trial_292
Modelo LSTM. Treino: 2012 a 2023. Validação: 2024. Teste: 2025.
Dataset: V44.
Obs: ajuste de seed

Hyperparams:
input_size: 11h: 1lr: 0.00011838868929629905batch: 32encoder n layers: 2decoder layers: 2",2026-01-07T20:50:37
2024_cluster_0,Senador_Firmino,2025-12-31T00:00:00,0.0,1.4755232,,teste,V44,LSTM,"/media/marcos/Marcos/Codigos/Predicao_Cafe_Arabica/Teste_2_reuniao_16_dez_ajuste_seed/temp_models/trial_292
Modelo LSTM. Treino: 2012 a 2023. Validação: 2024. Teste: 2025.
Dataset: V44.
Obs: ajuste de seed

Hyperparams:
input_size: 11h: 1lr: 0.00011838868929629905batch: 32encoder n layers: 2decoder layers: 2",2026-01-07T20:50:37
2024_cluster_0,Senhora_de_Oliveira,2025-12-31T00:00:00,0.0,1.4136184,,teste,V44,LSTM,"/media/marcos/Marcos/Codigos/Predicao_Cafe_Arabica/Teste_2_reuniao_16_dez_ajuste_seed/temp_models/trial_292
Modelo LSTM. Treino: 2012 a 2023. Validação: 2024. Teste: 2025.
Dataset: V44.
Obs: ajuste de seed

Hyperparams:
input_size: 11h: 1lr: 0.00011838868929629905batch: 32encoder n layers: 2decoder layers: 2",2026-01-07T20:50:37
2024_cluster_0,Sericita,2025-12-31T00:00:00,0.0,1.2586789,,teste,V44,LSTM,"/media/marcos/Marcos/Codigos/Predicao_Cafe_Arabica/Teste_2_reuniao_16_dez_ajuste_seed/temp_models/trial_292
Modelo LSTM. Treino: 2012 a 2023. Validação: 2024. Teste: 2025.
Dataset: V44.
Obs: ajuste de seed

Hyperparams:
input_size: 11h: 1lr: 0.00011838868929629905batch: 32encoder n layers: 2decoder layers: 2",2026-01-07T20:50:37
2024_cluster_0,Simonesia,2025-12-31T00:00:00,0.0,1.399344,,teste,V44,LSTM,"/media/marcos/Marcos/Codigos/Predicao_Cafe_Arabica/Teste_2_reuniao_16_dez_ajuste_seed/temp_models/trial_292
Modelo LSTM. Treino: 2012 a 2023. Validação: 2024. Teste: 2025.
Dataset: V44.
Obs: ajuste de seed

Hyperparams:
input_size: 11h: 1lr: 0.00011838868929629905batch: 32encoder n layers: 2decoder layers: 2",2026-01-07T20:50:37
2024_cluster_0,Tapirai,2025-12-31T00:00:00,0.0,1.5346937,,teste,V44,LSTM,"/media/marcos/Marcos/Codigos/Predicao_Cafe_Arabica/Teste_2_reuniao_16_dez_ajuste_seed/temp_models/trial_292
Modelo LSTM. Treino: 2012 a 2023. Validação: 2024. Teste: 2025.
Dataset: V44.
Obs: ajuste de seed

Hyperparams:
input_size: 11h: 1lr: 0.00011838868929629905batch: 32encoder n layers: 2decoder layers: 2",2026-01-07T20:50:37
2024_cluster_0,Tombos,2025-12-31T00:00:00,0.0,1.1424845,,teste,V44,LSTM,"/media/marcos/Marcos/Codigos/Predicao_Cafe_Arabica/Teste_2_reuniao_16_dez_ajuste_seed/temp_models/trial_292
Modelo LSTM. Treino: 2012 a 2023. Validação: 2024. Teste: 2025.
Dataset: V44.
Obs: ajuste de seed

Hyperparams:
input_size: 11h: 1lr: 0.00011838868929629905batch: 32encoder n layers: 2decoder layers: 2",2026-01-07T20:50:37
2024_cluster_0,Tres_Pontas,2025-12-31T00:00:00,0.0,1.3964307,,teste,V44,LSTM,"/media/marcos/Marcos/Codigos/Predicao_Cafe_Arabica/Teste_2_reuniao_16_dez_ajuste_seed/temp_models/trial_292
Modelo LSTM. Treino: 2012 a 2023. Validação: 2024. Teste: 2025.
Dataset: V44.
Obs: ajuste de seed

Hyperparams:
input_size: 11h: 1lr: 0.00011838868929629905batch: 32encoder n layers: 2decoder layers: 2",2026-01-07T20:50:37
2024_cluster_0,Ubaporanga,2025-12-31T00:00:00,0.0,1.2815993,,teste,V44,LSTM,"/media/marcos/Marcos/Codigos/Predicao_Cafe_Arabica/Teste_2_reuniao_16_dez_ajuste_seed/temp_models/trial_292
Modelo LSTM. Treino: 2012 a 2023. Validação: 2024. Teste: 2025.
Dataset: V44.
Obs: ajuste de seed

Hyperparams:
input_size: 11h: 1lr: 0.00011838868929629905batch: 32encoder n layers: 2decoder layers: 2",2026-01-07T20:50:37
2024_cluster_0,Vargem_Bonita,2025-12-31T00:00:00,0.0,1.4191141,,teste,V44,LSTM,"/media/marcos/Marcos/Codigos/Predicao_Cafe_Arabica/Teste_2_reuniao_16_dez_ajuste_seed/temp_models/trial_292
Modelo LSTM. Treino: 2012 a 2023. Validação: 2024. Teste: 2025.
Dataset: V44.
Obs: ajuste de seed

Hyperparams:
input_size: 11h: 1lr: 0.00011838868929629905batch: 32encoder n layers: 2decoder layers: 2",2026-01-07T20:50:37
2024_cluster_0,Vermelho_Novo,2025-12-31T00:00:00,0.0,1.2167345,,teste,V44,LSTM,"/media/marcos/Marcos/Codigos/Predicao_Cafe_Arabica/Teste_2_reuniao_16_dez_ajuste_seed/temp_models/trial_292
Modelo LSTM. Treino: 2012 a 2023. Validação: 2024. Teste: 2025.
Dataset: V44.
Obs: ajuste de seed

Hyperparams:
input_size: 11h: 1lr: 0.00011838868929629905batch: 32encoder n layers: 2decoder layers: 2",2026-01-07T20:50:37
2024_cluster_0,Vicosa,2025-12-31T00:00:00,0.0,1.2003069,,teste,V44,LSTM,"/media/marcos/Marcos/Codigos/Predicao_Cafe_Arabica/Teste_2_reuniao_16_dez_ajuste_seed/temp_models/trial_292
Modelo LSTM. Treino: 2012 a 2023. Validação: 2024. Teste: 2025.
Dataset: V44.
Obs: ajuste de seed

Hyperparams:
input_size: 11h: 1lr: 0.00011838868929629905batch: 32encoder n layers: 2decoder layers: 2",2026-01-07T20:50:37
2024_cluster_0,Vieiras,2025-12-31T00:00:00,0.0,1.2308941,,teste,V44,LSTM,"/media/marcos/Marcos/Codigos/Predicao_Cafe_Arabica/Teste_2_reuniao_16_dez_ajuste_seed/temp_models/trial_292
Modelo LSTM. Treino: 2012 a 2023. Validação: 2024. Teste: 2025.
Dataset: V44.
Obs: ajuste de seed

Hyperparams:
input_size: 11h: 1lr: 0.00011838868929629905batch: 32encoder n layers: 2decoder layers: 2",2026-01-07T20:50:37
