treino_id,unique_id,ds,y,y_pred,diferença_%,flag,dataset,modelo,comentario,data_treino
2024_cluster_0,Aguanil,2024-12-31T00:00:00,2.025039123630673,1.6806502,17.01,validacao,V44,LSTM,"/media/marcos/Marcos/Codigos/Predicao_Cafe_Arabica/Teste_2_reuniao_16_dez_ajuste_seed/temp_models/trial_183
Modelo LSTM. Treino: 2012 a 2023. Validação: 2024. Teste: 2025.
Dataset: V44.
Obs: ajuste de seed

Hyperparams:
input_size: 11h: 1lr: 0.00011838868929629905batch: 32encoder n layers: 2decoder layers: 2",2026-01-07T13:04:01
2024_cluster_0,Alfenas,2024-12-31T00:00:00,1.635197497066875,1.7215842,5.28,validacao,V44,LSTM,"/media/marcos/Marcos/Codigos/Predicao_Cafe_Arabica/Teste_2_reuniao_16_dez_ajuste_seed/temp_models/trial_183
Modelo LSTM. Treino: 2012 a 2023. Validação: 2024. Teste: 2025.
Dataset: V44.
Obs: ajuste de seed

Hyperparams:
input_size: 11h: 1lr: 0.00011838868929629905batch: 32encoder n layers: 2decoder layers: 2",2026-01-07T13:04:01
2024_cluster_0,Alto_Caparao,2024-12-31T00:00:00,1.14,1.3338306,17.0,validacao,V44,LSTM,"/media/marcos/Marcos/Codigos/Predicao_Cafe_Arabica/Teste_2_reuniao_16_dez_ajuste_seed/temp_models/trial_183
Modelo LSTM. Treino: 2012 a 2023. Validação: 2024. Teste: 2025.
Dataset: V44.
Obs: ajuste de seed

Hyperparams:
input_size: 11h: 1lr: 0.00011838868929629905batch: 32encoder n layers: 2decoder layers: 2",2026-01-07T13:04:01
2024_cluster_0,Alto_Jequitiba,2024-12-31T00:00:00,1.02,1.0544206,3.37,validacao,V44,LSTM,"/media/marcos/Marcos/Codigos/Predicao_Cafe_Arabica/Teste_2_reuniao_16_dez_ajuste_seed/temp_models/trial_183
Modelo LSTM. Treino: 2012 a 2023. Validação: 2024. Teste: 2025.
Dataset: V44.
Obs: ajuste de seed

Hyperparams:
input_size: 11h: 1lr: 0.00011838868929629905batch: 32encoder n layers: 2decoder layers: 2",2026-01-07T13:04:01
2024_cluster_0,Amparo_do_Serra,2024-12-31T00:00:00,1.680555555555556,1.3697438,18.49,validacao,V44,LSTM,"/media/marcos/Marcos/Codigos/Predicao_Cafe_Arabica/Teste_2_reuniao_16_dez_ajuste_seed/temp_models/trial_183
Modelo LSTM. Treino: 2012 a 2023. Validação: 2024. Teste: 2025.
Dataset: V44.
Obs: ajuste de seed

Hyperparams:
input_size: 11h: 1lr: 0.00011838868929629905batch: 32encoder n layers: 2decoder layers: 2",2026-01-07T13:04:01
2024_cluster_0,Araponga,2024-12-31T00:00:00,1.5,1.3749866,8.33,validacao,V44,LSTM,"/media/marcos/Marcos/Codigos/Predicao_Cafe_Arabica/Teste_2_reuniao_16_dez_ajuste_seed/temp_models/trial_183
Modelo LSTM. Treino: 2012 a 2023. Validação: 2024. Teste: 2025.
Dataset: V44.
Obs: ajuste de seed

Hyperparams:
input_size: 11h: 1lr: 0.00011838868929629905batch: 32encoder n layers: 2decoder layers: 2",2026-01-07T13:04:01
2024_cluster_0,Astolfo_Dutra,2024-12-31T00:00:00,0.8749999999999999,0.85839343,1.9,validacao,V44,LSTM,"/media/marcos/Marcos/Codigos/Predicao_Cafe_Arabica/Teste_2_reuniao_16_dez_ajuste_seed/temp_models/trial_183
Modelo LSTM. Treino: 2012 a 2023. Validação: 2024. Teste: 2025.
Dataset: V44.
Obs: ajuste de seed

Hyperparams:
input_size: 11h: 1lr: 0.00011838868929629905batch: 32encoder n layers: 2decoder layers: 2",2026-01-07T13:04:01
2024_cluster_0,Bambui,2024-12-31T00:00:00,1.8000000000000003,1.5314035,14.92,validacao,V44,LSTM,"/media/marcos/Marcos/Codigos/Predicao_Cafe_Arabica/Teste_2_reuniao_16_dez_ajuste_seed/temp_models/trial_183
Modelo LSTM. Treino: 2012 a 2023. Validação: 2024. Teste: 2025.
Dataset: V44.
Obs: ajuste de seed

Hyperparams:
input_size: 11h: 1lr: 0.00011838868929629905batch: 32encoder n layers: 2decoder layers: 2",2026-01-07T13:04:01
2024_cluster_0,Boa_Esperanca,2024-12-31T00:00:00,1.083893395133256,1.3430086,23.91,validacao,V44,LSTM,"/media/marcos/Marcos/Codigos/Predicao_Cafe_Arabica/Teste_2_reuniao_16_dez_ajuste_seed/temp_models/trial_183
Modelo LSTM. Treino: 2012 a 2023. Validação: 2024. Teste: 2025.
Dataset: V44.
Obs: ajuste de seed

Hyperparams:
input_size: 11h: 1lr: 0.00011838868929629905batch: 32encoder n layers: 2decoder layers: 2",2026-01-07T13:04:01
2024_cluster_0,Bom_Jesus_do_Galho,2024-12-31T00:00:00,0.9,1.2234145,35.93,validacao,V44,LSTM,"/media/marcos/Marcos/Codigos/Predicao_Cafe_Arabica/Teste_2_reuniao_16_dez_ajuste_seed/temp_models/trial_183
Modelo LSTM. Treino: 2012 a 2023. Validação: 2024. Teste: 2025.
Dataset: V44.
Obs: ajuste de seed

Hyperparams:
input_size: 11h: 1lr: 0.00011838868929629905batch: 32encoder n layers: 2decoder layers: 2",2026-01-07T13:04:01
2024_cluster_0,Bom_Sucesso,2024-12-31T00:00:00,1.6799426934097417,1.5433494,8.13,validacao,V44,LSTM,"/media/marcos/Marcos/Codigos/Predicao_Cafe_Arabica/Teste_2_reuniao_16_dez_ajuste_seed/temp_models/trial_183
Modelo LSTM. Treino: 2012 a 2023. Validação: 2024. Teste: 2025.
Dataset: V44.
Obs: ajuste de seed

Hyperparams:
input_size: 11h: 1lr: 0.00011838868929629905batch: 32encoder n layers: 2decoder layers: 2",2026-01-07T13:04:01
2024_cluster_0,Caete,2024-12-31T00:00:00,1.8000000000000003,1.1785495,34.53,validacao,V44,LSTM,"/media/marcos/Marcos/Codigos/Predicao_Cafe_Arabica/Teste_2_reuniao_16_dez_ajuste_seed/temp_models/trial_183
Modelo LSTM. Treino: 2012 a 2023. Validação: 2024. Teste: 2025.
Dataset: V44.
Obs: ajuste de seed

Hyperparams:
input_size: 11h: 1lr: 0.00011838868929629905batch: 32encoder n layers: 2decoder layers: 2",2026-01-07T13:04:01
2024_cluster_0,Caiana,2024-12-31T00:00:00,1.14,0.999626,12.31,validacao,V44,LSTM,"/media/marcos/Marcos/Codigos/Predicao_Cafe_Arabica/Teste_2_reuniao_16_dez_ajuste_seed/temp_models/trial_183
Modelo LSTM. Treino: 2012 a 2023. Validação: 2024. Teste: 2025.
Dataset: V44.
Obs: ajuste de seed

Hyperparams:
input_size: 11h: 1lr: 0.00011838868929629905batch: 32encoder n layers: 2decoder layers: 2",2026-01-07T13:04:01
2024_cluster_0,Cajuri,2024-12-31T00:00:00,1.32,1.1988986,9.17,validacao,V44,LSTM,"/media/marcos/Marcos/Codigos/Predicao_Cafe_Arabica/Teste_2_reuniao_16_dez_ajuste_seed/temp_models/trial_183
Modelo LSTM. Treino: 2012 a 2023. Validação: 2024. Teste: 2025.
Dataset: V44.
Obs: ajuste de seed

Hyperparams:
input_size: 11h: 1lr: 0.00011838868929629905batch: 32encoder n layers: 2decoder layers: 2",2026-01-07T13:04:01
2024_cluster_0,Camacho,2024-12-31T00:00:00,1.5,1.5204406,1.36,validacao,V44,LSTM,"/media/marcos/Marcos/Codigos/Predicao_Cafe_Arabica/Teste_2_reuniao_16_dez_ajuste_seed/temp_models/trial_183
Modelo LSTM. Treino: 2012 a 2023. Validação: 2024. Teste: 2025.
Dataset: V44.
Obs: ajuste de seed

Hyperparams:
input_size: 11h: 1lr: 0.00011838868929629905batch: 32encoder n layers: 2decoder layers: 2",2026-01-07T13:04:01
2024_cluster_0,Campo_do_Meio,2024-12-31T00:00:00,1.372340425531915,1.3151823,4.17,validacao,V44,LSTM,"/media/marcos/Marcos/Codigos/Predicao_Cafe_Arabica/Teste_2_reuniao_16_dez_ajuste_seed/temp_models/trial_183
Modelo LSTM. Treino: 2012 a 2023. Validação: 2024. Teste: 2025.
Dataset: V44.
Obs: ajuste de seed

Hyperparams:
input_size: 11h: 1lr: 0.00011838868929629905batch: 32encoder n layers: 2decoder layers: 2",2026-01-07T13:04:01
2024_cluster_0,Campos_Altos,2024-12-31T00:00:00,1.5,1.4447262,3.68,validacao,V44,LSTM,"/media/marcos/Marcos/Codigos/Predicao_Cafe_Arabica/Teste_2_reuniao_16_dez_ajuste_seed/temp_models/trial_183
Modelo LSTM. Treino: 2012 a 2023. Validação: 2024. Teste: 2025.
Dataset: V44.
Obs: ajuste de seed

Hyperparams:
input_size: 11h: 1lr: 0.00011838868929629905batch: 32encoder n layers: 2decoder layers: 2",2026-01-07T13:04:01
2024_cluster_0,Campos_Gerais,2024-12-31T00:00:00,1.611315789473684,1.5859398,1.57,validacao,V44,LSTM,"/media/marcos/Marcos/Codigos/Predicao_Cafe_Arabica/Teste_2_reuniao_16_dez_ajuste_seed/temp_models/trial_183
Modelo LSTM. Treino: 2012 a 2023. Validação: 2024. Teste: 2025.
Dataset: V44.
Obs: ajuste de seed

Hyperparams:
input_size: 11h: 1lr: 0.00011838868929629905batch: 32encoder n layers: 2decoder layers: 2",2026-01-07T13:04:01
2024_cluster_0,Cana_Verde,2024-12-31T00:00:00,1.2,1.2679727,5.66,validacao,V44,LSTM,"/media/marcos/Marcos/Codigos/Predicao_Cafe_Arabica/Teste_2_reuniao_16_dez_ajuste_seed/temp_models/trial_183
Modelo LSTM. Treino: 2012 a 2023. Validação: 2024. Teste: 2025.
Dataset: V44.
Obs: ajuste de seed

Hyperparams:
input_size: 11h: 1lr: 0.00011838868929629905batch: 32encoder n layers: 2decoder layers: 2",2026-01-07T13:04:01
2024_cluster_0,Canaa,2024-12-31T00:00:00,1.319791666666667,1.381849,4.7,validacao,V44,LSTM,"/media/marcos/Marcos/Codigos/Predicao_Cafe_Arabica/Teste_2_reuniao_16_dez_ajuste_seed/temp_models/trial_183
Modelo LSTM. Treino: 2012 a 2023. Validação: 2024. Teste: 2025.
Dataset: V44.
Obs: ajuste de seed

Hyperparams:
input_size: 11h: 1lr: 0.00011838868929629905batch: 32encoder n layers: 2decoder layers: 2",2026-01-07T13:04:01
2024_cluster_0,Candeias,2024-12-31T00:00:00,1.14003294892916,1.2812164,12.38,validacao,V44,LSTM,"/media/marcos/Marcos/Codigos/Predicao_Cafe_Arabica/Teste_2_reuniao_16_dez_ajuste_seed/temp_models/trial_183
Modelo LSTM. Treino: 2012 a 2023. Validação: 2024. Teste: 2025.
Dataset: V44.
Obs: ajuste de seed

Hyperparams:
input_size: 11h: 1lr: 0.00011838868929629905batch: 32encoder n layers: 2decoder layers: 2",2026-01-07T13:04:01
2024_cluster_0,Caparao,2024-12-31T00:00:00,1.6799283154121862,1.1478179,31.67,validacao,V44,LSTM,"/media/marcos/Marcos/Codigos/Predicao_Cafe_Arabica/Teste_2_reuniao_16_dez_ajuste_seed/temp_models/trial_183
Modelo LSTM. Treino: 2012 a 2023. Validação: 2024. Teste: 2025.
Dataset: V44.
Obs: ajuste de seed

Hyperparams:
input_size: 11h: 1lr: 0.00011838868929629905batch: 32encoder n layers: 2decoder layers: 2",2026-01-07T13:04:01
2024_cluster_0,Capitolio,2024-12-31T00:00:00,1.32,1.3738842,4.08,validacao,V44,LSTM,"/media/marcos/Marcos/Codigos/Predicao_Cafe_Arabica/Teste_2_reuniao_16_dez_ajuste_seed/temp_models/trial_183
Modelo LSTM. Treino: 2012 a 2023. Validação: 2024. Teste: 2025.
Dataset: V44.
Obs: ajuste de seed

Hyperparams:
input_size: 11h: 1lr: 0.00011838868929629905batch: 32encoder n layers: 2decoder layers: 2",2026-01-07T13:04:01
2024_cluster_0,Caputira,2024-12-31T00:00:00,1.38008658008658,1.3690139,0.8,validacao,V44,LSTM,"/media/marcos/Marcos/Codigos/Predicao_Cafe_Arabica/Teste_2_reuniao_16_dez_ajuste_seed/temp_models/trial_183
Modelo LSTM. Treino: 2012 a 2023. Validação: 2024. Teste: 2025.
Dataset: V44.
Obs: ajuste de seed

Hyperparams:
input_size: 11h: 1lr: 0.00011838868929629905batch: 32encoder n layers: 2decoder layers: 2",2026-01-07T13:04:01
2024_cluster_0,Carangola,2024-12-31T00:00:00,1.44,1.08178,24.88,validacao,V44,LSTM,"/media/marcos/Marcos/Codigos/Predicao_Cafe_Arabica/Teste_2_reuniao_16_dez_ajuste_seed/temp_models/trial_183
Modelo LSTM. Treino: 2012 a 2023. Validação: 2024. Teste: 2025.
Dataset: V44.
Obs: ajuste de seed

Hyperparams:
input_size: 11h: 1lr: 0.00011838868929629905batch: 32encoder n layers: 2decoder layers: 2",2026-01-07T13:04:01
2024_cluster_0,Caratinga,2024-12-31T00:00:00,1.6200335289186922,1.485253,8.32,validacao,V44,LSTM,"/media/marcos/Marcos/Codigos/Predicao_Cafe_Arabica/Teste_2_reuniao_16_dez_ajuste_seed/temp_models/trial_183
Modelo LSTM. Treino: 2012 a 2023. Validação: 2024. Teste: 2025.
Dataset: V44.
Obs: ajuste de seed

Hyperparams:
input_size: 11h: 1lr: 0.00011838868929629905batch: 32encoder n layers: 2decoder layers: 2",2026-01-07T13:04:01
2024_cluster_0,Carmo_da_Mata,2024-12-31T00:00:00,1.62,1.3403896,17.26,validacao,V44,LSTM,"/media/marcos/Marcos/Codigos/Predicao_Cafe_Arabica/Teste_2_reuniao_16_dez_ajuste_seed/temp_models/trial_183
Modelo LSTM. Treino: 2012 a 2023. Validação: 2024. Teste: 2025.
Dataset: V44.
Obs: ajuste de seed

Hyperparams:
input_size: 11h: 1lr: 0.00011838868929629905batch: 32encoder n layers: 2decoder layers: 2",2026-01-07T13:04:01
2024_cluster_0,Carmo_do_Rio_Claro,2024-12-31T00:00:00,1.7634782608695652,1.915806,8.64,validacao,V44,LSTM,"/media/marcos/Marcos/Codigos/Predicao_Cafe_Arabica/Teste_2_reuniao_16_dez_ajuste_seed/temp_models/trial_183
Modelo LSTM. Treino: 2012 a 2023. Validação: 2024. Teste: 2025.
Dataset: V44.
Obs: ajuste de seed

Hyperparams:
input_size: 11h: 1lr: 0.00011838868929629905batch: 32encoder n layers: 2decoder layers: 2",2026-01-07T13:04:01
2024_cluster_0,Carmopolis_de_Minas,2024-12-31T00:00:00,1.9799999999999998,1.6786674,15.22,validacao,V44,LSTM,"/media/marcos/Marcos/Codigos/Predicao_Cafe_Arabica/Teste_2_reuniao_16_dez_ajuste_seed/temp_models/trial_183
Modelo LSTM. Treino: 2012 a 2023. Validação: 2024. Teste: 2025.
Dataset: V44.
Obs: ajuste de seed

Hyperparams:
input_size: 11h: 1lr: 0.00011838868929629905batch: 32encoder n layers: 2decoder layers: 2",2026-01-07T13:04:01
2024_cluster_0,Cassia,2024-12-31T00:00:00,1.7162790697674417,1.6149533,5.9,validacao,V44,LSTM,"/media/marcos/Marcos/Codigos/Predicao_Cafe_Arabica/Teste_2_reuniao_16_dez_ajuste_seed/temp_models/trial_183
Modelo LSTM. Treino: 2012 a 2023. Validação: 2024. Teste: 2025.
Dataset: V44.
Obs: ajuste de seed

Hyperparams:
input_size: 11h: 1lr: 0.00011838868929629905batch: 32encoder n layers: 2decoder layers: 2",2026-01-07T13:04:01
2024_cluster_0,Catas_Altas_da_Noruega,2024-12-31T00:00:00,0.9,1.0127507,12.53,validacao,V44,LSTM,"/media/marcos/Marcos/Codigos/Predicao_Cafe_Arabica/Teste_2_reuniao_16_dez_ajuste_seed/temp_models/trial_183
Modelo LSTM. Treino: 2012 a 2023. Validação: 2024. Teste: 2025.
Dataset: V44.
Obs: ajuste de seed

Hyperparams:
input_size: 11h: 1lr: 0.00011838868929629905batch: 32encoder n layers: 2decoder layers: 2",2026-01-07T13:04:01
2024_cluster_0,Chale,2024-12-31T00:00:00,1.320168067226891,1.4323364,8.5,validacao,V44,LSTM,"/media/marcos/Marcos/Codigos/Predicao_Cafe_Arabica/Teste_2_reuniao_16_dez_ajuste_seed/temp_models/trial_183
Modelo LSTM. Treino: 2012 a 2023. Validação: 2024. Teste: 2025.
Dataset: V44.
Obs: ajuste de seed

Hyperparams:
input_size: 11h: 1lr: 0.00011838868929629905batch: 32encoder n layers: 2decoder layers: 2",2026-01-07T13:04:01
2024_cluster_0,Claudio,2024-12-31T00:00:00,2.699367088607595,1.7255466,36.08,validacao,V44,LSTM,"/media/marcos/Marcos/Codigos/Predicao_Cafe_Arabica/Teste_2_reuniao_16_dez_ajuste_seed/temp_models/trial_183
Modelo LSTM. Treino: 2012 a 2023. Validação: 2024. Teste: 2025.
Dataset: V44.
Obs: ajuste de seed

Hyperparams:
input_size: 11h: 1lr: 0.00011838868929629905batch: 32encoder n layers: 2decoder layers: 2",2026-01-07T13:04:01
2024_cluster_0,Conceicao_da_Barra_de_Minas,2024-12-31T00:00:00,1.8000000000000003,1.6041045,10.88,validacao,V44,LSTM,"/media/marcos/Marcos/Codigos/Predicao_Cafe_Arabica/Teste_2_reuniao_16_dez_ajuste_seed/temp_models/trial_183
Modelo LSTM. Treino: 2012 a 2023. Validação: 2024. Teste: 2025.
Dataset: V44.
Obs: ajuste de seed

Hyperparams:
input_size: 11h: 1lr: 0.00011838868929629905batch: 32encoder n layers: 2decoder layers: 2",2026-01-07T13:04:01
2024_cluster_0,Conceicao_de_Ipanema,2024-12-31T00:00:00,1.2901734104046243,1.3684374,6.07,validacao,V44,LSTM,"/media/marcos/Marcos/Codigos/Predicao_Cafe_Arabica/Teste_2_reuniao_16_dez_ajuste_seed/temp_models/trial_183
Modelo LSTM. Treino: 2012 a 2023. Validação: 2024. Teste: 2025.
Dataset: V44.
Obs: ajuste de seed

Hyperparams:
input_size: 11h: 1lr: 0.00011838868929629905batch: 32encoder n layers: 2decoder layers: 2",2026-01-07T13:04:01
2024_cluster_0,Coqueiral,2024-12-31T00:00:00,0.9,1.4214662,57.94,validacao,V44,LSTM,"/media/marcos/Marcos/Codigos/Predicao_Cafe_Arabica/Teste_2_reuniao_16_dez_ajuste_seed/temp_models/trial_183
Modelo LSTM. Treino: 2012 a 2023. Validação: 2024. Teste: 2025.
Dataset: V44.
Obs: ajuste de seed

Hyperparams:
input_size: 11h: 1lr: 0.00011838868929629905batch: 32encoder n layers: 2decoder layers: 2",2026-01-07T13:04:01
2024_cluster_0,Corrego_Danta,2024-12-31T00:00:00,1.5,1.4327675,4.48,validacao,V44,LSTM,"/media/marcos/Marcos/Codigos/Predicao_Cafe_Arabica/Teste_2_reuniao_16_dez_ajuste_seed/temp_models/trial_183
Modelo LSTM. Treino: 2012 a 2023. Validação: 2024. Teste: 2025.
Dataset: V44.
Obs: ajuste de seed

Hyperparams:
input_size: 11h: 1lr: 0.00011838868929629905batch: 32encoder n layers: 2decoder layers: 2",2026-01-07T13:04:01
2024_cluster_0,Cristais,2024-12-31T00:00:00,1.439664804469274,1.4814918,2.91,validacao,V44,LSTM,"/media/marcos/Marcos/Codigos/Predicao_Cafe_Arabica/Teste_2_reuniao_16_dez_ajuste_seed/temp_models/trial_183
Modelo LSTM. Treino: 2012 a 2023. Validação: 2024. Teste: 2025.
Dataset: V44.
Obs: ajuste de seed

Hyperparams:
input_size: 11h: 1lr: 0.00011838868929629905batch: 32encoder n layers: 2decoder layers: 2",2026-01-07T13:04:01
2024_cluster_0,Desterro_de_Entre_Rios,2024-12-31T00:00:00,1.3780487804878048,1.632229,18.44,validacao,V44,LSTM,"/media/marcos/Marcos/Codigos/Predicao_Cafe_Arabica/Teste_2_reuniao_16_dez_ajuste_seed/temp_models/trial_183
Modelo LSTM. Treino: 2012 a 2023. Validação: 2024. Teste: 2025.
Dataset: V44.
Obs: ajuste de seed

Hyperparams:
input_size: 11h: 1lr: 0.00011838868929629905batch: 32encoder n layers: 2decoder layers: 2",2026-01-07T13:04:01
2024_cluster_0,Divinesia,2024-12-31T00:00:00,1.3166666666666673,1.9641277,49.17,validacao,V44,LSTM,"/media/marcos/Marcos/Codigos/Predicao_Cafe_Arabica/Teste_2_reuniao_16_dez_ajuste_seed/temp_models/trial_183
Modelo LSTM. Treino: 2012 a 2023. Validação: 2024. Teste: 2025.
Dataset: V44.
Obs: ajuste de seed

Hyperparams:
input_size: 11h: 1lr: 0.00011838868929629905batch: 32encoder n layers: 2decoder layers: 2",2026-01-07T13:04:01
2024_cluster_0,Divino,2024-12-31T00:00:00,1.2,1.1112852,7.39,validacao,V44,LSTM,"/media/marcos/Marcos/Codigos/Predicao_Cafe_Arabica/Teste_2_reuniao_16_dez_ajuste_seed/temp_models/trial_183
Modelo LSTM. Treino: 2012 a 2023. Validação: 2024. Teste: 2025.
Dataset: V44.
Obs: ajuste de seed

Hyperparams:
input_size: 11h: 1lr: 0.00011838868929629905batch: 32encoder n layers: 2decoder layers: 2",2026-01-07T13:04:01
2024_cluster_0,Doresopolis,2024-12-31T00:00:00,1.5615384615384622,1.4139712,9.45,validacao,V44,LSTM,"/media/marcos/Marcos/Codigos/Predicao_Cafe_Arabica/Teste_2_reuniao_16_dez_ajuste_seed/temp_models/trial_183
Modelo LSTM. Treino: 2012 a 2023. Validação: 2024. Teste: 2025.
Dataset: V44.
Obs: ajuste de seed

Hyperparams:
input_size: 11h: 1lr: 0.00011838868929629905batch: 32encoder n layers: 2decoder layers: 2",2026-01-07T13:04:01
2024_cluster_0,Durande,2024-12-31T00:00:00,1.380095693779904,1.5328887,11.07,validacao,V44,LSTM,"/media/marcos/Marcos/Codigos/Predicao_Cafe_Arabica/Teste_2_reuniao_16_dez_ajuste_seed/temp_models/trial_183
Modelo LSTM. Treino: 2012 a 2023. Validação: 2024. Teste: 2025.
Dataset: V44.
Obs: ajuste de seed

Hyperparams:
input_size: 11h: 1lr: 0.00011838868929629905batch: 32encoder n layers: 2decoder layers: 2",2026-01-07T13:04:01
2024_cluster_0,Eloi_Mendes,2024-12-31T00:00:00,1.421623345558922,1.4914753,4.91,validacao,V44,LSTM,"/media/marcos/Marcos/Codigos/Predicao_Cafe_Arabica/Teste_2_reuniao_16_dez_ajuste_seed/temp_models/trial_183
Modelo LSTM. Treino: 2012 a 2023. Validação: 2024. Teste: 2025.
Dataset: V44.
Obs: ajuste de seed

Hyperparams:
input_size: 11h: 1lr: 0.00011838868929629905batch: 32encoder n layers: 2decoder layers: 2",2026-01-07T13:04:01
2024_cluster_0,Entre_Folhas,2024-12-31T00:00:00,1.2,1.1074088,7.72,validacao,V44,LSTM,"/media/marcos/Marcos/Codigos/Predicao_Cafe_Arabica/Teste_2_reuniao_16_dez_ajuste_seed/temp_models/trial_183
Modelo LSTM. Treino: 2012 a 2023. Validação: 2024. Teste: 2025.
Dataset: V44.
Obs: ajuste de seed

Hyperparams:
input_size: 11h: 1lr: 0.00011838868929629905batch: 32encoder n layers: 2decoder layers: 2",2026-01-07T13:04:01
2024_cluster_0,Entre_Rios_de_Minas,2024-12-31T00:00:00,1.88,1.5430949,17.92,validacao,V44,LSTM,"/media/marcos/Marcos/Codigos/Predicao_Cafe_Arabica/Teste_2_reuniao_16_dez_ajuste_seed/temp_models/trial_183
Modelo LSTM. Treino: 2012 a 2023. Validação: 2024. Teste: 2025.
Dataset: V44.
Obs: ajuste de seed

Hyperparams:
input_size: 11h: 1lr: 0.00011838868929629905batch: 32encoder n layers: 2decoder layers: 2",2026-01-07T13:04:01
2024_cluster_0,Ervalia,2024-12-31T00:00:00,1.32,1.3316541,0.88,validacao,V44,LSTM,"/media/marcos/Marcos/Codigos/Predicao_Cafe_Arabica/Teste_2_reuniao_16_dez_ajuste_seed/temp_models/trial_183
Modelo LSTM. Treino: 2012 a 2023. Validação: 2024. Teste: 2025.
Dataset: V44.
Obs: ajuste de seed

Hyperparams:
input_size: 11h: 1lr: 0.00011838868929629905batch: 32encoder n layers: 2decoder layers: 2",2026-01-07T13:04:01
2024_cluster_0,Espera_Feliz,2024-12-31T00:00:00,1.44,1.1267946,21.75,validacao,V44,LSTM,"/media/marcos/Marcos/Codigos/Predicao_Cafe_Arabica/Teste_2_reuniao_16_dez_ajuste_seed/temp_models/trial_183
Modelo LSTM. Treino: 2012 a 2023. Validação: 2024. Teste: 2025.
Dataset: V44.
Obs: ajuste de seed

Hyperparams:
input_size: 11h: 1lr: 0.00011838868929629905batch: 32encoder n layers: 2decoder layers: 2",2026-01-07T13:04:01
2024_cluster_0,Faria_Lemos,2024-12-31T00:00:00,1.37956204379562,1.1454695,16.97,validacao,V44,LSTM,"/media/marcos/Marcos/Codigos/Predicao_Cafe_Arabica/Teste_2_reuniao_16_dez_ajuste_seed/temp_models/trial_183
Modelo LSTM. Treino: 2012 a 2023. Validação: 2024. Teste: 2025.
Dataset: V44.
Obs: ajuste de seed

Hyperparams:
input_size: 11h: 1lr: 0.00011838868929629905batch: 32encoder n layers: 2decoder layers: 2",2026-01-07T13:04:01
2024_cluster_0,Ferros,2024-12-31T00:00:00,1.205128205128205,1.178595,2.2,validacao,V44,LSTM,"/media/marcos/Marcos/Codigos/Predicao_Cafe_Arabica/Teste_2_reuniao_16_dez_ajuste_seed/temp_models/trial_183
Modelo LSTM. Treino: 2012 a 2023. Validação: 2024. Teste: 2025.
Dataset: V44.
Obs: ajuste de seed

Hyperparams:
input_size: 11h: 1lr: 0.00011838868929629905batch: 32encoder n layers: 2decoder layers: 2",2026-01-07T13:04:01
2024_cluster_0,Fervedouro,2024-12-31T00:00:00,1.56,1.3037777,16.42,validacao,V44,LSTM,"/media/marcos/Marcos/Codigos/Predicao_Cafe_Arabica/Teste_2_reuniao_16_dez_ajuste_seed/temp_models/trial_183
Modelo LSTM. Treino: 2012 a 2023. Validação: 2024. Teste: 2025.
Dataset: V44.
Obs: ajuste de seed

Hyperparams:
input_size: 11h: 1lr: 0.00011838868929629905batch: 32encoder n layers: 2decoder layers: 2",2026-01-07T13:04:01
2024_cluster_0,Guape,2024-12-31T00:00:00,1.7459340659340663,1.5878031,9.06,validacao,V44,LSTM,"/media/marcos/Marcos/Codigos/Predicao_Cafe_Arabica/Teste_2_reuniao_16_dez_ajuste_seed/temp_models/trial_183
Modelo LSTM. Treino: 2012 a 2023. Validação: 2024. Teste: 2025.
Dataset: V44.
Obs: ajuste de seed

Hyperparams:
input_size: 11h: 1lr: 0.00011838868929629905batch: 32encoder n layers: 2decoder layers: 2",2026-01-07T13:04:01
2024_cluster_0,Ibituruna,2024-12-31T00:00:00,1.8000000000000003,1.5325041,14.86,validacao,V44,LSTM,"/media/marcos/Marcos/Codigos/Predicao_Cafe_Arabica/Teste_2_reuniao_16_dez_ajuste_seed/temp_models/trial_183
Modelo LSTM. Treino: 2012 a 2023. Validação: 2024. Teste: 2025.
Dataset: V44.
Obs: ajuste de seed

Hyperparams:
input_size: 11h: 1lr: 0.00011838868929629905batch: 32encoder n layers: 2decoder layers: 2",2026-01-07T13:04:01
2024_cluster_0,Ilicinea,2024-12-31T00:00:00,1.5,1.571645,4.78,validacao,V44,LSTM,"/media/marcos/Marcos/Codigos/Predicao_Cafe_Arabica/Teste_2_reuniao_16_dez_ajuste_seed/temp_models/trial_183
Modelo LSTM. Treino: 2012 a 2023. Validação: 2024. Teste: 2025.
Dataset: V44.
Obs: ajuste de seed

Hyperparams:
input_size: 11h: 1lr: 0.00011838868929629905batch: 32encoder n layers: 2decoder layers: 2",2026-01-07T13:04:01
2024_cluster_0,Itapecerica,2024-12-31T00:00:00,1.615189873417721,1.0894389,32.55,validacao,V44,LSTM,"/media/marcos/Marcos/Codigos/Predicao_Cafe_Arabica/Teste_2_reuniao_16_dez_ajuste_seed/temp_models/trial_183
Modelo LSTM. Treino: 2012 a 2023. Validação: 2024. Teste: 2025.
Dataset: V44.
Obs: ajuste de seed

Hyperparams:
input_size: 11h: 1lr: 0.00011838868929629905batch: 32encoder n layers: 2decoder layers: 2",2026-01-07T13:04:01
2024_cluster_0,Ituiutaba,2024-12-31T00:00:00,1.0,1.2357587,23.58,validacao,V44,LSTM,"/media/marcos/Marcos/Codigos/Predicao_Cafe_Arabica/Teste_2_reuniao_16_dez_ajuste_seed/temp_models/trial_183
Modelo LSTM. Treino: 2012 a 2023. Validação: 2024. Teste: 2025.
Dataset: V44.
Obs: ajuste de seed

Hyperparams:
input_size: 11h: 1lr: 0.00011838868929629905batch: 32encoder n layers: 2decoder layers: 2",2026-01-07T13:04:01
2024_cluster_0,Itumirim,2024-12-31T00:00:00,1.62116991643454,1.5491991,4.44,validacao,V44,LSTM,"/media/marcos/Marcos/Codigos/Predicao_Cafe_Arabica/Teste_2_reuniao_16_dez_ajuste_seed/temp_models/trial_183
Modelo LSTM. Treino: 2012 a 2023. Validação: 2024. Teste: 2025.
Dataset: V44.
Obs: ajuste de seed

Hyperparams:
input_size: 11h: 1lr: 0.00011838868929629905batch: 32encoder n layers: 2decoder layers: 2",2026-01-07T13:04:01
2024_cluster_0,Lajinha,2024-12-31T00:00:00,1.564997053624043,1.3519478,13.61,validacao,V44,LSTM,"/media/marcos/Marcos/Codigos/Predicao_Cafe_Arabica/Teste_2_reuniao_16_dez_ajuste_seed/temp_models/trial_183
Modelo LSTM. Treino: 2012 a 2023. Validação: 2024. Teste: 2025.
Dataset: V44.
Obs: ajuste de seed

Hyperparams:
input_size: 11h: 1lr: 0.00011838868929629905batch: 32encoder n layers: 2decoder layers: 2",2026-01-07T13:04:01
2024_cluster_0,Lavras,2024-12-31T00:00:00,1.55996015936255,1.4842176,4.86,validacao,V44,LSTM,"/media/marcos/Marcos/Codigos/Predicao_Cafe_Arabica/Teste_2_reuniao_16_dez_ajuste_seed/temp_models/trial_183
Modelo LSTM. Treino: 2012 a 2023. Validação: 2024. Teste: 2025.
Dataset: V44.
Obs: ajuste de seed

Hyperparams:
input_size: 11h: 1lr: 0.00011838868929629905batch: 32encoder n layers: 2decoder layers: 2",2026-01-07T13:04:01
2024_cluster_0,Luisburgo,2024-12-31T00:00:00,1.2,1.4105221,17.54,validacao,V44,LSTM,"/media/marcos/Marcos/Codigos/Predicao_Cafe_Arabica/Teste_2_reuniao_16_dez_ajuste_seed/temp_models/trial_183
Modelo LSTM. Treino: 2012 a 2023. Validação: 2024. Teste: 2025.
Dataset: V44.
Obs: ajuste de seed

Hyperparams:
input_size: 11h: 1lr: 0.00011838868929629905batch: 32encoder n layers: 2decoder layers: 2",2026-01-07T13:04:01
2024_cluster_0,Machado,2024-12-31T00:00:00,1.3347736360118658,1.5750046,18.0,validacao,V44,LSTM,"/media/marcos/Marcos/Codigos/Predicao_Cafe_Arabica/Teste_2_reuniao_16_dez_ajuste_seed/temp_models/trial_183
Modelo LSTM. Treino: 2012 a 2023. Validação: 2024. Teste: 2025.
Dataset: V44.
Obs: ajuste de seed

Hyperparams:
input_size: 11h: 1lr: 0.00011838868929629905batch: 32encoder n layers: 2decoder layers: 2",2026-01-07T13:04:01
2024_cluster_0,Manhuacu,2024-12-31T00:00:00,1.5,1.124641,25.02,validacao,V44,LSTM,"/media/marcos/Marcos/Codigos/Predicao_Cafe_Arabica/Teste_2_reuniao_16_dez_ajuste_seed/temp_models/trial_183
Modelo LSTM. Treino: 2012 a 2023. Validação: 2024. Teste: 2025.
Dataset: V44.
Obs: ajuste de seed

Hyperparams:
input_size: 11h: 1lr: 0.00011838868929629905batch: 32encoder n layers: 2decoder layers: 2",2026-01-07T13:04:01
2024_cluster_0,Manhumirim,2024-12-31T00:00:00,1.56,1.2865641,17.53,validacao,V44,LSTM,"/media/marcos/Marcos/Codigos/Predicao_Cafe_Arabica/Teste_2_reuniao_16_dez_ajuste_seed/temp_models/trial_183
Modelo LSTM. Treino: 2012 a 2023. Validação: 2024. Teste: 2025.
Dataset: V44.
Obs: ajuste de seed

Hyperparams:
input_size: 11h: 1lr: 0.00011838868929629905batch: 32encoder n layers: 2decoder layers: 2",2026-01-07T13:04:01
2024_cluster_0,Martins_Soares,2024-12-31T00:00:00,1.2,1.3534467,12.79,validacao,V44,LSTM,"/media/marcos/Marcos/Codigos/Predicao_Cafe_Arabica/Teste_2_reuniao_16_dez_ajuste_seed/temp_models/trial_183
Modelo LSTM. Treino: 2012 a 2023. Validação: 2024. Teste: 2025.
Dataset: V44.
Obs: ajuste de seed

Hyperparams:
input_size: 11h: 1lr: 0.00011838868929629905batch: 32encoder n layers: 2decoder layers: 2",2026-01-07T13:04:01
2024_cluster_0,Matipo,2024-12-31T00:00:00,1.2,1.2429281,3.58,validacao,V44,LSTM,"/media/marcos/Marcos/Codigos/Predicao_Cafe_Arabica/Teste_2_reuniao_16_dez_ajuste_seed/temp_models/trial_183
Modelo LSTM. Treino: 2012 a 2023. Validação: 2024. Teste: 2025.
Dataset: V44.
Obs: ajuste de seed

Hyperparams:
input_size: 11h: 1lr: 0.00011838868929629905batch: 32encoder n layers: 2decoder layers: 2",2026-01-07T13:04:01
2024_cluster_0,Medeiros,2024-12-31T00:00:00,1.8600609756097564,1.6687715,10.28,validacao,V44,LSTM,"/media/marcos/Marcos/Codigos/Predicao_Cafe_Arabica/Teste_2_reuniao_16_dez_ajuste_seed/temp_models/trial_183
Modelo LSTM. Treino: 2012 a 2023. Validação: 2024. Teste: 2025.
Dataset: V44.
Obs: ajuste de seed

Hyperparams:
input_size: 11h: 1lr: 0.00011838868929629905batch: 32encoder n layers: 2decoder layers: 2",2026-01-07T13:04:01
2024_cluster_0,Miradouro,2024-12-31T00:00:00,1.13996383363472,1.2783729,12.14,validacao,V44,LSTM,"/media/marcos/Marcos/Codigos/Predicao_Cafe_Arabica/Teste_2_reuniao_16_dez_ajuste_seed/temp_models/trial_183
Modelo LSTM. Treino: 2012 a 2023. Validação: 2024. Teste: 2025.
Dataset: V44.
Obs: ajuste de seed

Hyperparams:
input_size: 11h: 1lr: 0.00011838868929629905batch: 32encoder n layers: 2decoder layers: 2",2026-01-07T13:04:01
2024_cluster_0,Mirai,2024-12-31T00:00:00,1.2,1.086805,9.43,validacao,V44,LSTM,"/media/marcos/Marcos/Codigos/Predicao_Cafe_Arabica/Teste_2_reuniao_16_dez_ajuste_seed/temp_models/trial_183
Modelo LSTM. Treino: 2012 a 2023. Validação: 2024. Teste: 2025.
Dataset: V44.
Obs: ajuste de seed

Hyperparams:
input_size: 11h: 1lr: 0.00011838868929629905batch: 32encoder n layers: 2decoder layers: 2",2026-01-07T13:04:01
2024_cluster_0,Moeda,2024-12-31T00:00:00,1.5,1.0309353,31.27,validacao,V44,LSTM,"/media/marcos/Marcos/Codigos/Predicao_Cafe_Arabica/Teste_2_reuniao_16_dez_ajuste_seed/temp_models/trial_183
Modelo LSTM. Treino: 2012 a 2023. Validação: 2024. Teste: 2025.
Dataset: V44.
Obs: ajuste de seed

Hyperparams:
input_size: 11h: 1lr: 0.00011838868929629905batch: 32encoder n layers: 2decoder layers: 2",2026-01-07T13:04:01
2024_cluster_0,Muriae,2024-12-31T00:00:00,1.170285714285714,1.0666131,8.86,validacao,V44,LSTM,"/media/marcos/Marcos/Codigos/Predicao_Cafe_Arabica/Teste_2_reuniao_16_dez_ajuste_seed/temp_models/trial_183
Modelo LSTM. Treino: 2012 a 2023. Validação: 2024. Teste: 2025.
Dataset: V44.
Obs: ajuste de seed

Hyperparams:
input_size: 11h: 1lr: 0.00011838868929629905batch: 32encoder n layers: 2decoder layers: 2",2026-01-07T13:04:01
2024_cluster_0,Mutum,2024-12-31T00:00:00,1.15997150997151,1.234598,6.43,validacao,V44,LSTM,"/media/marcos/Marcos/Codigos/Predicao_Cafe_Arabica/Teste_2_reuniao_16_dez_ajuste_seed/temp_models/trial_183
Modelo LSTM. Treino: 2012 a 2023. Validação: 2024. Teste: 2025.
Dataset: V44.
Obs: ajuste de seed

Hyperparams:
input_size: 11h: 1lr: 0.00011838868929629905batch: 32encoder n layers: 2decoder layers: 2",2026-01-07T13:04:01
2024_cluster_0,Nazareno,2024-12-31T00:00:00,1.619811320754717,1.6012342,1.15,validacao,V44,LSTM,"/media/marcos/Marcos/Codigos/Predicao_Cafe_Arabica/Teste_2_reuniao_16_dez_ajuste_seed/temp_models/trial_183
Modelo LSTM. Treino: 2012 a 2023. Validação: 2024. Teste: 2025.
Dataset: V44.
Obs: ajuste de seed

Hyperparams:
input_size: 11h: 1lr: 0.00011838868929629905batch: 32encoder n layers: 2decoder layers: 2",2026-01-07T13:04:01
2024_cluster_0,Nepomuceno,2024-12-31T00:00:00,1.3800383877159308,1.4016458,1.57,validacao,V44,LSTM,"/media/marcos/Marcos/Codigos/Predicao_Cafe_Arabica/Teste_2_reuniao_16_dez_ajuste_seed/temp_models/trial_183
Modelo LSTM. Treino: 2012 a 2023. Validação: 2024. Teste: 2025.
Dataset: V44.
Obs: ajuste de seed

Hyperparams:
input_size: 11h: 1lr: 0.00011838868929629905batch: 32encoder n layers: 2decoder layers: 2",2026-01-07T13:04:01
2024_cluster_0,Oliveira,2024-12-31T00:00:00,1.8240227434257288,1.6049428,12.01,validacao,V44,LSTM,"/media/marcos/Marcos/Codigos/Predicao_Cafe_Arabica/Teste_2_reuniao_16_dez_ajuste_seed/temp_models/trial_183
Modelo LSTM. Treino: 2012 a 2023. Validação: 2024. Teste: 2025.
Dataset: V44.
Obs: ajuste de seed

Hyperparams:
input_size: 11h: 1lr: 0.00011838868929629905batch: 32encoder n layers: 2decoder layers: 2",2026-01-07T13:04:01
2024_cluster_0,Orizania,2024-12-31T00:00:00,1.5,1.2445896,17.03,validacao,V44,LSTM,"/media/marcos/Marcos/Codigos/Predicao_Cafe_Arabica/Teste_2_reuniao_16_dez_ajuste_seed/temp_models/trial_183
Modelo LSTM. Treino: 2012 a 2023. Validação: 2024. Teste: 2025.
Dataset: V44.
Obs: ajuste de seed

Hyperparams:
input_size: 11h: 1lr: 0.00011838868929629905batch: 32encoder n layers: 2decoder layers: 2",2026-01-07T13:04:01
2024_cluster_0,Paraguacu,2024-12-31T00:00:00,1.323316582914573,1.4270406,7.84,validacao,V44,LSTM,"/media/marcos/Marcos/Codigos/Predicao_Cafe_Arabica/Teste_2_reuniao_16_dez_ajuste_seed/temp_models/trial_183
Modelo LSTM. Treino: 2012 a 2023. Validação: 2024. Teste: 2025.
Dataset: V44.
Obs: ajuste de seed

Hyperparams:
input_size: 11h: 1lr: 0.00011838868929629905batch: 32encoder n layers: 2decoder layers: 2",2026-01-07T13:04:01
2024_cluster_0,Passa_Tempo,2024-12-31T00:00:00,1.5,1.5196654,1.31,validacao,V44,LSTM,"/media/marcos/Marcos/Codigos/Predicao_Cafe_Arabica/Teste_2_reuniao_16_dez_ajuste_seed/temp_models/trial_183
Modelo LSTM. Treino: 2012 a 2023. Validação: 2024. Teste: 2025.
Dataset: V44.
Obs: ajuste de seed

Hyperparams:
input_size: 11h: 1lr: 0.00011838868929629905batch: 32encoder n layers: 2decoder layers: 2",2026-01-07T13:04:01
2024_cluster_0,Perdoes,2024-12-31T00:00:00,1.6799401197604789,1.607979,4.28,validacao,V44,LSTM,"/media/marcos/Marcos/Codigos/Predicao_Cafe_Arabica/Teste_2_reuniao_16_dez_ajuste_seed/temp_models/trial_183
Modelo LSTM. Treino: 2012 a 2023. Validação: 2024. Teste: 2025.
Dataset: V44.
Obs: ajuste de seed

Hyperparams:
input_size: 11h: 1lr: 0.00011838868929629905batch: 32encoder n layers: 2decoder layers: 2",2026-01-07T13:04:01
2024_cluster_0,Pimenta,2024-12-31T00:00:00,1.715219421101774,1.4850191,13.42,validacao,V44,LSTM,"/media/marcos/Marcos/Codigos/Predicao_Cafe_Arabica/Teste_2_reuniao_16_dez_ajuste_seed/temp_models/trial_183
Modelo LSTM. Treino: 2012 a 2023. Validação: 2024. Teste: 2025.
Dataset: V44.
Obs: ajuste de seed

Hyperparams:
input_size: 11h: 1lr: 0.00011838868929629905batch: 32encoder n layers: 2decoder layers: 2",2026-01-07T13:04:01
2024_cluster_0,Piranga,2024-12-31T00:00:00,1.8000000000000003,1.9254308,6.97,validacao,V44,LSTM,"/media/marcos/Marcos/Codigos/Predicao_Cafe_Arabica/Teste_2_reuniao_16_dez_ajuste_seed/temp_models/trial_183
Modelo LSTM. Treino: 2012 a 2023. Validação: 2024. Teste: 2025.
Dataset: V44.
Obs: ajuste de seed

Hyperparams:
input_size: 11h: 1lr: 0.00011838868929629905batch: 32encoder n layers: 2decoder layers: 2",2026-01-07T13:04:01
2024_cluster_0,Piumhi,2024-12-31T00:00:00,1.3800316957210783,1.445668,4.76,validacao,V44,LSTM,"/media/marcos/Marcos/Codigos/Predicao_Cafe_Arabica/Teste_2_reuniao_16_dez_ajuste_seed/temp_models/trial_183
Modelo LSTM. Treino: 2012 a 2023. Validação: 2024. Teste: 2025.
Dataset: V44.
Obs: ajuste de seed

Hyperparams:
input_size: 11h: 1lr: 0.00011838868929629905batch: 32encoder n layers: 2decoder layers: 2",2026-01-07T13:04:01
2024_cluster_0,Ponte_Nova,2024-12-31T00:00:00,1.9999999999999996,1.275235,36.24,validacao,V44,LSTM,"/media/marcos/Marcos/Codigos/Predicao_Cafe_Arabica/Teste_2_reuniao_16_dez_ajuste_seed/temp_models/trial_183
Modelo LSTM. Treino: 2012 a 2023. Validação: 2024. Teste: 2025.
Dataset: V44.
Obs: ajuste de seed

Hyperparams:
input_size: 11h: 1lr: 0.00011838868929629905batch: 32encoder n layers: 2decoder layers: 2",2026-01-07T13:04:01
2024_cluster_0,Porto_Firme,2024-12-31T00:00:00,1.3810526315789473,1.3036339,5.61,validacao,V44,LSTM,"/media/marcos/Marcos/Codigos/Predicao_Cafe_Arabica/Teste_2_reuniao_16_dez_ajuste_seed/temp_models/trial_183
Modelo LSTM. Treino: 2012 a 2023. Validação: 2024. Teste: 2025.
Dataset: V44.
Obs: ajuste de seed

Hyperparams:
input_size: 11h: 1lr: 0.00011838868929629905batch: 32encoder n layers: 2decoder layers: 2",2026-01-07T13:04:01
2024_cluster_0,Raul_Soares,2024-12-31T00:00:00,1.5,1.2129242,19.14,validacao,V44,LSTM,"/media/marcos/Marcos/Codigos/Predicao_Cafe_Arabica/Teste_2_reuniao_16_dez_ajuste_seed/temp_models/trial_183
Modelo LSTM. Treino: 2012 a 2023. Validação: 2024. Teste: 2025.
Dataset: V44.
Obs: ajuste de seed

Hyperparams:
input_size: 11h: 1lr: 0.00011838868929629905batch: 32encoder n layers: 2decoder layers: 2",2026-01-07T13:04:01
2024_cluster_0,Reduto,2024-12-31T00:00:00,1.2,1.167271,2.73,validacao,V44,LSTM,"/media/marcos/Marcos/Codigos/Predicao_Cafe_Arabica/Teste_2_reuniao_16_dez_ajuste_seed/temp_models/trial_183
Modelo LSTM. Treino: 2012 a 2023. Validação: 2024. Teste: 2025.
Dataset: V44.
Obs: ajuste de seed

Hyperparams:
input_size: 11h: 1lr: 0.00011838868929629905batch: 32encoder n layers: 2decoder layers: 2",2026-01-07T13:04:01
2024_cluster_0,Ribeirao_Vermelho,2024-12-31T00:00:00,1.43859649122807,1.5115921,5.07,validacao,V44,LSTM,"/media/marcos/Marcos/Codigos/Predicao_Cafe_Arabica/Teste_2_reuniao_16_dez_ajuste_seed/temp_models/trial_183
Modelo LSTM. Treino: 2012 a 2023. Validação: 2024. Teste: 2025.
Dataset: V44.
Obs: ajuste de seed

Hyperparams:
input_size: 11h: 1lr: 0.00011838868929629905batch: 32encoder n layers: 2decoder layers: 2",2026-01-07T13:04:01
2024_cluster_0,Ritapolis,2024-12-31T00:00:00,1.8000000000000003,1.869193,3.84,validacao,V44,LSTM,"/media/marcos/Marcos/Codigos/Predicao_Cafe_Arabica/Teste_2_reuniao_16_dez_ajuste_seed/temp_models/trial_183
Modelo LSTM. Treino: 2012 a 2023. Validação: 2024. Teste: 2025.
Dataset: V44.
Obs: ajuste de seed

Hyperparams:
input_size: 11h: 1lr: 0.00011838868929629905batch: 32encoder n layers: 2decoder layers: 2",2026-01-07T13:04:01
2024_cluster_0,Rosario_da_Limeira,2024-12-31T00:00:00,1.259493670886076,1.1900362,5.51,validacao,V44,LSTM,"/media/marcos/Marcos/Codigos/Predicao_Cafe_Arabica/Teste_2_reuniao_16_dez_ajuste_seed/temp_models/trial_183
Modelo LSTM. Treino: 2012 a 2023. Validação: 2024. Teste: 2025.
Dataset: V44.
Obs: ajuste de seed

Hyperparams:
input_size: 11h: 1lr: 0.00011838868929629905batch: 32encoder n layers: 2decoder layers: 2",2026-01-07T13:04:01
2024_cluster_0,Santa_Barbara_do_Leste,2024-12-31T00:00:00,1.4101226993865028,1.1988695,14.98,validacao,V44,LSTM,"/media/marcos/Marcos/Codigos/Predicao_Cafe_Arabica/Teste_2_reuniao_16_dez_ajuste_seed/temp_models/trial_183
Modelo LSTM. Treino: 2012 a 2023. Validação: 2024. Teste: 2025.
Dataset: V44.
Obs: ajuste de seed

Hyperparams:
input_size: 11h: 1lr: 0.00011838868929629905batch: 32encoder n layers: 2decoder layers: 2",2026-01-07T13:04:01
2024_cluster_0,Santa_Margarida,2024-12-31T00:00:00,1.5,1.2106937,19.29,validacao,V44,LSTM,"/media/marcos/Marcos/Codigos/Predicao_Cafe_Arabica/Teste_2_reuniao_16_dez_ajuste_seed/temp_models/trial_183
Modelo LSTM. Treino: 2012 a 2023. Validação: 2024. Teste: 2025.
Dataset: V44.
Obs: ajuste de seed

Hyperparams:
input_size: 11h: 1lr: 0.00011838868929629905batch: 32encoder n layers: 2decoder layers: 2",2026-01-07T13:04:01
2024_cluster_0,Santa_Rita_de_Minas,2024-12-31T00:00:00,1.200173310225303,1.1881914,1.0,validacao,V44,LSTM,"/media/marcos/Marcos/Codigos/Predicao_Cafe_Arabica/Teste_2_reuniao_16_dez_ajuste_seed/temp_models/trial_183
Modelo LSTM. Treino: 2012 a 2023. Validação: 2024. Teste: 2025.
Dataset: V44.
Obs: ajuste de seed

Hyperparams:
input_size: 11h: 1lr: 0.00011838868929629905batch: 32encoder n layers: 2decoder layers: 2",2026-01-07T13:04:01
2024_cluster_0,Santa_Rita_do_Itueto,2024-12-31T00:00:00,1.365238095238095,1.2293686,9.95,validacao,V44,LSTM,"/media/marcos/Marcos/Codigos/Predicao_Cafe_Arabica/Teste_2_reuniao_16_dez_ajuste_seed/temp_models/trial_183
Modelo LSTM. Treino: 2012 a 2023. Validação: 2024. Teste: 2025.
Dataset: V44.
Obs: ajuste de seed

Hyperparams:
input_size: 11h: 1lr: 0.00011838868929629905batch: 32encoder n layers: 2decoder layers: 2",2026-01-07T13:04:01
2024_cluster_0,Santana_da_Vargem,2024-12-31T00:00:00,1.44,1.4447026,0.33,validacao,V44,LSTM,"/media/marcos/Marcos/Codigos/Predicao_Cafe_Arabica/Teste_2_reuniao_16_dez_ajuste_seed/temp_models/trial_183
Modelo LSTM. Treino: 2012 a 2023. Validação: 2024. Teste: 2025.
Dataset: V44.
Obs: ajuste de seed

Hyperparams:
input_size: 11h: 1lr: 0.00011838868929629905batch: 32encoder n layers: 2decoder layers: 2",2026-01-07T13:04:01
2024_cluster_0,Santana_do_Jacare,2024-12-31T00:00:00,1.2,1.3044808,8.71,validacao,V44,LSTM,"/media/marcos/Marcos/Codigos/Predicao_Cafe_Arabica/Teste_2_reuniao_16_dez_ajuste_seed/temp_models/trial_183
Modelo LSTM. Treino: 2012 a 2023. Validação: 2024. Teste: 2025.
Dataset: V44.
Obs: ajuste de seed

Hyperparams:
input_size: 11h: 1lr: 0.00011838868929629905batch: 32encoder n layers: 2decoder layers: 2",2026-01-07T13:04:01
2024_cluster_0,Santana_do_Manhuacu,2024-12-31T00:00:00,1.08,1.4154118,31.06,validacao,V44,LSTM,"/media/marcos/Marcos/Codigos/Predicao_Cafe_Arabica/Teste_2_reuniao_16_dez_ajuste_seed/temp_models/trial_183
Modelo LSTM. Treino: 2012 a 2023. Validação: 2024. Teste: 2025.
Dataset: V44.
Obs: ajuste de seed

Hyperparams:
input_size: 11h: 1lr: 0.00011838868929629905batch: 32encoder n layers: 2decoder layers: 2",2026-01-07T13:04:01
2024_cluster_0,Sao_Domingos_das_Dores,2024-12-31T00:00:00,1.4100000000000001,1.3046328,7.47,validacao,V44,LSTM,"/media/marcos/Marcos/Codigos/Predicao_Cafe_Arabica/Teste_2_reuniao_16_dez_ajuste_seed/temp_models/trial_183
Modelo LSTM. Treino: 2012 a 2023. Validação: 2024. Teste: 2025.
Dataset: V44.
Obs: ajuste de seed

Hyperparams:
input_size: 11h: 1lr: 0.00011838868929629905batch: 32encoder n layers: 2decoder layers: 2",2026-01-07T13:04:01
2024_cluster_0,Sao_Francisco_de_Paula,2024-12-31T00:00:00,1.62,1.4447175,10.82,validacao,V44,LSTM,"/media/marcos/Marcos/Codigos/Predicao_Cafe_Arabica/Teste_2_reuniao_16_dez_ajuste_seed/temp_models/trial_183
Modelo LSTM. Treino: 2012 a 2023. Validação: 2024. Teste: 2025.
Dataset: V44.
Obs: ajuste de seed

Hyperparams:
input_size: 11h: 1lr: 0.00011838868929629905batch: 32encoder n layers: 2decoder layers: 2",2026-01-07T13:04:01
2024_cluster_0,Sao_Francisco_do_Gloria,2024-12-31T00:00:00,1.25,1.0766132,13.87,validacao,V44,LSTM,"/media/marcos/Marcos/Codigos/Predicao_Cafe_Arabica/Teste_2_reuniao_16_dez_ajuste_seed/temp_models/trial_183
Modelo LSTM. Treino: 2012 a 2023. Validação: 2024. Teste: 2025.
Dataset: V44.
Obs: ajuste de seed

Hyperparams:
input_size: 11h: 1lr: 0.00011838868929629905batch: 32encoder n layers: 2decoder layers: 2",2026-01-07T13:04:01
2024_cluster_0,Sao_Joao_do_Manhuacu,2024-12-31T00:00:00,1.32,1.1185274,15.26,validacao,V44,LSTM,"/media/marcos/Marcos/Codigos/Predicao_Cafe_Arabica/Teste_2_reuniao_16_dez_ajuste_seed/temp_models/trial_183
Modelo LSTM. Treino: 2012 a 2023. Validação: 2024. Teste: 2025.
Dataset: V44.
Obs: ajuste de seed

Hyperparams:
input_size: 11h: 1lr: 0.00011838868929629905batch: 32encoder n layers: 2decoder layers: 2",2026-01-07T13:04:01
2024_cluster_0,Sao_Jose_do_Mantimento,2024-12-31T00:00:00,1.44,1.5151899,5.22,validacao,V44,LSTM,"/media/marcos/Marcos/Codigos/Predicao_Cafe_Arabica/Teste_2_reuniao_16_dez_ajuste_seed/temp_models/trial_183
Modelo LSTM. Treino: 2012 a 2023. Validação: 2024. Teste: 2025.
Dataset: V44.
Obs: ajuste de seed

Hyperparams:
input_size: 11h: 1lr: 0.00011838868929629905batch: 32encoder n layers: 2decoder layers: 2",2026-01-07T13:04:01
2024_cluster_0,Sao_Roque_de_Minas,2024-12-31T00:00:00,1.58,1.4535651,8.0,validacao,V44,LSTM,"/media/marcos/Marcos/Codigos/Predicao_Cafe_Arabica/Teste_2_reuniao_16_dez_ajuste_seed/temp_models/trial_183
Modelo LSTM. Treino: 2012 a 2023. Validação: 2024. Teste: 2025.
Dataset: V44.
Obs: ajuste de seed

Hyperparams:
input_size: 11h: 1lr: 0.00011838868929629905batch: 32encoder n layers: 2decoder layers: 2",2026-01-07T13:04:01
2024_cluster_0,Sao_Tiago,2024-12-31T00:00:00,1.621052631578947,1.6743555,3.29,validacao,V44,LSTM,"/media/marcos/Marcos/Codigos/Predicao_Cafe_Arabica/Teste_2_reuniao_16_dez_ajuste_seed/temp_models/trial_183
Modelo LSTM. Treino: 2012 a 2023. Validação: 2024. Teste: 2025.
Dataset: V44.
Obs: ajuste de seed

Hyperparams:
input_size: 11h: 1lr: 0.00011838868929629905batch: 32encoder n layers: 2decoder layers: 2",2026-01-07T13:04:01
2024_cluster_0,Sao_Tomas_de_Aquino,2024-12-31T00:00:00,1.619975932611312,1.4886293,8.11,validacao,V44,LSTM,"/media/marcos/Marcos/Codigos/Predicao_Cafe_Arabica/Teste_2_reuniao_16_dez_ajuste_seed/temp_models/trial_183
Modelo LSTM. Treino: 2012 a 2023. Validação: 2024. Teste: 2025.
Dataset: V44.
Obs: ajuste de seed

Hyperparams:
input_size: 11h: 1lr: 0.00011838868929629905batch: 32encoder n layers: 2decoder layers: 2",2026-01-07T13:04:01
2024_cluster_0,Senador_Firmino,2024-12-31T00:00:00,1.804347826086957,1.4478422,19.76,validacao,V44,LSTM,"/media/marcos/Marcos/Codigos/Predicao_Cafe_Arabica/Teste_2_reuniao_16_dez_ajuste_seed/temp_models/trial_183
Modelo LSTM. Treino: 2012 a 2023. Validação: 2024. Teste: 2025.
Dataset: V44.
Obs: ajuste de seed

Hyperparams:
input_size: 11h: 1lr: 0.00011838868929629905batch: 32encoder n layers: 2decoder layers: 2",2026-01-07T13:04:01
2024_cluster_0,Senhora_de_Oliveira,2024-12-31T00:00:00,1.8000000000000003,1.4319584,20.45,validacao,V44,LSTM,"/media/marcos/Marcos/Codigos/Predicao_Cafe_Arabica/Teste_2_reuniao_16_dez_ajuste_seed/temp_models/trial_183
Modelo LSTM. Treino: 2012 a 2023. Validação: 2024. Teste: 2025.
Dataset: V44.
Obs: ajuste de seed

Hyperparams:
input_size: 11h: 1lr: 0.00011838868929629905batch: 32encoder n layers: 2decoder layers: 2",2026-01-07T13:04:01
2024_cluster_0,Sericita,2024-12-31T00:00:00,1.3799999999999997,1.3023403,5.63,validacao,V44,LSTM,"/media/marcos/Marcos/Codigos/Predicao_Cafe_Arabica/Teste_2_reuniao_16_dez_ajuste_seed/temp_models/trial_183
Modelo LSTM. Treino: 2012 a 2023. Validação: 2024. Teste: 2025.
Dataset: V44.
Obs: ajuste de seed

Hyperparams:
input_size: 11h: 1lr: 0.00011838868929629905batch: 32encoder n layers: 2decoder layers: 2",2026-01-07T13:04:01
2024_cluster_0,Simonesia,2024-12-31T00:00:00,1.2,1.474227,22.85,validacao,V44,LSTM,"/media/marcos/Marcos/Codigos/Predicao_Cafe_Arabica/Teste_2_reuniao_16_dez_ajuste_seed/temp_models/trial_183
Modelo LSTM. Treino: 2012 a 2023. Validação: 2024. Teste: 2025.
Dataset: V44.
Obs: ajuste de seed

Hyperparams:
input_size: 11h: 1lr: 0.00011838868929629905batch: 32encoder n layers: 2decoder layers: 2",2026-01-07T13:04:01
2024_cluster_0,Tapirai,2024-12-31T00:00:00,1.9163050216986979,1.4968412,21.89,validacao,V44,LSTM,"/media/marcos/Marcos/Codigos/Predicao_Cafe_Arabica/Teste_2_reuniao_16_dez_ajuste_seed/temp_models/trial_183
Modelo LSTM. Treino: 2012 a 2023. Validação: 2024. Teste: 2025.
Dataset: V44.
Obs: ajuste de seed

Hyperparams:
input_size: 11h: 1lr: 0.00011838868929629905batch: 32encoder n layers: 2decoder layers: 2",2026-01-07T13:04:01
2024_cluster_0,Tombos,2024-12-31T00:00:00,1.5,1.1600641,22.66,validacao,V44,LSTM,"/media/marcos/Marcos/Codigos/Predicao_Cafe_Arabica/Teste_2_reuniao_16_dez_ajuste_seed/temp_models/trial_183
Modelo LSTM. Treino: 2012 a 2023. Validação: 2024. Teste: 2025.
Dataset: V44.
Obs: ajuste de seed

Hyperparams:
input_size: 11h: 1lr: 0.00011838868929629905batch: 32encoder n layers: 2decoder layers: 2",2026-01-07T13:04:01
2024_cluster_0,Tres_Pontas,2024-12-31T00:00:00,1.387228956803825,1.5814369,14.0,validacao,V44,LSTM,"/media/marcos/Marcos/Codigos/Predicao_Cafe_Arabica/Teste_2_reuniao_16_dez_ajuste_seed/temp_models/trial_183
Modelo LSTM. Treino: 2012 a 2023. Validação: 2024. Teste: 2025.
Dataset: V44.
Obs: ajuste de seed

Hyperparams:
input_size: 11h: 1lr: 0.00011838868929629905batch: 32encoder n layers: 2decoder layers: 2",2026-01-07T13:04:01
2024_cluster_0,Ubaporanga,2024-12-31T00:00:00,1.440056417489422,1.3540273,5.97,validacao,V44,LSTM,"/media/marcos/Marcos/Codigos/Predicao_Cafe_Arabica/Teste_2_reuniao_16_dez_ajuste_seed/temp_models/trial_183
Modelo LSTM. Treino: 2012 a 2023. Validação: 2024. Teste: 2025.
Dataset: V44.
Obs: ajuste de seed

Hyperparams:
input_size: 11h: 1lr: 0.00011838868929629905batch: 32encoder n layers: 2decoder layers: 2",2026-01-07T13:04:01
2024_cluster_0,Vargem_Bonita,2024-12-31T00:00:00,2.1878048780487815,1.4887233,31.95,validacao,V44,LSTM,"/media/marcos/Marcos/Codigos/Predicao_Cafe_Arabica/Teste_2_reuniao_16_dez_ajuste_seed/temp_models/trial_183
Modelo LSTM. Treino: 2012 a 2023. Validação: 2024. Teste: 2025.
Dataset: V44.
Obs: ajuste de seed

Hyperparams:
input_size: 11h: 1lr: 0.00011838868929629905batch: 32encoder n layers: 2decoder layers: 2",2026-01-07T13:04:01
2024_cluster_0,Vermelho_Novo,2024-12-31T00:00:00,1.8000000000000003,1.145329,36.37,validacao,V44,LSTM,"/media/marcos/Marcos/Codigos/Predicao_Cafe_Arabica/Teste_2_reuniao_16_dez_ajuste_seed/temp_models/trial_183
Modelo LSTM. Treino: 2012 a 2023. Validação: 2024. Teste: 2025.
Dataset: V44.
Obs: ajuste de seed

Hyperparams:
input_size: 11h: 1lr: 0.00011838868929629905batch: 32encoder n layers: 2decoder layers: 2",2026-01-07T13:04:01
2024_cluster_0,Vicosa,2024-12-31T00:00:00,1.32,1.2635088,4.28,validacao,V44,LSTM,"/media/marcos/Marcos/Codigos/Predicao_Cafe_Arabica/Teste_2_reuniao_16_dez_ajuste_seed/temp_models/trial_183
Modelo LSTM. Treino: 2012 a 2023. Validação: 2024. Teste: 2025.
Dataset: V44.
Obs: ajuste de seed

Hyperparams:
input_size: 11h: 1lr: 0.00011838868929629905batch: 32encoder n layers: 2decoder layers: 2",2026-01-07T13:04:01
2024_cluster_0,Vieiras,2024-12-31T00:00:00,1.44,1.2613922,12.4,validacao,V44,LSTM,"/media/marcos/Marcos/Codigos/Predicao_Cafe_Arabica/Teste_2_reuniao_16_dez_ajuste_seed/temp_models/trial_183
Modelo LSTM. Treino: 2012 a 2023. Validação: 2024. Teste: 2025.
Dataset: V44.
Obs: ajuste de seed

Hyperparams:
input_size: 11h: 1lr: 0.00011838868929629905batch: 32encoder n layers: 2decoder layers: 2",2026-01-07T13:04:01
2024_cluster_0,Aguanil,2025-12-31T00:00:00,0.0,1.6755378,,teste,V44,LSTM,"/media/marcos/Marcos/Codigos/Predicao_Cafe_Arabica/Teste_2_reuniao_16_dez_ajuste_seed/temp_models/trial_183
Modelo LSTM. Treino: 2012 a 2023. Validação: 2024. Teste: 2025.
Dataset: V44.
Obs: ajuste de seed

Hyperparams:
input_size: 11h: 1lr: 0.00011838868929629905batch: 32encoder n layers: 2decoder layers: 2",2026-01-07T13:04:01
2024_cluster_0,Alfenas,2025-12-31T00:00:00,0.0,1.5515188,,teste,V44,LSTM,"/media/marcos/Marcos/Codigos/Predicao_Cafe_Arabica/Teste_2_reuniao_16_dez_ajuste_seed/temp_models/trial_183
Modelo LSTM. Treino: 2012 a 2023. Validação: 2024. Teste: 2025.
Dataset: V44.
Obs: ajuste de seed

Hyperparams:
input_size: 11h: 1lr: 0.00011838868929629905batch: 32encoder n layers: 2decoder layers: 2",2026-01-07T13:04:01
2024_cluster_0,Alto_Caparao,2025-12-31T00:00:00,0.0,1.2718965,,teste,V44,LSTM,"/media/marcos/Marcos/Codigos/Predicao_Cafe_Arabica/Teste_2_reuniao_16_dez_ajuste_seed/temp_models/trial_183
Modelo LSTM. Treino: 2012 a 2023. Validação: 2024. Teste: 2025.
Dataset: V44.
Obs: ajuste de seed

Hyperparams:
input_size: 11h: 1lr: 0.00011838868929629905batch: 32encoder n layers: 2decoder layers: 2",2026-01-07T13:04:01
2024_cluster_0,Alto_Jequitiba,2025-12-31T00:00:00,0.0,1.0345418,,teste,V44,LSTM,"/media/marcos/Marcos/Codigos/Predicao_Cafe_Arabica/Teste_2_reuniao_16_dez_ajuste_seed/temp_models/trial_183
Modelo LSTM. Treino: 2012 a 2023. Validação: 2024. Teste: 2025.
Dataset: V44.
Obs: ajuste de seed

Hyperparams:
input_size: 11h: 1lr: 0.00011838868929629905batch: 32encoder n layers: 2decoder layers: 2",2026-01-07T13:04:01
2024_cluster_0,Amparo_do_Serra,2025-12-31T00:00:00,0.0,1.4168086,,teste,V44,LSTM,"/media/marcos/Marcos/Codigos/Predicao_Cafe_Arabica/Teste_2_reuniao_16_dez_ajuste_seed/temp_models/trial_183
Modelo LSTM. Treino: 2012 a 2023. Validação: 2024. Teste: 2025.
Dataset: V44.
Obs: ajuste de seed

Hyperparams:
input_size: 11h: 1lr: 0.00011838868929629905batch: 32encoder n layers: 2decoder layers: 2",2026-01-07T13:04:01
2024_cluster_0,Araponga,2025-12-31T00:00:00,0.0,1.3996013,,teste,V44,LSTM,"/media/marcos/Marcos/Codigos/Predicao_Cafe_Arabica/Teste_2_reuniao_16_dez_ajuste_seed/temp_models/trial_183
Modelo LSTM. Treino: 2012 a 2023. Validação: 2024. Teste: 2025.
Dataset: V44.
Obs: ajuste de seed

Hyperparams:
input_size: 11h: 1lr: 0.00011838868929629905batch: 32encoder n layers: 2decoder layers: 2",2026-01-07T13:04:01
2024_cluster_0,Astolfo_Dutra,2025-12-31T00:00:00,0.0,0.871081,,teste,V44,LSTM,"/media/marcos/Marcos/Codigos/Predicao_Cafe_Arabica/Teste_2_reuniao_16_dez_ajuste_seed/temp_models/trial_183
Modelo LSTM. Treino: 2012 a 2023. Validação: 2024. Teste: 2025.
Dataset: V44.
Obs: ajuste de seed

Hyperparams:
input_size: 11h: 1lr: 0.00011838868929629905batch: 32encoder n layers: 2decoder layers: 2",2026-01-07T13:04:01
2024_cluster_0,Bambui,2025-12-31T00:00:00,0.0,1.5361363,,teste,V44,LSTM,"/media/marcos/Marcos/Codigos/Predicao_Cafe_Arabica/Teste_2_reuniao_16_dez_ajuste_seed/temp_models/trial_183
Modelo LSTM. Treino: 2012 a 2023. Validação: 2024. Teste: 2025.
Dataset: V44.
Obs: ajuste de seed

Hyperparams:
input_size: 11h: 1lr: 0.00011838868929629905batch: 32encoder n layers: 2decoder layers: 2",2026-01-07T13:04:01
2024_cluster_0,Boa_Esperanca,2025-12-31T00:00:00,0.0,1.2021278,,teste,V44,LSTM,"/media/marcos/Marcos/Codigos/Predicao_Cafe_Arabica/Teste_2_reuniao_16_dez_ajuste_seed/temp_models/trial_183
Modelo LSTM. Treino: 2012 a 2023. Validação: 2024. Teste: 2025.
Dataset: V44.
Obs: ajuste de seed

Hyperparams:
input_size: 11h: 1lr: 0.00011838868929629905batch: 32encoder n layers: 2decoder layers: 2",2026-01-07T13:04:01
2024_cluster_0,Bom_Jesus_do_Galho,2025-12-31T00:00:00,0.0,1.245303,,teste,V44,LSTM,"/media/marcos/Marcos/Codigos/Predicao_Cafe_Arabica/Teste_2_reuniao_16_dez_ajuste_seed/temp_models/trial_183
Modelo LSTM. Treino: 2012 a 2023. Validação: 2024. Teste: 2025.
Dataset: V44.
Obs: ajuste de seed

Hyperparams:
input_size: 11h: 1lr: 0.00011838868929629905batch: 32encoder n layers: 2decoder layers: 2",2026-01-07T13:04:01
2024_cluster_0,Bom_Sucesso,2025-12-31T00:00:00,0.0,1.5118698,,teste,V44,LSTM,"/media/marcos/Marcos/Codigos/Predicao_Cafe_Arabica/Teste_2_reuniao_16_dez_ajuste_seed/temp_models/trial_183
Modelo LSTM. Treino: 2012 a 2023. Validação: 2024. Teste: 2025.
Dataset: V44.
Obs: ajuste de seed

Hyperparams:
input_size: 11h: 1lr: 0.00011838868929629905batch: 32encoder n layers: 2decoder layers: 2",2026-01-07T13:04:01
2024_cluster_0,Caete,2025-12-31T00:00:00,0.0,1.3040562,,teste,V44,LSTM,"/media/marcos/Marcos/Codigos/Predicao_Cafe_Arabica/Teste_2_reuniao_16_dez_ajuste_seed/temp_models/trial_183
Modelo LSTM. Treino: 2012 a 2023. Validação: 2024. Teste: 2025.
Dataset: V44.
Obs: ajuste de seed

Hyperparams:
input_size: 11h: 1lr: 0.00011838868929629905batch: 32encoder n layers: 2decoder layers: 2",2026-01-07T13:04:01
2024_cluster_0,Caiana,2025-12-31T00:00:00,0.0,0.9856633,,teste,V44,LSTM,"/media/marcos/Marcos/Codigos/Predicao_Cafe_Arabica/Teste_2_reuniao_16_dez_ajuste_seed/temp_models/trial_183
Modelo LSTM. Treino: 2012 a 2023. Validação: 2024. Teste: 2025.
Dataset: V44.
Obs: ajuste de seed

Hyperparams:
input_size: 11h: 1lr: 0.00011838868929629905batch: 32encoder n layers: 2decoder layers: 2",2026-01-07T13:04:01
2024_cluster_0,Cajuri,2025-12-31T00:00:00,0.0,1.156049,,teste,V44,LSTM,"/media/marcos/Marcos/Codigos/Predicao_Cafe_Arabica/Teste_2_reuniao_16_dez_ajuste_seed/temp_models/trial_183
Modelo LSTM. Treino: 2012 a 2023. Validação: 2024. Teste: 2025.
Dataset: V44.
Obs: ajuste de seed

Hyperparams:
input_size: 11h: 1lr: 0.00011838868929629905batch: 32encoder n layers: 2decoder layers: 2",2026-01-07T13:04:01
2024_cluster_0,Camacho,2025-12-31T00:00:00,0.0,1.487123,,teste,V44,LSTM,"/media/marcos/Marcos/Codigos/Predicao_Cafe_Arabica/Teste_2_reuniao_16_dez_ajuste_seed/temp_models/trial_183
Modelo LSTM. Treino: 2012 a 2023. Validação: 2024. Teste: 2025.
Dataset: V44.
Obs: ajuste de seed

Hyperparams:
input_size: 11h: 1lr: 0.00011838868929629905batch: 32encoder n layers: 2decoder layers: 2",2026-01-07T13:04:01
2024_cluster_0,Campo_do_Meio,2025-12-31T00:00:00,0.0,1.1986123,,teste,V44,LSTM,"/media/marcos/Marcos/Codigos/Predicao_Cafe_Arabica/Teste_2_reuniao_16_dez_ajuste_seed/temp_models/trial_183
Modelo LSTM. Treino: 2012 a 2023. Validação: 2024. Teste: 2025.
Dataset: V44.
Obs: ajuste de seed

Hyperparams:
input_size: 11h: 1lr: 0.00011838868929629905batch: 32encoder n layers: 2decoder layers: 2",2026-01-07T13:04:01
2024_cluster_0,Campos_Altos,2025-12-31T00:00:00,0.0,1.4575951,,teste,V44,LSTM,"/media/marcos/Marcos/Codigos/Predicao_Cafe_Arabica/Teste_2_reuniao_16_dez_ajuste_seed/temp_models/trial_183
Modelo LSTM. Treino: 2012 a 2023. Validação: 2024. Teste: 2025.
Dataset: V44.
Obs: ajuste de seed

Hyperparams:
input_size: 11h: 1lr: 0.00011838868929629905batch: 32encoder n layers: 2decoder layers: 2",2026-01-07T13:04:01
2024_cluster_0,Campos_Gerais,2025-12-31T00:00:00,0.0,1.5159394,,teste,V44,LSTM,"/media/marcos/Marcos/Codigos/Predicao_Cafe_Arabica/Teste_2_reuniao_16_dez_ajuste_seed/temp_models/trial_183
Modelo LSTM. Treino: 2012 a 2023. Validação: 2024. Teste: 2025.
Dataset: V44.
Obs: ajuste de seed

Hyperparams:
input_size: 11h: 1lr: 0.00011838868929629905batch: 32encoder n layers: 2decoder layers: 2",2026-01-07T13:04:01
2024_cluster_0,Cana_Verde,2025-12-31T00:00:00,0.0,1.2222291,,teste,V44,LSTM,"/media/marcos/Marcos/Codigos/Predicao_Cafe_Arabica/Teste_2_reuniao_16_dez_ajuste_seed/temp_models/trial_183
Modelo LSTM. Treino: 2012 a 2023. Validação: 2024. Teste: 2025.
Dataset: V44.
Obs: ajuste de seed

Hyperparams:
input_size: 11h: 1lr: 0.00011838868929629905batch: 32encoder n layers: 2decoder layers: 2",2026-01-07T13:04:01
2024_cluster_0,Canaa,2025-12-31T00:00:00,0.0,1.3668813,,teste,V44,LSTM,"/media/marcos/Marcos/Codigos/Predicao_Cafe_Arabica/Teste_2_reuniao_16_dez_ajuste_seed/temp_models/trial_183
Modelo LSTM. Treino: 2012 a 2023. Validação: 2024. Teste: 2025.
Dataset: V44.
Obs: ajuste de seed

Hyperparams:
input_size: 11h: 1lr: 0.00011838868929629905batch: 32encoder n layers: 2decoder layers: 2",2026-01-07T13:04:01
2024_cluster_0,Candeias,2025-12-31T00:00:00,0.0,1.1560755,,teste,V44,LSTM,"/media/marcos/Marcos/Codigos/Predicao_Cafe_Arabica/Teste_2_reuniao_16_dez_ajuste_seed/temp_models/trial_183
Modelo LSTM. Treino: 2012 a 2023. Validação: 2024. Teste: 2025.
Dataset: V44.
Obs: ajuste de seed

Hyperparams:
input_size: 11h: 1lr: 0.00011838868929629905batch: 32encoder n layers: 2decoder layers: 2",2026-01-07T13:04:01
2024_cluster_0,Caparao,2025-12-31T00:00:00,0.0,1.2028241,,teste,V44,LSTM,"/media/marcos/Marcos/Codigos/Predicao_Cafe_Arabica/Teste_2_reuniao_16_dez_ajuste_seed/temp_models/trial_183
Modelo LSTM. Treino: 2012 a 2023. Validação: 2024. Teste: 2025.
Dataset: V44.
Obs: ajuste de seed

Hyperparams:
input_size: 11h: 1lr: 0.00011838868929629905batch: 32encoder n layers: 2decoder layers: 2",2026-01-07T13:04:01
2024_cluster_0,Capitolio,2025-12-31T00:00:00,0.0,1.2572604,,teste,V44,LSTM,"/media/marcos/Marcos/Codigos/Predicao_Cafe_Arabica/Teste_2_reuniao_16_dez_ajuste_seed/temp_models/trial_183
Modelo LSTM. Treino: 2012 a 2023. Validação: 2024. Teste: 2025.
Dataset: V44.
Obs: ajuste de seed

Hyperparams:
input_size: 11h: 1lr: 0.00011838868929629905batch: 32encoder n layers: 2decoder layers: 2",2026-01-07T13:04:01
2024_cluster_0,Caputira,2025-12-31T00:00:00,0.0,1.4644697,,teste,V44,LSTM,"/media/marcos/Marcos/Codigos/Predicao_Cafe_Arabica/Teste_2_reuniao_16_dez_ajuste_seed/temp_models/trial_183
Modelo LSTM. Treino: 2012 a 2023. Validação: 2024. Teste: 2025.
Dataset: V44.
Obs: ajuste de seed

Hyperparams:
input_size: 11h: 1lr: 0.00011838868929629905batch: 32encoder n layers: 2decoder layers: 2",2026-01-07T13:04:01
2024_cluster_0,Carangola,2025-12-31T00:00:00,0.0,1.0818384,,teste,V44,LSTM,"/media/marcos/Marcos/Codigos/Predicao_Cafe_Arabica/Teste_2_reuniao_16_dez_ajuste_seed/temp_models/trial_183
Modelo LSTM. Treino: 2012 a 2023. Validação: 2024. Teste: 2025.
Dataset: V44.
Obs: ajuste de seed

Hyperparams:
input_size: 11h: 1lr: 0.00011838868929629905batch: 32encoder n layers: 2decoder layers: 2",2026-01-07T13:04:01
2024_cluster_0,Caratinga,2025-12-31T00:00:00,0.0,1.5752788,,teste,V44,LSTM,"/media/marcos/Marcos/Codigos/Predicao_Cafe_Arabica/Teste_2_reuniao_16_dez_ajuste_seed/temp_models/trial_183
Modelo LSTM. Treino: 2012 a 2023. Validação: 2024. Teste: 2025.
Dataset: V44.
Obs: ajuste de seed

Hyperparams:
input_size: 11h: 1lr: 0.00011838868929629905batch: 32encoder n layers: 2decoder layers: 2",2026-01-07T13:04:01
2024_cluster_0,Carmo_da_Mata,2025-12-31T00:00:00,0.0,1.3705603,,teste,V44,LSTM,"/media/marcos/Marcos/Codigos/Predicao_Cafe_Arabica/Teste_2_reuniao_16_dez_ajuste_seed/temp_models/trial_183
Modelo LSTM. Treino: 2012 a 2023. Validação: 2024. Teste: 2025.
Dataset: V44.
Obs: ajuste de seed

Hyperparams:
input_size: 11h: 1lr: 0.00011838868929629905batch: 32encoder n layers: 2decoder layers: 2",2026-01-07T13:04:01
2024_cluster_0,Carmo_do_Rio_Claro,2025-12-31T00:00:00,0.0,1.8173659,,teste,V44,LSTM,"/media/marcos/Marcos/Codigos/Predicao_Cafe_Arabica/Teste_2_reuniao_16_dez_ajuste_seed/temp_models/trial_183
Modelo LSTM. Treino: 2012 a 2023. Validação: 2024. Teste: 2025.
Dataset: V44.
Obs: ajuste de seed

Hyperparams:
input_size: 11h: 1lr: 0.00011838868929629905batch: 32encoder n layers: 2decoder layers: 2",2026-01-07T13:04:01
2024_cluster_0,Carmopolis_de_Minas,2025-12-31T00:00:00,0.0,1.6753676,,teste,V44,LSTM,"/media/marcos/Marcos/Codigos/Predicao_Cafe_Arabica/Teste_2_reuniao_16_dez_ajuste_seed/temp_models/trial_183
Modelo LSTM. Treino: 2012 a 2023. Validação: 2024. Teste: 2025.
Dataset: V44.
Obs: ajuste de seed

Hyperparams:
input_size: 11h: 1lr: 0.00011838868929629905batch: 32encoder n layers: 2decoder layers: 2",2026-01-07T13:04:01
2024_cluster_0,Cassia,2025-12-31T00:00:00,0.0,1.5509285,,teste,V44,LSTM,"/media/marcos/Marcos/Codigos/Predicao_Cafe_Arabica/Teste_2_reuniao_16_dez_ajuste_seed/temp_models/trial_183
Modelo LSTM. Treino: 2012 a 2023. Validação: 2024. Teste: 2025.
Dataset: V44.
Obs: ajuste de seed

Hyperparams:
input_size: 11h: 1lr: 0.00011838868929629905batch: 32encoder n layers: 2decoder layers: 2",2026-01-07T13:04:01
2024_cluster_0,Catas_Altas_da_Noruega,2025-12-31T00:00:00,0.0,0.97695345,,teste,V44,LSTM,"/media/marcos/Marcos/Codigos/Predicao_Cafe_Arabica/Teste_2_reuniao_16_dez_ajuste_seed/temp_models/trial_183
Modelo LSTM. Treino: 2012 a 2023. Validação: 2024. Teste: 2025.
Dataset: V44.
Obs: ajuste de seed

Hyperparams:
input_size: 11h: 1lr: 0.00011838868929629905batch: 32encoder n layers: 2decoder layers: 2",2026-01-07T13:04:01
2024_cluster_0,Chale,2025-12-31T00:00:00,0.0,1.4336542,,teste,V44,LSTM,"/media/marcos/Marcos/Codigos/Predicao_Cafe_Arabica/Teste_2_reuniao_16_dez_ajuste_seed/temp_models/trial_183
Modelo LSTM. Treino: 2012 a 2023. Validação: 2024. Teste: 2025.
Dataset: V44.
Obs: ajuste de seed

Hyperparams:
input_size: 11h: 1lr: 0.00011838868929629905batch: 32encoder n layers: 2decoder layers: 2",2026-01-07T13:04:01
2024_cluster_0,Claudio,2025-12-31T00:00:00,0.0,1.8102758,,teste,V44,LSTM,"/media/marcos/Marcos/Codigos/Predicao_Cafe_Arabica/Teste_2_reuniao_16_dez_ajuste_seed/temp_models/trial_183
Modelo LSTM. Treino: 2012 a 2023. Validação: 2024. Teste: 2025.
Dataset: V44.
Obs: ajuste de seed

Hyperparams:
input_size: 11h: 1lr: 0.00011838868929629905batch: 32encoder n layers: 2decoder layers: 2",2026-01-07T13:04:01
2024_cluster_0,Conceicao_da_Barra_de_Minas,2025-12-31T00:00:00,0.0,1.5236793,,teste,V44,LSTM,"/media/marcos/Marcos/Codigos/Predicao_Cafe_Arabica/Teste_2_reuniao_16_dez_ajuste_seed/temp_models/trial_183
Modelo LSTM. Treino: 2012 a 2023. Validação: 2024. Teste: 2025.
Dataset: V44.
Obs: ajuste de seed

Hyperparams:
input_size: 11h: 1lr: 0.00011838868929629905batch: 32encoder n layers: 2decoder layers: 2",2026-01-07T13:04:01
2024_cluster_0,Conceicao_de_Ipanema,2025-12-31T00:00:00,0.0,1.4077702,,teste,V44,LSTM,"/media/marcos/Marcos/Codigos/Predicao_Cafe_Arabica/Teste_2_reuniao_16_dez_ajuste_seed/temp_models/trial_183
Modelo LSTM. Treino: 2012 a 2023. Validação: 2024. Teste: 2025.
Dataset: V44.
Obs: ajuste de seed

Hyperparams:
input_size: 11h: 1lr: 0.00011838868929629905batch: 32encoder n layers: 2decoder layers: 2",2026-01-07T13:04:01
2024_cluster_0,Coqueiral,2025-12-31T00:00:00,0.0,1.2418013,,teste,V44,LSTM,"/media/marcos/Marcos/Codigos/Predicao_Cafe_Arabica/Teste_2_reuniao_16_dez_ajuste_seed/temp_models/trial_183
Modelo LSTM. Treino: 2012 a 2023. Validação: 2024. Teste: 2025.
Dataset: V44.
Obs: ajuste de seed

Hyperparams:
input_size: 11h: 1lr: 0.00011838868929629905batch: 32encoder n layers: 2decoder layers: 2",2026-01-07T13:04:01
2024_cluster_0,Corrego_Danta,2025-12-31T00:00:00,0.0,1.4420718,,teste,V44,LSTM,"/media/marcos/Marcos/Codigos/Predicao_Cafe_Arabica/Teste_2_reuniao_16_dez_ajuste_seed/temp_models/trial_183
Modelo LSTM. Treino: 2012 a 2023. Validação: 2024. Teste: 2025.
Dataset: V44.
Obs: ajuste de seed

Hyperparams:
input_size: 11h: 1lr: 0.00011838868929629905batch: 32encoder n layers: 2decoder layers: 2",2026-01-07T13:04:01
2024_cluster_0,Cristais,2025-12-31T00:00:00,0.0,1.4071059,,teste,V44,LSTM,"/media/marcos/Marcos/Codigos/Predicao_Cafe_Arabica/Teste_2_reuniao_16_dez_ajuste_seed/temp_models/trial_183
Modelo LSTM. Treino: 2012 a 2023. Validação: 2024. Teste: 2025.
Dataset: V44.
Obs: ajuste de seed

Hyperparams:
input_size: 11h: 1lr: 0.00011838868929629905batch: 32encoder n layers: 2decoder layers: 2",2026-01-07T13:04:01
2024_cluster_0,Desterro_de_Entre_Rios,2025-12-31T00:00:00,0.0,1.6198363,,teste,V44,LSTM,"/media/marcos/Marcos/Codigos/Predicao_Cafe_Arabica/Teste_2_reuniao_16_dez_ajuste_seed/temp_models/trial_183
Modelo LSTM. Treino: 2012 a 2023. Validação: 2024. Teste: 2025.
Dataset: V44.
Obs: ajuste de seed

Hyperparams:
input_size: 11h: 1lr: 0.00011838868929629905batch: 32encoder n layers: 2decoder layers: 2",2026-01-07T13:04:01
2024_cluster_0,Divinesia,2025-12-31T00:00:00,0.0,1.8842452,,teste,V44,LSTM,"/media/marcos/Marcos/Codigos/Predicao_Cafe_Arabica/Teste_2_reuniao_16_dez_ajuste_seed/temp_models/trial_183
Modelo LSTM. Treino: 2012 a 2023. Validação: 2024. Teste: 2025.
Dataset: V44.
Obs: ajuste de seed

Hyperparams:
input_size: 11h: 1lr: 0.00011838868929629905batch: 32encoder n layers: 2decoder layers: 2",2026-01-07T13:04:01
2024_cluster_0,Divino,2025-12-31T00:00:00,0.0,1.0997602,,teste,V44,LSTM,"/media/marcos/Marcos/Codigos/Predicao_Cafe_Arabica/Teste_2_reuniao_16_dez_ajuste_seed/temp_models/trial_183
Modelo LSTM. Treino: 2012 a 2023. Validação: 2024. Teste: 2025.
Dataset: V44.
Obs: ajuste de seed

Hyperparams:
input_size: 11h: 1lr: 0.00011838868929629905batch: 32encoder n layers: 2decoder layers: 2",2026-01-07T13:04:01
2024_cluster_0,Doresopolis,2025-12-31T00:00:00,0.0,1.4183908,,teste,V44,LSTM,"/media/marcos/Marcos/Codigos/Predicao_Cafe_Arabica/Teste_2_reuniao_16_dez_ajuste_seed/temp_models/trial_183
Modelo LSTM. Treino: 2012 a 2023. Validação: 2024. Teste: 2025.
Dataset: V44.
Obs: ajuste de seed

Hyperparams:
input_size: 11h: 1lr: 0.00011838868929629905batch: 32encoder n layers: 2decoder layers: 2",2026-01-07T13:04:01
2024_cluster_0,Durande,2025-12-31T00:00:00,0.0,1.4546709,,teste,V44,LSTM,"/media/marcos/Marcos/Codigos/Predicao_Cafe_Arabica/Teste_2_reuniao_16_dez_ajuste_seed/temp_models/trial_183
Modelo LSTM. Treino: 2012 a 2023. Validação: 2024. Teste: 2025.
Dataset: V44.
Obs: ajuste de seed

Hyperparams:
input_size: 11h: 1lr: 0.00011838868929629905batch: 32encoder n layers: 2decoder layers: 2",2026-01-07T13:04:01
2024_cluster_0,Eloi_Mendes,2025-12-31T00:00:00,0.0,1.4315822,,teste,V44,LSTM,"/media/marcos/Marcos/Codigos/Predicao_Cafe_Arabica/Teste_2_reuniao_16_dez_ajuste_seed/temp_models/trial_183
Modelo LSTM. Treino: 2012 a 2023. Validação: 2024. Teste: 2025.
Dataset: V44.
Obs: ajuste de seed

Hyperparams:
input_size: 11h: 1lr: 0.00011838868929629905batch: 32encoder n layers: 2decoder layers: 2",2026-01-07T13:04:01
2024_cluster_0,Entre_Folhas,2025-12-31T00:00:00,0.0,1.1434122,,teste,V44,LSTM,"/media/marcos/Marcos/Codigos/Predicao_Cafe_Arabica/Teste_2_reuniao_16_dez_ajuste_seed/temp_models/trial_183
Modelo LSTM. Treino: 2012 a 2023. Validação: 2024. Teste: 2025.
Dataset: V44.
Obs: ajuste de seed

Hyperparams:
input_size: 11h: 1lr: 0.00011838868929629905batch: 32encoder n layers: 2decoder layers: 2",2026-01-07T13:04:01
2024_cluster_0,Entre_Rios_de_Minas,2025-12-31T00:00:00,0.0,1.6303713,,teste,V44,LSTM,"/media/marcos/Marcos/Codigos/Predicao_Cafe_Arabica/Teste_2_reuniao_16_dez_ajuste_seed/temp_models/trial_183
Modelo LSTM. Treino: 2012 a 2023. Validação: 2024. Teste: 2025.
Dataset: V44.
Obs: ajuste de seed

Hyperparams:
input_size: 11h: 1lr: 0.00011838868929629905batch: 32encoder n layers: 2decoder layers: 2",2026-01-07T13:04:01
2024_cluster_0,Ervalia,2025-12-31T00:00:00,0.0,1.2960339,,teste,V44,LSTM,"/media/marcos/Marcos/Codigos/Predicao_Cafe_Arabica/Teste_2_reuniao_16_dez_ajuste_seed/temp_models/trial_183
Modelo LSTM. Treino: 2012 a 2023. Validação: 2024. Teste: 2025.
Dataset: V44.
Obs: ajuste de seed

Hyperparams:
input_size: 11h: 1lr: 0.00011838868929629905batch: 32encoder n layers: 2decoder layers: 2",2026-01-07T13:04:01
2024_cluster_0,Espera_Feliz,2025-12-31T00:00:00,0.0,1.0793204,,teste,V44,LSTM,"/media/marcos/Marcos/Codigos/Predicao_Cafe_Arabica/Teste_2_reuniao_16_dez_ajuste_seed/temp_models/trial_183
Modelo LSTM. Treino: 2012 a 2023. Validação: 2024. Teste: 2025.
Dataset: V44.
Obs: ajuste de seed

Hyperparams:
input_size: 11h: 1lr: 0.00011838868929629905batch: 32encoder n layers: 2decoder layers: 2",2026-01-07T13:04:01
2024_cluster_0,Faria_Lemos,2025-12-31T00:00:00,0.0,1.1362774,,teste,V44,LSTM,"/media/marcos/Marcos/Codigos/Predicao_Cafe_Arabica/Teste_2_reuniao_16_dez_ajuste_seed/temp_models/trial_183
Modelo LSTM. Treino: 2012 a 2023. Validação: 2024. Teste: 2025.
Dataset: V44.
Obs: ajuste de seed

Hyperparams:
input_size: 11h: 1lr: 0.00011838868929629905batch: 32encoder n layers: 2decoder layers: 2",2026-01-07T13:04:01
2024_cluster_0,Ferros,2025-12-31T00:00:00,0.0,1.1840606,,teste,V44,LSTM,"/media/marcos/Marcos/Codigos/Predicao_Cafe_Arabica/Teste_2_reuniao_16_dez_ajuste_seed/temp_models/trial_183
Modelo LSTM. Treino: 2012 a 2023. Validação: 2024. Teste: 2025.
Dataset: V44.
Obs: ajuste de seed

Hyperparams:
input_size: 11h: 1lr: 0.00011838868929629905batch: 32encoder n layers: 2decoder layers: 2",2026-01-07T13:04:01
2024_cluster_0,Fervedouro,2025-12-31T00:00:00,0.0,1.3866012,,teste,V44,LSTM,"/media/marcos/Marcos/Codigos/Predicao_Cafe_Arabica/Teste_2_reuniao_16_dez_ajuste_seed/temp_models/trial_183
Modelo LSTM. Treino: 2012 a 2023. Validação: 2024. Teste: 2025.
Dataset: V44.
Obs: ajuste de seed

Hyperparams:
input_size: 11h: 1lr: 0.00011838868929629905batch: 32encoder n layers: 2decoder layers: 2",2026-01-07T13:04:01
2024_cluster_0,Guape,2025-12-31T00:00:00,0.0,1.5350633,,teste,V44,LSTM,"/media/marcos/Marcos/Codigos/Predicao_Cafe_Arabica/Teste_2_reuniao_16_dez_ajuste_seed/temp_models/trial_183
Modelo LSTM. Treino: 2012 a 2023. Validação: 2024. Teste: 2025.
Dataset: V44.
Obs: ajuste de seed

Hyperparams:
input_size: 11h: 1lr: 0.00011838868929629905batch: 32encoder n layers: 2decoder layers: 2",2026-01-07T13:04:01
2024_cluster_0,Ibituruna,2025-12-31T00:00:00,0.0,1.5155089,,teste,V44,LSTM,"/media/marcos/Marcos/Codigos/Predicao_Cafe_Arabica/Teste_2_reuniao_16_dez_ajuste_seed/temp_models/trial_183
Modelo LSTM. Treino: 2012 a 2023. Validação: 2024. Teste: 2025.
Dataset: V44.
Obs: ajuste de seed

Hyperparams:
input_size: 11h: 1lr: 0.00011838868929629905batch: 32encoder n layers: 2decoder layers: 2",2026-01-07T13:04:01
2024_cluster_0,Ilicinea,2025-12-31T00:00:00,0.0,1.4834969,,teste,V44,LSTM,"/media/marcos/Marcos/Codigos/Predicao_Cafe_Arabica/Teste_2_reuniao_16_dez_ajuste_seed/temp_models/trial_183
Modelo LSTM. Treino: 2012 a 2023. Validação: 2024. Teste: 2025.
Dataset: V44.
Obs: ajuste de seed

Hyperparams:
input_size: 11h: 1lr: 0.00011838868929629905batch: 32encoder n layers: 2decoder layers: 2",2026-01-07T13:04:01
2024_cluster_0,Itapecerica,2025-12-31T00:00:00,0.0,1.1408322,,teste,V44,LSTM,"/media/marcos/Marcos/Codigos/Predicao_Cafe_Arabica/Teste_2_reuniao_16_dez_ajuste_seed/temp_models/trial_183
Modelo LSTM. Treino: 2012 a 2023. Validação: 2024. Teste: 2025.
Dataset: V44.
Obs: ajuste de seed

Hyperparams:
input_size: 11h: 1lr: 0.00011838868929629905batch: 32encoder n layers: 2decoder layers: 2",2026-01-07T13:04:01
2024_cluster_0,Ituiutaba,2025-12-31T00:00:00,0.0,1.1142031,,teste,V44,LSTM,"/media/marcos/Marcos/Codigos/Predicao_Cafe_Arabica/Teste_2_reuniao_16_dez_ajuste_seed/temp_models/trial_183
Modelo LSTM. Treino: 2012 a 2023. Validação: 2024. Teste: 2025.
Dataset: V44.
Obs: ajuste de seed

Hyperparams:
input_size: 11h: 1lr: 0.00011838868929629905batch: 32encoder n layers: 2decoder layers: 2",2026-01-07T13:04:01
2024_cluster_0,Itumirim,2025-12-31T00:00:00,0.0,1.4763707,,teste,V44,LSTM,"/media/marcos/Marcos/Codigos/Predicao_Cafe_Arabica/Teste_2_reuniao_16_dez_ajuste_seed/temp_models/trial_183
Modelo LSTM. Treino: 2012 a 2023. Validação: 2024. Teste: 2025.
Dataset: V44.
Obs: ajuste de seed

Hyperparams:
input_size: 11h: 1lr: 0.00011838868929629905batch: 32encoder n layers: 2decoder layers: 2",2026-01-07T13:04:01
2024_cluster_0,Lajinha,2025-12-31T00:00:00,0.0,1.3393104,,teste,V44,LSTM,"/media/marcos/Marcos/Codigos/Predicao_Cafe_Arabica/Teste_2_reuniao_16_dez_ajuste_seed/temp_models/trial_183
Modelo LSTM. Treino: 2012 a 2023. Validação: 2024. Teste: 2025.
Dataset: V44.
Obs: ajuste de seed

Hyperparams:
input_size: 11h: 1lr: 0.00011838868929629905batch: 32encoder n layers: 2decoder layers: 2",2026-01-07T13:04:01
2024_cluster_0,Lavras,2025-12-31T00:00:00,0.0,1.3568338,,teste,V44,LSTM,"/media/marcos/Marcos/Codigos/Predicao_Cafe_Arabica/Teste_2_reuniao_16_dez_ajuste_seed/temp_models/trial_183
Modelo LSTM. Treino: 2012 a 2023. Validação: 2024. Teste: 2025.
Dataset: V44.
Obs: ajuste de seed

Hyperparams:
input_size: 11h: 1lr: 0.00011838868929629905batch: 32encoder n layers: 2decoder layers: 2",2026-01-07T13:04:01
2024_cluster_0,Luisburgo,2025-12-31T00:00:00,0.0,1.3922546,,teste,V44,LSTM,"/media/marcos/Marcos/Codigos/Predicao_Cafe_Arabica/Teste_2_reuniao_16_dez_ajuste_seed/temp_models/trial_183
Modelo LSTM. Treino: 2012 a 2023. Validação: 2024. Teste: 2025.
Dataset: V44.
Obs: ajuste de seed

Hyperparams:
input_size: 11h: 1lr: 0.00011838868929629905batch: 32encoder n layers: 2decoder layers: 2",2026-01-07T13:04:01
2024_cluster_0,Machado,2025-12-31T00:00:00,0.0,1.4533482,,teste,V44,LSTM,"/media/marcos/Marcos/Codigos/Predicao_Cafe_Arabica/Teste_2_reuniao_16_dez_ajuste_seed/temp_models/trial_183
Modelo LSTM. Treino: 2012 a 2023. Validação: 2024. Teste: 2025.
Dataset: V44.
Obs: ajuste de seed

Hyperparams:
input_size: 11h: 1lr: 0.00011838868929629905batch: 32encoder n layers: 2decoder layers: 2",2026-01-07T13:04:01
2024_cluster_0,Manhuacu,2025-12-31T00:00:00,0.0,1.2616066,,teste,V44,LSTM,"/media/marcos/Marcos/Codigos/Predicao_Cafe_Arabica/Teste_2_reuniao_16_dez_ajuste_seed/temp_models/trial_183
Modelo LSTM. Treino: 2012 a 2023. Validação: 2024. Teste: 2025.
Dataset: V44.
Obs: ajuste de seed

Hyperparams:
input_size: 11h: 1lr: 0.00011838868929629905batch: 32encoder n layers: 2decoder layers: 2",2026-01-07T13:04:01
2024_cluster_0,Manhumirim,2025-12-31T00:00:00,0.0,1.3350722,,teste,V44,LSTM,"/media/marcos/Marcos/Codigos/Predicao_Cafe_Arabica/Teste_2_reuniao_16_dez_ajuste_seed/temp_models/trial_183
Modelo LSTM. Treino: 2012 a 2023. Validação: 2024. Teste: 2025.
Dataset: V44.
Obs: ajuste de seed

Hyperparams:
input_size: 11h: 1lr: 0.00011838868929629905batch: 32encoder n layers: 2decoder layers: 2",2026-01-07T13:04:01
2024_cluster_0,Martins_Soares,2025-12-31T00:00:00,0.0,1.3240626,,teste,V44,LSTM,"/media/marcos/Marcos/Codigos/Predicao_Cafe_Arabica/Teste_2_reuniao_16_dez_ajuste_seed/temp_models/trial_183
Modelo LSTM. Treino: 2012 a 2023. Validação: 2024. Teste: 2025.
Dataset: V44.
Obs: ajuste de seed

Hyperparams:
input_size: 11h: 1lr: 0.00011838868929629905batch: 32encoder n layers: 2decoder layers: 2",2026-01-07T13:04:01
2024_cluster_0,Matipo,2025-12-31T00:00:00,0.0,1.2949476,,teste,V44,LSTM,"/media/marcos/Marcos/Codigos/Predicao_Cafe_Arabica/Teste_2_reuniao_16_dez_ajuste_seed/temp_models/trial_183
Modelo LSTM. Treino: 2012 a 2023. Validação: 2024. Teste: 2025.
Dataset: V44.
Obs: ajuste de seed

Hyperparams:
input_size: 11h: 1lr: 0.00011838868929629905batch: 32encoder n layers: 2decoder layers: 2",2026-01-07T13:04:01
2024_cluster_0,Medeiros,2025-12-31T00:00:00,0.0,1.6923968,,teste,V44,LSTM,"/media/marcos/Marcos/Codigos/Predicao_Cafe_Arabica/Teste_2_reuniao_16_dez_ajuste_seed/temp_models/trial_183
Modelo LSTM. Treino: 2012 a 2023. Validação: 2024. Teste: 2025.
Dataset: V44.
Obs: ajuste de seed

Hyperparams:
input_size: 11h: 1lr: 0.00011838868929629905batch: 32encoder n layers: 2decoder layers: 2",2026-01-07T13:04:01
2024_cluster_0,Miradouro,2025-12-31T00:00:00,0.0,1.1717097,,teste,V44,LSTM,"/media/marcos/Marcos/Codigos/Predicao_Cafe_Arabica/Teste_2_reuniao_16_dez_ajuste_seed/temp_models/trial_183
Modelo LSTM. Treino: 2012 a 2023. Validação: 2024. Teste: 2025.
Dataset: V44.
Obs: ajuste de seed

Hyperparams:
input_size: 11h: 1lr: 0.00011838868929629905batch: 32encoder n layers: 2decoder layers: 2",2026-01-07T13:04:01
2024_cluster_0,Mirai,2025-12-31T00:00:00,0.0,1.0708371,,teste,V44,LSTM,"/media/marcos/Marcos/Codigos/Predicao_Cafe_Arabica/Teste_2_reuniao_16_dez_ajuste_seed/temp_models/trial_183
Modelo LSTM. Treino: 2012 a 2023. Validação: 2024. Teste: 2025.
Dataset: V44.
Obs: ajuste de seed

Hyperparams:
input_size: 11h: 1lr: 0.00011838868929629905batch: 32encoder n layers: 2decoder layers: 2",2026-01-07T13:04:01
2024_cluster_0,Moeda,2025-12-31T00:00:00,0.0,1.0783807,,teste,V44,LSTM,"/media/marcos/Marcos/Codigos/Predicao_Cafe_Arabica/Teste_2_reuniao_16_dez_ajuste_seed/temp_models/trial_183
Modelo LSTM. Treino: 2012 a 2023. Validação: 2024. Teste: 2025.
Dataset: V44.
Obs: ajuste de seed

Hyperparams:
input_size: 11h: 1lr: 0.00011838868929629905batch: 32encoder n layers: 2decoder layers: 2",2026-01-07T13:04:01
2024_cluster_0,Muriae,2025-12-31T00:00:00,0.0,1.0378923,,teste,V44,LSTM,"/media/marcos/Marcos/Codigos/Predicao_Cafe_Arabica/Teste_2_reuniao_16_dez_ajuste_seed/temp_models/trial_183
Modelo LSTM. Treino: 2012 a 2023. Validação: 2024. Teste: 2025.
Dataset: V44.
Obs: ajuste de seed

Hyperparams:
input_size: 11h: 1lr: 0.00011838868929629905batch: 32encoder n layers: 2decoder layers: 2",2026-01-07T13:04:01
2024_cluster_0,Mutum,2025-12-31T00:00:00,0.0,1.2348654,,teste,V44,LSTM,"/media/marcos/Marcos/Codigos/Predicao_Cafe_Arabica/Teste_2_reuniao_16_dez_ajuste_seed/temp_models/trial_183
Modelo LSTM. Treino: 2012 a 2023. Validação: 2024. Teste: 2025.
Dataset: V44.
Obs: ajuste de seed

Hyperparams:
input_size: 11h: 1lr: 0.00011838868929629905batch: 32encoder n layers: 2decoder layers: 2",2026-01-07T13:04:01
2024_cluster_0,Nazareno,2025-12-31T00:00:00,0.0,1.54523,,teste,V44,LSTM,"/media/marcos/Marcos/Codigos/Predicao_Cafe_Arabica/Teste_2_reuniao_16_dez_ajuste_seed/temp_models/trial_183
Modelo LSTM. Treino: 2012 a 2023. Validação: 2024. Teste: 2025.
Dataset: V44.
Obs: ajuste de seed

Hyperparams:
input_size: 11h: 1lr: 0.00011838868929629905batch: 32encoder n layers: 2decoder layers: 2",2026-01-07T13:04:01
2024_cluster_0,Nepomuceno,2025-12-31T00:00:00,0.0,1.2907637,,teste,V44,LSTM,"/media/marcos/Marcos/Codigos/Predicao_Cafe_Arabica/Teste_2_reuniao_16_dez_ajuste_seed/temp_models/trial_183
Modelo LSTM. Treino: 2012 a 2023. Validação: 2024. Teste: 2025.
Dataset: V44.
Obs: ajuste de seed

Hyperparams:
input_size: 11h: 1lr: 0.00011838868929629905batch: 32encoder n layers: 2decoder layers: 2",2026-01-07T13:04:01
2024_cluster_0,Oliveira,2025-12-31T00:00:00,0.0,1.6271025,,teste,V44,LSTM,"/media/marcos/Marcos/Codigos/Predicao_Cafe_Arabica/Teste_2_reuniao_16_dez_ajuste_seed/temp_models/trial_183
Modelo LSTM. Treino: 2012 a 2023. Validação: 2024. Teste: 2025.
Dataset: V44.
Obs: ajuste de seed

Hyperparams:
input_size: 11h: 1lr: 0.00011838868929629905batch: 32encoder n layers: 2decoder layers: 2",2026-01-07T13:04:01
2024_cluster_0,Orizania,2025-12-31T00:00:00,0.0,1.3019135,,teste,V44,LSTM,"/media/marcos/Marcos/Codigos/Predicao_Cafe_Arabica/Teste_2_reuniao_16_dez_ajuste_seed/temp_models/trial_183
Modelo LSTM. Treino: 2012 a 2023. Validação: 2024. Teste: 2025.
Dataset: V44.
Obs: ajuste de seed

Hyperparams:
input_size: 11h: 1lr: 0.00011838868929629905batch: 32encoder n layers: 2decoder layers: 2",2026-01-07T13:04:01
2024_cluster_0,Paraguacu,2025-12-31T00:00:00,0.0,1.3051167,,teste,V44,LSTM,"/media/marcos/Marcos/Codigos/Predicao_Cafe_Arabica/Teste_2_reuniao_16_dez_ajuste_seed/temp_models/trial_183
Modelo LSTM. Treino: 2012 a 2023. Validação: 2024. Teste: 2025.
Dataset: V44.
Obs: ajuste de seed

Hyperparams:
input_size: 11h: 1lr: 0.00011838868929629905batch: 32encoder n layers: 2decoder layers: 2",2026-01-07T13:04:01
2024_cluster_0,Passa_Tempo,2025-12-31T00:00:00,0.0,1.456147,,teste,V44,LSTM,"/media/marcos/Marcos/Codigos/Predicao_Cafe_Arabica/Teste_2_reuniao_16_dez_ajuste_seed/temp_models/trial_183
Modelo LSTM. Treino: 2012 a 2023. Validação: 2024. Teste: 2025.
Dataset: V44.
Obs: ajuste de seed

Hyperparams:
input_size: 11h: 1lr: 0.00011838868929629905batch: 32encoder n layers: 2decoder layers: 2",2026-01-07T13:04:01
2024_cluster_0,Perdoes,2025-12-31T00:00:00,0.0,1.5231636,,teste,V44,LSTM,"/media/marcos/Marcos/Codigos/Predicao_Cafe_Arabica/Teste_2_reuniao_16_dez_ajuste_seed/temp_models/trial_183
Modelo LSTM. Treino: 2012 a 2023. Validação: 2024. Teste: 2025.
Dataset: V44.
Obs: ajuste de seed

Hyperparams:
input_size: 11h: 1lr: 0.00011838868929629905batch: 32encoder n layers: 2decoder layers: 2",2026-01-07T13:04:01
2024_cluster_0,Pimenta,2025-12-31T00:00:00,0.0,1.4388349,,teste,V44,LSTM,"/media/marcos/Marcos/Codigos/Predicao_Cafe_Arabica/Teste_2_reuniao_16_dez_ajuste_seed/temp_models/trial_183
Modelo LSTM. Treino: 2012 a 2023. Validação: 2024. Teste: 2025.
Dataset: V44.
Obs: ajuste de seed

Hyperparams:
input_size: 11h: 1lr: 0.00011838868929629905batch: 32encoder n layers: 2decoder layers: 2",2026-01-07T13:04:01
2024_cluster_0,Piranga,2025-12-31T00:00:00,0.0,1.8380022,,teste,V44,LSTM,"/media/marcos/Marcos/Codigos/Predicao_Cafe_Arabica/Teste_2_reuniao_16_dez_ajuste_seed/temp_models/trial_183
Modelo LSTM. Treino: 2012 a 2023. Validação: 2024. Teste: 2025.
Dataset: V44.
Obs: ajuste de seed

Hyperparams:
input_size: 11h: 1lr: 0.00011838868929629905batch: 32encoder n layers: 2decoder layers: 2",2026-01-07T13:04:01
2024_cluster_0,Piumhi,2025-12-31T00:00:00,0.0,1.3750196,,teste,V44,LSTM,"/media/marcos/Marcos/Codigos/Predicao_Cafe_Arabica/Teste_2_reuniao_16_dez_ajuste_seed/temp_models/trial_183
Modelo LSTM. Treino: 2012 a 2023. Validação: 2024. Teste: 2025.
Dataset: V44.
Obs: ajuste de seed

Hyperparams:
input_size: 11h: 1lr: 0.00011838868929629905batch: 32encoder n layers: 2decoder layers: 2",2026-01-07T13:04:01
2024_cluster_0,Ponte_Nova,2025-12-31T00:00:00,0.0,1.3708271,,teste,V44,LSTM,"/media/marcos/Marcos/Codigos/Predicao_Cafe_Arabica/Teste_2_reuniao_16_dez_ajuste_seed/temp_models/trial_183
Modelo LSTM. Treino: 2012 a 2023. Validação: 2024. Teste: 2025.
Dataset: V44.
Obs: ajuste de seed

Hyperparams:
input_size: 11h: 1lr: 0.00011838868929629905batch: 32encoder n layers: 2decoder layers: 2",2026-01-07T13:04:01
2024_cluster_0,Porto_Firme,2025-12-31T00:00:00,0.0,1.3096676,,teste,V44,LSTM,"/media/marcos/Marcos/Codigos/Predicao_Cafe_Arabica/Teste_2_reuniao_16_dez_ajuste_seed/temp_models/trial_183
Modelo LSTM. Treino: 2012 a 2023. Validação: 2024. Teste: 2025.
Dataset: V44.
Obs: ajuste de seed

Hyperparams:
input_size: 11h: 1lr: 0.00011838868929629905batch: 32encoder n layers: 2decoder layers: 2",2026-01-07T13:04:01
2024_cluster_0,Raul_Soares,2025-12-31T00:00:00,0.0,1.319875,,teste,V44,LSTM,"/media/marcos/Marcos/Codigos/Predicao_Cafe_Arabica/Teste_2_reuniao_16_dez_ajuste_seed/temp_models/trial_183
Modelo LSTM. Treino: 2012 a 2023. Validação: 2024. Teste: 2025.
Dataset: V44.
Obs: ajuste de seed

Hyperparams:
input_size: 11h: 1lr: 0.00011838868929629905batch: 32encoder n layers: 2decoder layers: 2",2026-01-07T13:04:01
2024_cluster_0,Reduto,2025-12-31T00:00:00,0.0,1.2132232,,teste,V44,LSTM,"/media/marcos/Marcos/Codigos/Predicao_Cafe_Arabica/Teste_2_reuniao_16_dez_ajuste_seed/temp_models/trial_183
Modelo LSTM. Treino: 2012 a 2023. Validação: 2024. Teste: 2025.
Dataset: V44.
Obs: ajuste de seed

Hyperparams:
input_size: 11h: 1lr: 0.00011838868929629905batch: 32encoder n layers: 2decoder layers: 2",2026-01-07T13:04:01
2024_cluster_0,Ribeirao_Vermelho,2025-12-31T00:00:00,0.0,1.4176497,,teste,V44,LSTM,"/media/marcos/Marcos/Codigos/Predicao_Cafe_Arabica/Teste_2_reuniao_16_dez_ajuste_seed/temp_models/trial_183
Modelo LSTM. Treino: 2012 a 2023. Validação: 2024. Teste: 2025.
Dataset: V44.
Obs: ajuste de seed

Hyperparams:
input_size: 11h: 1lr: 0.00011838868929629905batch: 32encoder n layers: 2decoder layers: 2",2026-01-07T13:04:01
2024_cluster_0,Ritapolis,2025-12-31T00:00:00,0.0,1.8170059,,teste,V44,LSTM,"/media/marcos/Marcos/Codigos/Predicao_Cafe_Arabica/Teste_2_reuniao_16_dez_ajuste_seed/temp_models/trial_183
Modelo LSTM. Treino: 2012 a 2023. Validação: 2024. Teste: 2025.
Dataset: V44.
Obs: ajuste de seed

Hyperparams:
input_size: 11h: 1lr: 0.00011838868929629905batch: 32encoder n layers: 2decoder layers: 2",2026-01-07T13:04:01
2024_cluster_0,Rosario_da_Limeira,2025-12-31T00:00:00,0.0,1.1459479,,teste,V44,LSTM,"/media/marcos/Marcos/Codigos/Predicao_Cafe_Arabica/Teste_2_reuniao_16_dez_ajuste_seed/temp_models/trial_183
Modelo LSTM. Treino: 2012 a 2023. Validação: 2024. Teste: 2025.
Dataset: V44.
Obs: ajuste de seed

Hyperparams:
input_size: 11h: 1lr: 0.00011838868929629905batch: 32encoder n layers: 2decoder layers: 2",2026-01-07T13:04:01
2024_cluster_0,Santa_Barbara_do_Leste,2025-12-31T00:00:00,0.0,1.2967061,,teste,V44,LSTM,"/media/marcos/Marcos/Codigos/Predicao_Cafe_Arabica/Teste_2_reuniao_16_dez_ajuste_seed/temp_models/trial_183
Modelo LSTM. Treino: 2012 a 2023. Validação: 2024. Teste: 2025.
Dataset: V44.
Obs: ajuste de seed

Hyperparams:
input_size: 11h: 1lr: 0.00011838868929629905batch: 32encoder n layers: 2decoder layers: 2",2026-01-07T13:04:01
2024_cluster_0,Santa_Margarida,2025-12-31T00:00:00,0.0,1.3118279,,teste,V44,LSTM,"/media/marcos/Marcos/Codigos/Predicao_Cafe_Arabica/Teste_2_reuniao_16_dez_ajuste_seed/temp_models/trial_183
Modelo LSTM. Treino: 2012 a 2023. Validação: 2024. Teste: 2025.
Dataset: V44.
Obs: ajuste de seed

Hyperparams:
input_size: 11h: 1lr: 0.00011838868929629905batch: 32encoder n layers: 2decoder layers: 2",2026-01-07T13:04:01
2024_cluster_0,Santa_Rita_de_Minas,2025-12-31T00:00:00,0.0,1.2333133,,teste,V44,LSTM,"/media/marcos/Marcos/Codigos/Predicao_Cafe_Arabica/Teste_2_reuniao_16_dez_ajuste_seed/temp_models/trial_183
Modelo LSTM. Treino: 2012 a 2023. Validação: 2024. Teste: 2025.
Dataset: V44.
Obs: ajuste de seed

Hyperparams:
input_size: 11h: 1lr: 0.00011838868929629905batch: 32encoder n layers: 2decoder layers: 2",2026-01-07T13:04:01
2024_cluster_0,Santa_Rita_do_Itueto,2025-12-31T00:00:00,0.0,1.2513224,,teste,V44,LSTM,"/media/marcos/Marcos/Codigos/Predicao_Cafe_Arabica/Teste_2_reuniao_16_dez_ajuste_seed/temp_models/trial_183
Modelo LSTM. Treino: 2012 a 2023. Validação: 2024. Teste: 2025.
Dataset: V44.
Obs: ajuste de seed

Hyperparams:
input_size: 11h: 1lr: 0.00011838868929629905batch: 32encoder n layers: 2decoder layers: 2",2026-01-07T13:04:01
2024_cluster_0,Santana_da_Vargem,2025-12-31T00:00:00,0.0,1.3450967,,teste,V44,LSTM,"/media/marcos/Marcos/Codigos/Predicao_Cafe_Arabica/Teste_2_reuniao_16_dez_ajuste_seed/temp_models/trial_183
Modelo LSTM. Treino: 2012 a 2023. Validação: 2024. Teste: 2025.
Dataset: V44.
Obs: ajuste de seed

Hyperparams:
input_size: 11h: 1lr: 0.00011838868929629905batch: 32encoder n layers: 2decoder layers: 2",2026-01-07T13:04:01
2024_cluster_0,Santana_do_Jacare,2025-12-31T00:00:00,0.0,1.2692267,,teste,V44,LSTM,"/media/marcos/Marcos/Codigos/Predicao_Cafe_Arabica/Teste_2_reuniao_16_dez_ajuste_seed/temp_models/trial_183
Modelo LSTM. Treino: 2012 a 2023. Validação: 2024. Teste: 2025.
Dataset: V44.
Obs: ajuste de seed

Hyperparams:
input_size: 11h: 1lr: 0.00011838868929629905batch: 32encoder n layers: 2decoder layers: 2",2026-01-07T13:04:01
2024_cluster_0,Santana_do_Manhuacu,2025-12-31T00:00:00,0.0,1.3697288,,teste,V44,LSTM,"/media/marcos/Marcos/Codigos/Predicao_Cafe_Arabica/Teste_2_reuniao_16_dez_ajuste_seed/temp_models/trial_183
Modelo LSTM. Treino: 2012 a 2023. Validação: 2024. Teste: 2025.
Dataset: V44.
Obs: ajuste de seed

Hyperparams:
input_size: 11h: 1lr: 0.00011838868929629905batch: 32encoder n layers: 2decoder layers: 2",2026-01-07T13:04:01
2024_cluster_0,Sao_Domingos_das_Dores,2025-12-31T00:00:00,0.0,1.3490694,,teste,V44,LSTM,"/media/marcos/Marcos/Codigos/Predicao_Cafe_Arabica/Teste_2_reuniao_16_dez_ajuste_seed/temp_models/trial_183
Modelo LSTM. Treino: 2012 a 2023. Validação: 2024. Teste: 2025.
Dataset: V44.
Obs: ajuste de seed

Hyperparams:
input_size: 11h: 1lr: 0.00011838868929629905batch: 32encoder n layers: 2decoder layers: 2",2026-01-07T13:04:01
2024_cluster_0,Sao_Francisco_de_Paula,2025-12-31T00:00:00,0.0,1.4486363,,teste,V44,LSTM,"/media/marcos/Marcos/Codigos/Predicao_Cafe_Arabica/Teste_2_reuniao_16_dez_ajuste_seed/temp_models/trial_183
Modelo LSTM. Treino: 2012 a 2023. Validação: 2024. Teste: 2025.
Dataset: V44.
Obs: ajuste de seed

Hyperparams:
input_size: 11h: 1lr: 0.00011838868929629905batch: 32encoder n layers: 2decoder layers: 2",2026-01-07T13:04:01
2024_cluster_0,Sao_Francisco_do_Gloria,2025-12-31T00:00:00,0.0,1.041145,,teste,V44,LSTM,"/media/marcos/Marcos/Codigos/Predicao_Cafe_Arabica/Teste_2_reuniao_16_dez_ajuste_seed/temp_models/trial_183
Modelo LSTM. Treino: 2012 a 2023. Validação: 2024. Teste: 2025.
Dataset: V44.
Obs: ajuste de seed

Hyperparams:
input_size: 11h: 1lr: 0.00011838868929629905batch: 32encoder n layers: 2decoder layers: 2",2026-01-07T13:04:01
2024_cluster_0,Sao_Joao_do_Manhuacu,2025-12-31T00:00:00,0.0,1.2003336,,teste,V44,LSTM,"/media/marcos/Marcos/Codigos/Predicao_Cafe_Arabica/Teste_2_reuniao_16_dez_ajuste_seed/temp_models/trial_183
Modelo LSTM. Treino: 2012 a 2023. Validação: 2024. Teste: 2025.
Dataset: V44.
Obs: ajuste de seed

Hyperparams:
input_size: 11h: 1lr: 0.00011838868929629905batch: 32encoder n layers: 2decoder layers: 2",2026-01-07T13:04:01
2024_cluster_0,Sao_Jose_do_Mantimento,2025-12-31T00:00:00,0.0,1.5465665,,teste,V44,LSTM,"/media/marcos/Marcos/Codigos/Predicao_Cafe_Arabica/Teste_2_reuniao_16_dez_ajuste_seed/temp_models/trial_183
Modelo LSTM. Treino: 2012 a 2023. Validação: 2024. Teste: 2025.
Dataset: V44.
Obs: ajuste de seed

Hyperparams:
input_size: 11h: 1lr: 0.00011838868929629905batch: 32encoder n layers: 2decoder layers: 2",2026-01-07T13:04:01
2024_cluster_0,Sao_Roque_de_Minas,2025-12-31T00:00:00,0.0,1.4778688,,teste,V44,LSTM,"/media/marcos/Marcos/Codigos/Predicao_Cafe_Arabica/Teste_2_reuniao_16_dez_ajuste_seed/temp_models/trial_183
Modelo LSTM. Treino: 2012 a 2023. Validação: 2024. Teste: 2025.
Dataset: V44.
Obs: ajuste de seed

Hyperparams:
input_size: 11h: 1lr: 0.00011838868929629905batch: 32encoder n layers: 2decoder layers: 2",2026-01-07T13:04:01
2024_cluster_0,Sao_Tiago,2025-12-31T00:00:00,0.0,1.6499559,,teste,V44,LSTM,"/media/marcos/Marcos/Codigos/Predicao_Cafe_Arabica/Teste_2_reuniao_16_dez_ajuste_seed/temp_models/trial_183
Modelo LSTM. Treino: 2012 a 2023. Validação: 2024. Teste: 2025.
Dataset: V44.
Obs: ajuste de seed

Hyperparams:
input_size: 11h: 1lr: 0.00011838868929629905batch: 32encoder n layers: 2decoder layers: 2",2026-01-07T13:04:01
2024_cluster_0,Sao_Tomas_de_Aquino,2025-12-31T00:00:00,0.0,1.4210012,,teste,V44,LSTM,"/media/marcos/Marcos/Codigos/Predicao_Cafe_Arabica/Teste_2_reuniao_16_dez_ajuste_seed/temp_models/trial_183
Modelo LSTM. Treino: 2012 a 2023. Validação: 2024. Teste: 2025.
Dataset: V44.
Obs: ajuste de seed

Hyperparams:
input_size: 11h: 1lr: 0.00011838868929629905batch: 32encoder n layers: 2decoder layers: 2",2026-01-07T13:04:01
2024_cluster_0,Senador_Firmino,2025-12-31T00:00:00,0.0,1.4868896,,teste,V44,LSTM,"/media/marcos/Marcos/Codigos/Predicao_Cafe_Arabica/Teste_2_reuniao_16_dez_ajuste_seed/temp_models/trial_183
Modelo LSTM. Treino: 2012 a 2023. Validação: 2024. Teste: 2025.
Dataset: V44.
Obs: ajuste de seed

Hyperparams:
input_size: 11h: 1lr: 0.00011838868929629905batch: 32encoder n layers: 2decoder layers: 2",2026-01-07T13:04:01
2024_cluster_0,Senhora_de_Oliveira,2025-12-31T00:00:00,0.0,1.4196755,,teste,V44,LSTM,"/media/marcos/Marcos/Codigos/Predicao_Cafe_Arabica/Teste_2_reuniao_16_dez_ajuste_seed/temp_models/trial_183
Modelo LSTM. Treino: 2012 a 2023. Validação: 2024. Teste: 2025.
Dataset: V44.
Obs: ajuste de seed

Hyperparams:
input_size: 11h: 1lr: 0.00011838868929629905batch: 32encoder n layers: 2decoder layers: 2",2026-01-07T13:04:01
2024_cluster_0,Sericita,2025-12-31T00:00:00,0.0,1.374391,,teste,V44,LSTM,"/media/marcos/Marcos/Codigos/Predicao_Cafe_Arabica/Teste_2_reuniao_16_dez_ajuste_seed/temp_models/trial_183
Modelo LSTM. Treino: 2012 a 2023. Validação: 2024. Teste: 2025.
Dataset: V44.
Obs: ajuste de seed

Hyperparams:
input_size: 11h: 1lr: 0.00011838868929629905batch: 32encoder n layers: 2decoder layers: 2",2026-01-07T13:04:01
2024_cluster_0,Simonesia,2025-12-31T00:00:00,0.0,1.5113548,,teste,V44,LSTM,"/media/marcos/Marcos/Codigos/Predicao_Cafe_Arabica/Teste_2_reuniao_16_dez_ajuste_seed/temp_models/trial_183
Modelo LSTM. Treino: 2012 a 2023. Validação: 2024. Teste: 2025.
Dataset: V44.
Obs: ajuste de seed

Hyperparams:
input_size: 11h: 1lr: 0.00011838868929629905batch: 32encoder n layers: 2decoder layers: 2",2026-01-07T13:04:01
2024_cluster_0,Tapirai,2025-12-31T00:00:00,0.0,1.5424817,,teste,V44,LSTM,"/media/marcos/Marcos/Codigos/Predicao_Cafe_Arabica/Teste_2_reuniao_16_dez_ajuste_seed/temp_models/trial_183
Modelo LSTM. Treino: 2012 a 2023. Validação: 2024. Teste: 2025.
Dataset: V44.
Obs: ajuste de seed

Hyperparams:
input_size: 11h: 1lr: 0.00011838868929629905batch: 32encoder n layers: 2decoder layers: 2",2026-01-07T13:04:01
2024_cluster_0,Tombos,2025-12-31T00:00:00,0.0,1.1624782,,teste,V44,LSTM,"/media/marcos/Marcos/Codigos/Predicao_Cafe_Arabica/Teste_2_reuniao_16_dez_ajuste_seed/temp_models/trial_183
Modelo LSTM. Treino: 2012 a 2023. Validação: 2024. Teste: 2025.
Dataset: V44.
Obs: ajuste de seed

Hyperparams:
input_size: 11h: 1lr: 0.00011838868929629905batch: 32encoder n layers: 2decoder layers: 2",2026-01-07T13:04:01
2024_cluster_0,Tres_Pontas,2025-12-31T00:00:00,0.0,1.4196862,,teste,V44,LSTM,"/media/marcos/Marcos/Codigos/Predicao_Cafe_Arabica/Teste_2_reuniao_16_dez_ajuste_seed/temp_models/trial_183
Modelo LSTM. Treino: 2012 a 2023. Validação: 2024. Teste: 2025.
Dataset: V44.
Obs: ajuste de seed

Hyperparams:
input_size: 11h: 1lr: 0.00011838868929629905batch: 32encoder n layers: 2decoder layers: 2",2026-01-07T13:04:01
2024_cluster_0,Ubaporanga,2025-12-31T00:00:00,0.0,1.4243993,,teste,V44,LSTM,"/media/marcos/Marcos/Codigos/Predicao_Cafe_Arabica/Teste_2_reuniao_16_dez_ajuste_seed/temp_models/trial_183
Modelo LSTM. Treino: 2012 a 2023. Validação: 2024. Teste: 2025.
Dataset: V44.
Obs: ajuste de seed

Hyperparams:
input_size: 11h: 1lr: 0.00011838868929629905batch: 32encoder n layers: 2decoder layers: 2",2026-01-07T13:04:01
2024_cluster_0,Vargem_Bonita,2025-12-31T00:00:00,0.0,1.4892986,,teste,V44,LSTM,"/media/marcos/Marcos/Codigos/Predicao_Cafe_Arabica/Teste_2_reuniao_16_dez_ajuste_seed/temp_models/trial_183
Modelo LSTM. Treino: 2012 a 2023. Validação: 2024. Teste: 2025.
Dataset: V44.
Obs: ajuste de seed

Hyperparams:
input_size: 11h: 1lr: 0.00011838868929629905batch: 32encoder n layers: 2decoder layers: 2",2026-01-07T13:04:01
2024_cluster_0,Vermelho_Novo,2025-12-31T00:00:00,0.0,1.3454505,,teste,V44,LSTM,"/media/marcos/Marcos/Codigos/Predicao_Cafe_Arabica/Teste_2_reuniao_16_dez_ajuste_seed/temp_models/trial_183
Modelo LSTM. Treino: 2012 a 2023. Validação: 2024. Teste: 2025.
Dataset: V44.
Obs: ajuste de seed

Hyperparams:
input_size: 11h: 1lr: 0.00011838868929629905batch: 32encoder n layers: 2decoder layers: 2",2026-01-07T13:04:01
2024_cluster_0,Vicosa,2025-12-31T00:00:00,0.0,1.206759,,teste,V44,LSTM,"/media/marcos/Marcos/Codigos/Predicao_Cafe_Arabica/Teste_2_reuniao_16_dez_ajuste_seed/temp_models/trial_183
Modelo LSTM. Treino: 2012 a 2023. Validação: 2024. Teste: 2025.
Dataset: V44.
Obs: ajuste de seed

Hyperparams:
input_size: 11h: 1lr: 0.00011838868929629905batch: 32encoder n layers: 2decoder layers: 2",2026-01-07T13:04:01
2024_cluster_0,Vieiras,2025-12-31T00:00:00,0.0,1.2442904,,teste,V44,LSTM,"/media/marcos/Marcos/Codigos/Predicao_Cafe_Arabica/Teste_2_reuniao_16_dez_ajuste_seed/temp_models/trial_183
Modelo LSTM. Treino: 2012 a 2023. Validação: 2024. Teste: 2025.
Dataset: V44.
Obs: ajuste de seed

Hyperparams:
input_size: 11h: 1lr: 0.00011838868929629905batch: 32encoder n layers: 2decoder layers: 2",2026-01-07T13:04:01
